-15.456
-6.58
-6.848
-12.591
-15.753
-12.014
-3.898
3.339
7.335
9.588
11.955
13.849
13.37
10.208
6.314
3.686
2.394
1.229
-0.236
-1.035
-0.241
1.714
3.638
5.142
7.039
10.131
14.135
18.159
21.936
26.074
31.028
36.296
40.929
44.612
47.811
50.847
53.246
54.268
53.851
52.652
51.158
49.142
46.207
42.62
39.223
36.518
34.198
31.759
29.308
27.436
26.34
25.471
24.251
22.861
22.004
21.934
22.104
21.92
21.52
21.436
21.58
20.985
18.749
14.926
10.158
4.591
-2.357
-10.946
-20.219
-28.576
-35.148
-40.144
-43.727
-45.066
-43.057
-37.884
-31.279
-24.993
-19.47
-14.522
-11.07
-11.361
-17.065
-27.66
-41.403
-57.74
-77.815
-102.144
-128.497
-153.191
-174.497
-193.609
-211.382
-224.858
-228.699
-220.747
-210.603
-199.397
-179.305
-151.396
-124.057
-104.048
-90.6
-78.229
-67.856
-67.39
-76.758
-86.264
-89.689
-91.8
-94.641
-92.569
-82.94
-68.364
-50.777
-30.534
-8.949
11.595
31.884
51.537
66.575
73.347
71.76
65.024
55.679
38.339
11.085
-17.896
-40.374
-58.573
-80.485
-102.979
-113.807
-116.034
-120.864
-125.607
-122.097
-111.114
-96.122
-77.843
-55.229
-27.848
1.782
29.36
53.249
73.224
90.408
103.796
111.836
120.279
135.398
152.562
166.831
185.131
213.207
239.924
253.935
259.577
265.641
267.284
252.679
224.498
197.486
176.696
153.721
123.528
96.793
81.975
71.14
57.007
44.126
37.499
35.489
36.447
41.4
48.038
55.665
66.732
80.455
90.638
92.737
90.785
90.77
88.612
78.066
62.75
50.651
40.765
26.097
2.563
-25.393
-52.626
-84.664
-126.361
-168.325
-200.767
-224.39
-242.118
-248.112
-238.231
-218.902
-195.043
-165.095
-133.094
-100.058
-61.787
-20.074
22.569
68.504
117.286
162.845
196.211
211.248
206.242
180.552
131.622
60.687
-23.295
-108.779
-188.42
-257.508
-312.877
-352.031
-372.603
-373.944
-360.396
-339.367
-311.524
-269.476
-216.097
-163.863
-116.553
-68.537
-18.576
27.196
61.633
87.65
115.157
145.934
173.938
198.31
223.081
250.632
280.299
308.5
331.45
351.389
372.291
394.439
413.635
424.629
426.774
422.246
407.63
375.099
320.206
246.658
163.386
77.598
-10.447
-97.541
-167.804
-207.899
-221.861
-216.784
-192.303
-146.552
-84.525
-18.801
40.417
92.208
138.031
175.22
198.722
208.407
209.887
208.259
204.332
197.975
189.876
181.947
176.42
172.461
165.016
152.078
135.653
117.083
94.937
67.057
33.394
-1.54
-35.09
-70.342
-108.485
-143.428
-172.496
-198.664
-221.208
-236.468
-246.336
-254.099
-259.788
-264.142
-271.948
-284.828
-300.264
-317.926
-338.167
-355.46
-363.186
-359.197
-342.459
-308.263
-256.265
-194.305
-128.405
-61.015
1.188
48.439
75.946
87.914
87.145
70.503
39.708
7.842
-15.714
-35.974
-56.624
-66.067
-59.472
-49.595
-44.724
-39.139
-29.433
-21.72
-21.868
-25.313
-25.828
-25.205
-26.94
-30.045
-32.687
-34.62
-36.778
-35.315
-25.407
-7.604
19.451
61.003
113.777
170.042
225.083
273.238
306.711
320.895
312.395
280.789
230.193
167.496
102.121
44.56
0.769
-26.06
-30.974
-9.705
31.355
77.829
122.882
168.919
211.705
238.995
246.42
243.938
239.832
231.514
217.697
205.12
197.82
194.445
194.125
194.469
187.849
173.441
158.365
143.521
121.748
93.625
71.022
61.447
60.03
61.182
65.401
75.457
89.636
98.758
92.62
70.542
37.913
-3.572
-57.223
-122.629
-190.628
-250.295
-298.893
-339.473
-373.277
-397.166
-410.431
-418.033
-425.657
-435.728
-447.709
-459.543
-471.475
-484.647
-498.761
-512.659
-522.676
-523.075
-513.646
-496.762
-467.096
-415.457
-343.25
-258.495
-164.81
-64.249
36.725
129.629
206.727
264.271
303.656
327.988
340.153
345.981
350.785
358.204
371.545
392.542
418.797
444.481
462.353
468.186
460.022
435.198
389.388
322.063
241.136
159.859
84.108
11.08
-55.511
-103.523
-132.28
-154.181
-179.13
-206.288
-232.141
-259.961
-294.739
-330.775
-357.28
-369.208
-366.599
-349.058
-319.117
-282.912
-246.635
-214.709
-191.259
-180.385
-182.833
-192.201
-200.971
-205.104
-204.552
-199.941
-188.646
-167.446
-139.4
-112.469
-90.668
-69.221
-41.934
-9.803
19.95
44.005
66.624
93.462
120.345
132.968
122.509
102.972
97.964
97.006
74.771
54.832
75.553
120.738
159.175
197.558
250.829
309.626
355.089
380.701
390.006
389.779
385.441
377.505
363.902
349.932
345.779
353.24
363.815
370.507
371.262
365.754
351.749
324.481
280.491
224.049
164.176
107.837
57.513
15.159
-15.464
-30.149
-28.795
-15.773
3.584
26.152
50.079
73.934
95.628
112.43
120.886
120.52
113.628
101.461
80.907
48.133
3.844
-45.61
-95.378
-146.908
-204.127
-265.202
-321.199
-365.83
-404.055
-446.269
-495.665
-539.695
-559.065
-546.675
-612.813
-594.658
-598.544
-519.232
-517.092
-482.666
-424.243
-365.848
-328.062
-311.961
-304.893
-300.454
-306.544
-329.748
-362.58
-391.803
-411.379
-423.167
-432.02
-437.843
-434.387
-418.817
-398.353
-381.415
-368.082
-353.272
-337.365
-325.825
-321.229
-320.228
-318.566
-313.484
-305.178
-295.425
-284.199
-269.467
-252.327
-236.387
-225.227
-220.797
-222.292
-225.965
-229.796
-235.019
-241.423
-242.401
-231.149
-209.286
-182.007
-146.485
-98.001
-39.018
24.356
88.937
153.888
217.342
274.772
322.034
357.082
380.136
391.439
392.022
383.981
370.663
355.562
342.133
332.702
329.188
332.338
341.138
352.877
366.036
379.9
392.827
402.625
408.891
413.511
419.618
427.33
434.975
442.333
450.346
457.781
461.153
456.59
442.715
420.914
392.441
356.113
312.642
265.92
220.071
176.816
137.232
103.137
76.525
58.373
49.288
48.123
53.075
62.432
73.917
84.822
94.012
99.491
98.85
92.686
85.621
79.839
74.606
70.097
70.098
76.598
85.691
91.486
92.024
87.16
74.381
49.992
14.505
-28.497
-74.384
-118.476
-157.065
-187.459
-206.611
-213.361
-209.154
-197.831
-183.395
-168.68
-155.3
-145.753
-141.941
-142.917
-146.833
-154.272
-166.14
-181.057
-195.502
-209.655
-225.024
-237.332
-239.044
-228.527
-208.548
-178.939
-137.355
-86.664
-33.808
14.919
56.618
91.098
119.316
141.37
158.256
173.66
192.655
218.271
250.273
283.848
315.562
345.79
373.233
390.85
392.687
379.438
355.41
322.337
279.638
227.635
170.954
116.204
66.726
20.414
-23.894
-62.339
-90.784
-109.215
-119.682
-123.983
-121.253
-108.692
-86.885
-61.85
-37.61
-13.014
13.598
40.247
63.901
82.849
98.477
113.169
126.998
137.175
141.841
141.891
139.524
135.969
130.726
121.237
107.889
95.029
86.557
80.776
73.429
63.601
54.986
48.946
40.539
21.429
-13.223
-60.33
-112.453
-169.667
-241.145
-330.01
-417.529
-474.208
-488.026
-571.206
-564.288
-570.311
-485.751
-474.863
-431.199
-366.664
-303.434
-256.313
-224.227
-197.035
-168.623
-142.941
-126.672
-119.025
-111.85
-100.698
-89.571
-83.372
-80.915
-77.813
-70.856
-61.869
-55.396
-52.797
-51.024
-48.26
-46.659
-49.929
-57.434
-64.733
-67.882
-67.44
-65.151
-59.657
-48.057
-31.56
-13.775
2.954
18.147
30.555
38.117
40.266
39.247
36.036
29.573
20.761
13.927
11.386
12.657
15.786
21.154
31.84
49.793
71.627
92.747
113.307
137.088
165.521
195.604
223.646
250.756
281.974
323.424
376.535
432.73
477.661
505.524
618.39
640.992
664.517
681.965
686.831
681.523
674.745
575.835
565.42
535.843
489.609
442.378
407.946
384.768
359.389
323.138
278.348
231.177
183.144
130.89
72.436
13.021
-39.382
-80.182
-109.685
-130.173
-142.924
-146.353
-138.644
-123.186
-108.475
-98.679
-90.855
-81.917
-74.669
-74.063
-80.954
-89.794
-94.921
-97.09
-101.512
-108.471
-110.444
-102.419
-89.928
-79.057
-68.965
-56.118
-41.998
-33.005
-34.256
-44.995
-61.827
-82.597
-108.23
-138.63
-169.112
-193.987
-211.987
-223.495
-228.729
-228.398
-222.429
-209.168
-189.589
-167.305
-144.656
-120.37
-93.016
-65.206
-43.177
-29.478
-21.529
-17.073
-18.377
-27.345
-41.121
-54.091
-62.346
-66.06
-68.039
-68.153
-63.832
-55.964
-50.009
-49.23
-52.501
-57.538
-63.255
-68.844
-73.468
-74.863
-70.682
-60.112
-44.7
-26.868
-8.669
9.649
27.9
44.943
58.628
68.366
75.635
82.81
89.671
94.562
96.946
98.687
101.605
104.856
105.962
104.576
102.815
103.098
105.132
107.03
108.717
112.862
120.212
128.901
136.422
142.323
147.479
152.855
157.61
160.43
160.21
156.81
151.054
143.295
130.279
109.031
82.436
56.553
31.451
3.47
-25.552
-49.282
-66.614
-81.189
-95.829
-110.064
-122.822
-134.474
-147.793
-164.472
-183.45
-202.209
-219.067
-233.389
-245.438
-253.935
-255.7
-248.403
-234.152
-216.821
-197.193
-173.581
-147.804
-124.611
-106.477
-91.968
-80.063
-71.555
-67.717
-68.27
-72.266
-78.263
-85.01
-91.987
-99.51
-106.164
-109.752
-109.474
-107.168
-104.815
-103.12
-102.417
-103.883
-109.319
-121.159
-138.595
-158.647
-179.752
-201.856
-222.969
-238.874
-246.543
-245.664
-235.863
-217.162
-190.815
-158.563
-122.654
-86.205
-51.227
-19.847
6.394
27.858
45.247
57.267
63.39
65.769
66.712
65.852
62.423
57.093
52.259
49.417
47.606
44.828
41.498
39.206
37.754
34.171
27.563
19.837
12.72
6.014
-0.499
-5.885
-8.268
-6.832
-1.979
5.037
13.813
24.405
36.165
47.321
56.6
63.687
68.92
71.838
72.192
70.088
66.136
60.6
53.226
43.465
31.761
18.432
3.423
-13.121
-30.398
-47.418
-62.937
-77.394
-91.316
-103.66
-113.254
-121.474
-129.915
-138.052
-143.857
-148.242
-152.654
-156.847
-159.013
-158.507
-155.935
-151.937
-144.748
-133.087
-117.684
-99.509
-78.342
-54.388
-28.605
-2.579
22.881
47.431
71.353
94.044
115.095
135.438
156.451
177.739
199.209
221.366
244.827
269.449
294.831
319.743
343.376
364.971
383.454
397.033
403.991
403.121
395.174
381.313
361.696
336.244
307.24
278.326
251.703
226.528
203.105
184.038
171.399
163.709
158.854
156.468
157.459
161.179
165.715
168.838
170.323
171.08
171.44
170.034
166.095
160.405
154.753
149.783
144.725
138.751
133.138
129.003
125.875
122.272
118.039
113.735
109.894
106.266
102.858
99.66
96.655
93.635
90.8
87.466
82.274
74.02
63.417
51.521
38.311
22.341
3.903
-14.597
-31.58
-48.992
-68.609
-89.483
-109.915
-130.716
-153.997
-180.456
-208.282
-235.728
-262.671
-289.556
-315.042
-337.1
-353.636
-364.284
-369.886
-370.119
-363.093
-349.306
-330.613
-308.3
-282.988
-256.353
-229.786
-204.699
-182.585
-164.655
-150.458
-139.681
-132.082
-127.257
-123.849
-121.155
-118.003
-113.609
-108.019
-101.6
-94.495
-87.324
-80.612
-75.333
-72.269
-71.791
-73.418
-76.127
-79.061
-82.155
-84.722
-85.067
-81.708
-75.337
-66.471
-54.826
-39.708
-21.355
-0.681
20.995
43.624
68.062
94.433
121.913
150.799
182.085
216.951
255.264
295.734
336.412
375.636
410.999
439.549
457.956
464.137
457.052
437.021
405.343
363.907
314.178
258.719
201.132
144.611
90.475
39.92
-5.619
-43.885
-73.506
-95.066
-110.316
-118.975
-119.973
-114.113
-105.031
-94.82
-82.909
-69.088
-56.366
-47.104
-40.824
-36.57
-35.151
-36.846
-41.759
-49.507
-59.096
-69.531
-81.013
-93.415
-105.778
-116.817
-125.916
-133.107
-138.743
-142.201
-143.509
-143.143
-142.134
-141.19
-140.887
-141.572
-143.634
-147.226
-152.787
-160.064
-168.711
-178.371
-189.414
-202.393
-217.821
-235.739
-256.668
-281.208
-309.614
-340.089
-371.263
-401.484
-428.317
-449.334
-463.022
-468.043
-464.282
-452.307
-433.368
-408.546
-379.287
-346.815
-312.39
-276.294
-238.528
-199.739
-161.529
-124.28
-88.207
-54.392
-25.245
-1.68
17.549
33.265
44.863
52.821
59.477
67.269
76.075
85.075
94.655
105.281
115.696
124.597
131.178
135.354
137.193
137.189
135.827
134.03
132.213
130.707
129.897
130.545
131.487
131.27
129.873
128.53
126.734
123.252
118.112
113.127
109.075
105.255
100.929
96.971
94.099
92.438
91.678
91.913
93.19
95.971
100.548
106.662
112.901
118.439
123.168
127.094
128.95
127.087
120.553
110.627
98.219
82.536
62.389
39.346
16.21
-6.059
-28.431
-50.694
-70.711
-86.187
-97.715
-106.919
-113.734
-116.48
-115.469
-112.631
-109.956
-107.421
-104.719
-102.544
-102.477
-104.722
-108.374
-112.084
-115.385
-118.101
-120.08
-120.023
-116.973
-111.159
-104.041
-95.656
-85.181
-73.068
-60.81
-48.771
-36.922
-25.092
-14.108
-4.462
3.928
11.783
19.045
25.761
32.216
39.091
46.518
54.334
62.154
70.412
79.156
87.855
95.761
103.623
111.759
119.576
126.34
132.421
138.151
143.319
146.917
148.857
149.78
150.538
150.574
149.831
148.949
149.044
149.939
151.053
152.047
153.292
155.052
157.23
159.249
161.324
163.899
167.72
172.26
176.66
180.416
183.73
186.41
187.825
187.063
184.239
180.256
176.056
171.282
165.381
158.601
152.233
146.647
140.424
132.263
123.525
115.789
108.944
101.915
95.747
92.718
93.947
98.585
105.789
115.072
126.317
137.774
146.974
151.449
150.467
143.88
131.936
114.728
93.244
69.14
44.553
20.7
-1.97
-24.141
-45.799
-66.134
-84.841
-102.945
-120.724
-136.875
-149.97
-160.121
-168.037
-174.197
-178.204
-180.297
-181.228
-181.854
-182.372
-182.373
-181.15
-179.086
-176.382
-173.011
-168.955
-164.464
-159.623
-154.943
-150.998
-147.761
-144.43
-140.974
-137.455
-134.069
-130.392
-126.063
-120.905
-115.906
-111.766
-108.452
-105.715
-103.923
-103.435
-104.536
-106.545
-108.398
-109.363
-110.043
-110.367
-109.392
-106.465
-102.749
-98.964
-95.294
-91.437
-87.705
-84.158
-80.559
-76.118
-70.318
-62.229
-51.091
-36.885
-20.326
-1.655
18.857
40.058
60.306
78.56
94.322
107.432
117.384
123.937
126.453
125.149
120.591
113.242
102.669
89.193
74.158
59.376
45.533
32.893
22.048
14.401
10.475
9.932
11.705
15.582
21.692
29.54
37.638
45.198
51.917
57.898
62.536
65.528
66.897
66.939
65.606
62.98
59.065
54.004
47.235
39.053
30.02
20.822
11.345
2.028
-5.987
-11.703
-14.933
-15.811
-14.637
-10.84
-4.761
2.671
10.553
18.547
26.145
33.298
39.4
43.737
46.137
47.109
46.626
44.252
39.865
34.087
27.51
20.288
12.345
4.581
-2.533
-8.94
-14.57
-18.713
-21.518
-23.433
-24.514
-24.379
-23.325
-21.953
-20.758
-19.427
-17.944
-16.693
-16.28
-16.616
-17.285
-17.946
-19.427
-21.611
-23.498
-24.799
-26.28
-27.403
-27.284
-25.838
-23.709
-20.629
-16.061
-10.049
-3.773
2.313
8.62
15.106
20.711
25.057
28.377
31.247
33.375
34.53
34.461
33.733
32.495
30.581
27.48
23.326
18.505
13.339
7.515
0.886
-6.229
-13.004
-19.553
-26.01
-32.038
-36.637
-39.718
-41.262
-40.929
-38.165
-33.212
-26.389
-18.171
-9.022
0.379
9.181
16.377
21.608
24.572
25.317
23.504
19.395
13.492
6.478
-1.647
-10.517
-19.513
-27.931
-35.633
-41.938
-46.331
-48.698
-49.257
-47.678
-44.118
-39.511
-34.67
-29.452
-24.22
-19.5
-15.557
-12.251
-9.444
-6.987
-4.94
-3.321
-2.216
-1.405
-0.873
-0.354
0.236
0.84
1.671
3.527
6.25
9.436
12.907
17.075
21.856
26.917
31.741
36.572
41.646
46.93
52.12
57.129
61.806
65.988
69.412
72.165
73.49
73.232
71.94
70.175
67.582
64.257
60.796
58.019
55.846
53.988
52.631
52.341
52.82
53.705
54.925
56.674
58.649
60.55
62.117
63.712
65.079
65.777
65.365
63.931
61.723
58.536
53.411
46.515
39.124
31.543
22.887
13.303
4.04
-4.087
-11.496
-18.476
-24.614
-28.939
-31.492
-32.736
-33.272
-32.846
-31.302
-29.011
-26.717
-24.562
-22.5
-20.25
-17.999
-15.99
-14.319
-12.699
-11.119
-9.509
-8.03
-6.73
-5.951
-5.507
-5.666
-6.832
-9.761
-14.695
-21.249
-29.185
-38.79
-49.729
-61.075
-71.75
-81.399
-89.714
-96.294
-100.588
-102.498
-102.216
-100.186
-96.696
-92.142
-87.02
-81.747
-76.678
-72.547
-69.301
-66.702
-64.568
-62.983
-61.536
-59.814
-57.367
-54.191
-50.247
-45.772
-40.761
-35.457
-30.012
-24.805
-20.032
-16.027
-12.809
-10.387
-8.657
-8.157
-8.8
-9.976
-11.292
-13.05
-15.219
-17.296
-18.53
-19.262
-19.616
-19.393
-18.369
-16.8
-14.58
-11.972
-9.1
-5.924
-2.421
1.34
5.402
9.165
12.503
15.54
18.215
19.757
19.612
18.019
15.556
11.68
5.935
-1.303
-9.146
-17.582
-26.643
-36.172
-45.552
-54.128
-61.63
-68.336
-73.656
-77.065
-78.491
-78.223
-76.129
-72.52
-67.719
-62.113
-55.81
-49.346
-43.037
-37.066
-31.007
-24.861
-19.436
-14.872
-10.646
-6.954
-4.468
-3.677
-3.841
-4.47
-5.557
-7.306
-9.078
-10.185
-10.334
-10.079
-9.429
-8.222
-6.346
-4.266
-2.173
-0.203
1.506
2.998
4.51
5.617
6.132
6.472
7.318
8.549
9.798
11.242
13.888
17.367
21.086
24.977
29.546
34.584
39.676
44.842
50.461
56.436
62.566
68.886
75.503
81.936
87.805
92.839
96.887
99.632
100.878
100.454
99.032
97.01
94.543
91.956
89.774
88.123
86.733
85.273
83.771
81.554
78.366
74.162
69.012
62.964
56.215
48.772
41.31
34.086
27.161
20.413
14.22
8.979
4.544
0.664
-2.349
-4.947
-7.134
-8.944
-10.665
-13.011
-15.865
-18.932
-22.159
-25.832
-30.009
-34.531
-38.554
-42.249
-46.184
-50.346
-54.201
-57.645
-60.869
-64.431
-68.252
-71.977
-75.202
-78.495
-82.231
-86.233
-90.001
-93.501
-97.326
-101.72
-105.992
-109.549
-112.275
-114.437
-115.572
-114.93
-112.435
-108.67
-103.885
-98.146
-91.807
-85.473
-79.261
-73.317
-67.629
-62.147
-56.624
-50.904
-44.718
-38.23
-31.498
-24.513
-17.172
-9.817
-2.65
4.355
11.385
18.381
25.396
32.435
39.48
46.294
53.098
59.859
66.239
71.849
76.942
82.009
87.135
91.59
95.59
99.987
104.84
109.337
113.103
116.647
119.966
122.483
123.99
124.471
124.356
123.642
122.457
120.865
119.096
117.304
115.713
114.25
113.032
111.999
111.227
110.659
110.499
110.53
110.568
110.489
110.477
110.386
110.05
109.285
108.202
106.87
105.359
103.497
101.143
98.399
95.311
91.717
87.418
82.283
76.3
69.477
61.863
53.432
44.488
35.096
25.658
16.562
7.966
-0.177
-7.662
-14.333
-20.202
-25.575
-30.346
-34.495
-37.982
-40.862
-42.954
-43.989
-44.296
-44.019
-42.64
-40.248
-37.379
-34.306
-30.84
-26.986
-23.176
-20.024
-17.557
-15.64
-14.382
-14.089
-14.561
-15.631
-17.022
-18.411
-19.392
-20.083
-20.579
-20.366
-19.208
-17.738
-16.363
-14.916
-13.22
-11.51
-10.118
-8.821
-7.305
-5.488
-3.33
-0.809
2.142
5.37
8.824
12.53
16.365
19.831
22.894
25.588
27.977
29.692
30.459
30.565
30.168
29.338
27.984
26.095
24.161
22.457
21.055
19.707
18.801
18.544
18.677
18.965
19.468
20.069
20.429
20.421
20.208
19.655
18.738
17.33
15.681
13.945
12.002
9.717
7.147
4.427
1.691
-1.327
-4.664
-7.963
-11.162
-14.257
-17.099
-19.712
-21.897
-23.631
-24.885
-25.729
-26.381
-26.86
-27.186
-27.533
-28.196
-29.187
-30.466
-32.067
-33.948
-36.162
-38.616
-41.131
-43.649
-46.314
-49.023
-51.685
-54.224
-56.785
-59.355
-61.771
-63.962
-66.056
-68.022
-69.804
-71.24
-72.381
-73.181
-73.571
-73.444
-72.654
-71.092
-68.762
-65.79
-62.133
-57.721
-52.811
-47.746
-42.711
-37.734
-32.884
-28.301
-24.167
-20.318
-16.593
-12.853
-9.08
-5.236
-1.333
2.779
7.091
11.502
15.733
19.619
23.308
26.664
29.523
31.694
33.326
34.58
35.475
36.104
36.505
36.705
36.859
37.214
37.683
38.053
38.279
38.67
39.235
39.693
39.789
39.692
39.666
39.478
38.981
38.164
37.178
36.152
35.017
33.748
32.418
31.111
29.986
29.111
28.42
27.818
27.317
26.943
26.573
26.033
25.089
23.82
22.344
20.604
18.583
16.435
14.248
12.014
9.845
7.901
5.888
3.612
1.277
-1.127
-3.913
-7.147
-11.058
-15.487
-20.142
-25.167
-30.693
-36.527
-42.172
-47.371
-52.13
-56.439
-60.117
-62.683
-64.029
-64.491
-64.241
-63.287
-61.462
-58.885
-56.027
-53.244
-50.452
-47.345
-44.335
-41.923
-40.109
-38.717
-37.734
-37.357
-37.747
-38.781
-40.216
-41.828
-43.646
-45.641
-47.569
-49.118
-50.1
-50.647
-50.679
-50.065
-48.907
-47.275
-45.304
-43.007
-40.442
-37.716
-34.931
-31.836
-28.382
-24.893
-21.545
-18.118
-14.503
-11.037
-7.992
-5.371
-2.775
-0.136
2.402
4.637
6.885
9.618
12.785
16.014
19.231
22.783
26.798
30.912
34.708
38.363
41.885
45.194
48.056
50.16
51.771
52.776
53.167
52.922
51.999
50.595
48.79
46.763
44.631
42.551
40.693
39.098
37.99
37.421
37.322
37.619
38.13
38.853
39.678
40.334
40.526
40.206
39.464
38.264
36.513
34.135
31.362
28.446
25.321
21.94
18.376
14.811
11.37
7.914
4.597
1.583
-1.182
-3.738
-5.898
-7.731
-9.452
-11.315
-13.134
-14.887
-16.836
-19.086
-21.475
-23.743
-25.82
-27.788
-29.529
-30.992
-32.042
-32.792
-33.391
-34.011
-34.645
-35.3
-36.09
-37.125
-38.271
-39.509
-40.818
-41.96
-42.788
-43.367
-43.653
-43.395
-42.555
-41.27
-39.643
-37.744
-35.651
-33.459
-31.237
-29.26
-27.654
-26.468
-25.628
-25.19
-25.438
-26.507
-28.128
-30.054
-32.398
-35.237
-38.306
-41.093
-43.322
-45.01
-46.176
-46.52
-45.755
-44.038
-41.583
-38.627
-35.227
-31.425
-27.412
-23.523
-19.948
-16.711
-13.565
-10.527
-7.866
-5.563
-3.325
-0.985
1.07
2.515
3.658
4.422
4.546
4.021
3.036
1.755
0.27
-1.293
-2.761
-3.948
-4.694
-5.198
-5.463
-5.397
-4.914
-4.303
-3.865
-3.525
-3.093
-2.716
-2.772
-3.255
-3.907
-4.743
-5.845
-7.404
-9.233
-11.158
-13.031
-14.84
-16.56
-17.959
-18.948
-19.316
-19.015
-18.262
-17.055
-15.39
-13.17
-10.583
-8.036
-5.727
-3.306
-0.887
1.067
2.508
3.601
4.417
4.984
5.196
5.11
4.929
4.759
4.542
4.443
4.303
4.153
4.079
4.188
4.421
4.688
4.972
5.532
6.39
7.393
8.54
9.8
11.198
12.927
14.916
16.887
18.83
21.2
23.897
26.621
29.268
32.025
34.87
37.589
39.956
41.935
43.458
44.594
45.278
45.485
45.273
44.793
44.11
43.282
42.347
41.363
40.146
38.755
37.392
35.901
34.144
32.095
30.017
28.081
26.101
24.056
22.128
20.563
19.327
18.342
17.58
17.147
17.218
17.615
18.217
19.08
20.081
21.148
22.172
23.127
23.794
24.081
24.137
23.929
23.443
22.632
21.486
20.178
18.779
17.129
15.109
12.909
10.504
7.949
5.314
2.622
-0.094
-2.534
-4.638
-6.439
-7.996
-9.361
-10.434
-11.214
-12.041
-13.023
-14.098
-15.25
-16.627
-18.24
-20.13
-22.189
-24.267
-26.33
-28.446
-30.445
-32.138
-33.504
-34.59
-35.202
-35.302
-34.978
-34.359
-33.347
-31.957
-30.464
-29.144
-27.726
-26.232
-24.882
-23.692
-22.462
-21.126
-19.629
-18.024
-16.317
-14.505
-12.602
-10.806
-9.269
-7.93
-6.991
-6.452
-6.049
-5.905
-5.884
-5.689
-5.256
-4.62
-3.607
-2.145
-0.283
1.695
3.866
6.266
8.743
10.988
12.995
14.914
16.757
18.378
19.72
20.977
22.42
23.895
25.392
27.07
28.919
30.879
32.991
35.131
37.128
38.857
40.374
41.626
42.42
42.654
42.503
42.013
41.25
40.277
39.126
37.831
36.641
35.544
34.422
33.171
31.774
30.228
28.616
26.631
24.171
21.383
18.477
15.359
11.977
8.462
5.069
1.876
-0.922
-3.311
-5.4
-6.997
-7.883
-8.367
-8.644
-8.812
-8.828
-8.794
-8.989
-9.575
-10.489
-11.725
-13.299
-15.206
-17.373
-19.721
-22.108
-24.44
-26.637
-28.72
-30.663
-32.403
-33.809
-34.962
-35.885
-36.489
-36.679
-36.509
-36.022
-35.261
-34.177
-33.015
-31.883
-30.752
-29.674
-28.884
-28.376
-28.149
-27.957
-27.838
-27.896
-28.013
-27.946
-27.685
-27.178
-26.736
-26.257
-25.576
-24.706
-23.931
-23.313
-22.767
-22.053
-21.33
-20.743
-20.297
-19.809
-19.253
-18.666
-18.18
-17.7
-17.068
-16.197
-15.153
-13.861
-12.317
-10.442
-8.291
-5.875
-3.316
-0.668
1.942
4.581
7.288
10.059
12.615
15.123
17.785
20.503
22.909
25.009
26.871
28.452
29.539
30.043
30.087
29.828
29.245
28.498
27.643
26.819
25.996
25.283
24.755
24.351
23.872
23.399
23.117
23.006
22.726
22.434
22.261
22.202
22.01
21.647
21.156
20.573
19.724
18.657
17.462
16.206
14.85
13.62
12.579
11.679
10.833
10.158
9.521
8.841
7.881
6.647
5.116
3.227
0.848
-1.817
-4.719
-7.764
-10.904
-13.979
-16.86
-19.296
-21.425
-23.338
-24.628
-25.192
-25.423
-25.39
-24.968
-24.056
-23.103
-22.252
-21.548
-20.896
-20.438
-20.094
-19.902
-19.74
-19.436
-18.825
-17.845
-16.554
-14.969
-12.975
-10.622
-8
-5.433
-2.906
-0.475
1.904
4.049
5.869
7.329
8.61
9.802
10.899
11.713
12.489
13.344
14.387
15.5
16.522
17.513
18.665
19.86
20.942
21.824
22.654
23.546
24.463
25.272
26.054
26.79
27.65
28.528
29.345
30.06
30.744
31.336
31.963
32.466
32.786
33.014
33.287
33.494
33.681
33.7
33.639
33.576
33.541
33.297
32.905
32.4
31.764
30.999
30.04
28.76
27.326
25.722
24.113
22.357
20.549
18.717
17.021
15.421
13.783
11.981
10.061
7.968
5.655
3.012
0.013
-3.194
-6.423
-9.68
-12.834
-15.913
-18.712
-21.192
-23.271
-25.116
-26.675
-27.946
-28.873
-29.579
-30.122
-30.637
-31.057
-31.374
-31.593
-31.793
-31.861
-31.69
-31.074
-30.056
-28.67
-26.919
-24.711
-22.357
-20.049
-17.936
-16.138
-14.921
-14.27
-14.153
-14.412
-15.097
-15.994
-16.812
-17.409
-17.881
-18.109
-18.002
-17.475
-16.785
-15.871
-14.7
-13.299
-11.895
-10.355
-8.726
-7.089
-5.532
-3.92
-2.281
-0.589
1.149
3.053
5.035
7.187
9.491
11.915
14.276
16.639
18.961
21.218
23.25
25.13
26.872
28.524
30.047
31.483
32.758
33.928
34.976
35.927
36.647
37.215
37.583
37.858
38.063
38.208
38.238
38.265
38.254
38.333
38.335
38.199
37.98
37.899
37.804
37.666
37.441
37.298
37.16
36.991
36.57
36.004
35.333
34.581
33.71
32.796
31.866
31.034
30.216
29.477
28.651
27.677
26.493
25.105
23.441
21.485
19.103
16.464
13.75
10.95
7.952
4.976
2.149
-0.401
-2.816
-5.016
-6.99
-8.652
-10.125
-11.41
-12.615
-13.711
-14.729
-15.63
-16.518
-17.315
-18.057
-18.748
-19.385
-19.866
-20.3
-20.793
-21.324
-21.667
-22.042
-22.549
-23.132
-23.637
-24.148
-24.621
-25.081
-25.437
-25.635
-25.551
-25.296
-24.831
-24.164
-23.244
-22.138
-20.877
-19.558
-18.133
-16.718
-15.291
-13.933
-12.65
-11.606
-10.74
-10.071
-9.536
-9.206
-9.023
-8.959
-8.747
-8.348
-7.843
-7.201
-6.193
-4.841
-3.221
-1.464
0.419
2.448
4.599
6.675
8.596
10.329
11.993
13.451
14.615
15.471
16.14
16.56
16.759
16.767
16.646
16.361
16.102
15.855
15.623
15.386
15.255
15.195
15.198
15.167
15.265
15.4
15.533
15.678
15.954
16.206
16.382
16.519
16.665
16.683
16.581
16.351
16.065
15.674
15.223
14.693
14.181
13.601
13.045
12.525
12.095
11.681
11.318
11.056
10.952
10.878
10.814
10.754
10.767
10.737
10.565
10.221
9.813
9.207
8.36
7.274
6.049
4.602
2.97
1.192
-0.571
-2.351
-4.185
-5.955
-7.472
-8.9
-10.225
-11.381
-12.313
-13.062
-13.577
-13.93
-14.051
-13.99
-13.703
-13.265
-12.757
-12.284
-11.79
-11.362
-11.019
-10.912
-11.015
-11.234
-11.511
-11.958
-12.438
-12.956
-13.319
-13.56
-13.671
-13.708
-13.635
-13.45
-13.208
-13.035
-12.896
-12.877
-12.877
-12.885
-12.923
-13.004
-13.008
-12.902
-12.643
-12.39
-12.07
-11.704
-11.296
-10.989
-10.755
-10.571
-10.483
-10.517
-10.54
-10.541
-10.476
-10.442
-10.268
-9.847
-9.295
-8.749
-8.09
-7.317
-6.475
-5.765
-5.185
-4.695
-4.277
-4.109
-4.175
-4.398
-4.765
-5.37
-6.133
-7.053
-8.089
-9.324
-10.689
-12.175
-13.721
-15.386
-17.12
-18.865
-20.576
-22.209
-23.677
-25.008
-26.082
-26.763
-26.966
-26.819
-26.21
-25.153
-23.642
-21.906
-20.022
-18.133
-16.346
-14.789
-13.486
-12.554
-11.937
-11.593
-11.359
-11.219
-11.067
-10.88
-10.578
-10.148
-9.56
-8.947
-8.349
-7.787
-7.157
-6.596
-6.119
-5.755
-5.403
-5.058
-4.696
-4.449
-4.24
-3.994
-3.681
-3.408
-3.175
-2.962
-2.726
-2.552
-2.421
-2.398
-2.456
-2.569
-2.676
-2.784
-2.838
-2.832
-2.684
-2.349
-1.775
-1.08
-0.304
0.617
1.696
2.741
3.674
4.498
5.247
5.84
6.241
6.423
6.497
6.42
6.239
5.97
5.677
5.283
4.857
4.501
4.216
3.865
3.528
3.257
3.091
2.876
2.618
2.347
2.139
1.905
1.674
1.482
1.377
1.343
1.442
1.642
1.924
2.256
2.642
3.051
3.458
3.796
4.118
4.382
4.593
4.812
5.028
5.108
5.182
5.251
5.265
5.133
4.883
4.54
4.138
3.598
2.944
2.218
1.472
0.68
-0.112
-0.929
-1.749
-2.546
-3.285
-4.032
-4.72
-5.374
-5.944
-6.49
-6.946
-7.316
-7.621
-7.902
-8.063
-8.122
-8.084
-8.018
-7.854
-7.576
-7.19
-6.77
-6.285
-5.785
-5.226
-4.689
-4.239
-3.925
-3.775
-3.813
-4.061
-4.577
-5.291
-6.214
-7.248
-8.369
-9.493
-10.626
-11.687
-12.628
-13.382
-13.972
-14.39
-14.59
-14.529
-14.255
-13.76
-13.113
-12.327
-11.418
-10.442
-9.531
-8.624
-7.756
-6.985
-6.336
-5.705
-5.145
-4.661
-4.302
-4.033
-3.83
-3.69
-3.756
-4.017
-4.298
-4.544
-4.875
-5.244
-5.551
-5.692
-5.71
-5.615
-5.495
-5.365
-5.159
-4.721
-4.31
-4.123
-3.975
-3.525
-2.99
-2.729
-2.624
-2.196
-1.538
-0.957
-0.495
0.152
1.022
1.934
2.751
3.556
4.336
5.114
5.869
6.588
7.139
7.585
8.078
8.656
9.138
9.504
9.879
10.445
11.075
11.645
12.129
12.703
13.404
14.092
14.635
15.128
15.644
16.182
16.621
16.999
17.315
17.628
17.91
18.199
18.413
18.511
18.524
18.587
18.602
18.427
18.093
17.821
17.561
17.156
16.646
16.193
15.811
15.374
14.883
14.484
14.093
13.648
13.158
12.713
12.206
11.6
10.951
10.303
9.592
8.896
8.211
7.527
6.869
6.318
5.787
5.216
4.652
4.065
3.399
2.687
1.887
0.93
-0.153
-1.209
-2.267
-3.452
-4.704
-5.802
-6.747
-7.649
-8.587
-9.334
-9.856
-10.319
-10.754
-11.013
-11.136
-11.232
-11.248
-11.096
-10.924
-10.796
-10.599
-10.23
-9.868
-9.558
-9.217
-8.78
-8.347
-7.969
-7.684
-7.48
-7.348
-7.285
-7.376
-7.617
-7.944
-8.264
-8.636
-8.977
-9.255
-9.468
-9.58
-9.495
-9.311
-9.081
-8.787
-8.35
-7.809
-7.24
-6.665
-6.014
-5.317
-4.563
-3.81
-3.076
-2.347
-1.591
-0.846
-0.104
0.587
1.206
1.79
2.424
2.99
3.467
3.928
4.44
4.974
5.515
6.028
6.563
7.124
7.726
8.296
8.808
9.227
9.636
10.014
10.293
10.441
10.548
10.659
10.799
10.885
10.926
10.986
11.074
11.144
11.18
11.146
11.12
11.103
11.072
10.991
10.876
10.714
10.528
10.305
10.04
9.703
9.38
9.067
8.767
8.456
8.125
7.735
7.304
6.769
6.115
5.314
4.381
3.32
2.207
1.053
-0.128
-1.308
-2.385
-3.324
-4.116
-4.84
-5.414
-5.825
-6.14
-6.44
-6.743
-7.067
-7.444
-7.927
-8.469
-9.082
-9.738
-10.408
-10.994
-11.49
-11.87
-12.148
-12.274
-12.258
-12.114
-11.908
-11.698
-11.48
-11.224
-10.99
-10.817
-10.724
-10.625
-10.487
-10.346
-10.244
-10.115
-9.923
-9.656
-9.352
-9.027
-8.678
-8.254
-7.8
-7.357
-6.969
-6.611
-6.315
-6.064
-5.882
-5.747
-5.667
-5.564
-5.406
-5.171
-4.893
-4.527
-4.048
-3.46
-2.812
-2.129
-1.432
-0.724
-0.035
0.627
1.207
1.71
2.148
2.551
2.881
3.153
3.368
3.559
3.72
3.882
3.998
4.071
4.105
4.13
4.126
4.066
3.934
3.77
3.582
3.386
3.126
2.829
2.517
2.238
1.986
1.755
1.54
1.412
1.393
1.487
1.63
1.835
2.127
2.498
2.88
3.241
3.571
3.868
4.12
4.34
4.484
4.562
4.592
4.629
4.642
4.609
4.525
4.443
4.355
4.25
4.093
3.911
3.695
3.469
3.235
2.951
2.605
2.248
1.871
1.498
1.078
0.626
0.193
-0.178
-0.527
-0.838
-1.099
-1.281
-1.389
-1.409
-1.392
-1.347
-1.261
-1.121
-0.964
-0.814
-0.687
-0.537
-0.387
-0.226
-0.081
0.041
0.15
0.281
0.395
0.483
0.524
0.556
0.584
0.605
0.586
0.55
0.499
0.476
0.46
0.441
0.42
0.435
0.498
0.603
0.73
0.893
1.097
1.357
1.648
1.961
2.269
2.589
2.912
3.23
3.516
3.768
3.979
4.164
4.341
4.499
4.604
4.706
4.833
4.987
5.129
5.268
5.411
5.562
5.699
5.805
5.848
5.83
5.765
5.669
5.493
5.236
4.924
4.591
4.227
3.818
3.362
2.89
2.419
1.967
1.509
1.043
0.598
0.22
-0.117
-0.429
-0.717
-0.959
-1.159
-1.315
-1.462
-1.61
-1.744
-1.85
-1.943
-2.034
-2.149
-2.258
-2.361
-2.453
-2.572
-2.728
-2.899
-3.062
-3.237
-3.435
-3.655
-3.863
-4.05
-4.21
-4.362
-4.497
-4.606
-4.672
-4.712
-4.741
-4.772
-4.797
-4.809
-4.812
-4.838
-4.882
-4.93
-4.961
-4.985
-5.003
-5.013
-4.981
-4.901
-4.772
-4.609
-4.404
-4.153
-3.858
-3.542
-3.21
-2.874
-2.538
-2.209
-1.884
-1.577
-1.287
-1.021
-0.766
-0.521
-0.287
-0.072
0.125
0.311
0.502
0.687
0.852
0.998
1.146
1.298
1.44
1.554
1.654
1.745
1.83
1.892
1.926
1.935
1.936
1.936
1.929
1.904
1.882
1.88
1.903
1.932
1.97
2.02
2.091
2.17
2.246
2.309
2.361
2.401
2.43
2.437
2.419
2.38
2.331
2.272
2.199
2.112
2.019
1.925
1.834
1.741
1.645
1.547
1.452
1.359
1.265
1.163
1.056
0.947
0.84
0.73
0.618
0.507
0.406
0.315
0.235
0.164
0.104
0.06
0.029
0.007
-0.007
-0.015
-0.017
-0.015
-0.013
-0.01
-0.007
-0.004
0
