0.433
0.696
1.06
1.647
2.259
2.646
2.826
3.03
3.362
3.642
3.641
3.37
3.039
2.77
2.476
2.059
1.617
1.338
1.231
1.062
0.597
-0.18
-1.143
-2.256
-3.606
-5.212
-6.905
-8.492
-9.976
-11.535
-13.261
-15.029
-16.642
-18.047
-19.299
-20.369
-21.127
-21.571
-21.996
-22.821
-24.254
-26.199
-28.477
-31.006
-33.689
-36.201
-38.111
-39.25
-39.892
-40.449
-41.055
-41.537
-41.77
-41.859
-41.891
-41.639
-40.757
-39.305
-37.903
-37.203
-37.269
-37.597
-37.681
-37.318
-36.264
-33.866
-29.433
-23.087
-16.021
-9.68
-4.739
-1.02
1.723
3.387
4.115
5.004
7.626
12.609
18.969
25.188
30.817
36.644
43.284
50.181
56.539
62.931
71.098
81.63
92.33
99.822
103.024
104.389
107.006
110.755
112.22
108.812
117.729
135.091
145.706
149.921
152.818
156.691
157.377
148.995
135.892
130.135
131.329
131.934
132.142
132.182
133.487
136.738
137.384
134.466
132.926
134.339
140.786
150.294
153.529
148.602
141.382
131.733
114.853
89.207
63.618
48.241
41.062
37.267
36.236
34.902
34.286
36.311
32.089
16.659
1.027
-7.144
-14.904
-27.697
-41.992
-56.804
-71.722
-86.539
-102.905
-118.867
-128.697
-130.273
-126.087
-120.753
-118.578
-122.759
-131.858
-143.902
-160.666
-181.302
-199.007
-205.625
-196.762
-178.513
-160.768
-140.963
-110.963
-77.298
-50.584
-30.324
-8.669
21.991
55.319
76.585
87.591
96.072
99.565
94.317
80.709
64.13
56.159
61.484
75.146
91.614
106.02
116.414
125.492
128.652
117.627
98.28
85.867
85.483
90.423
94.04
96.46
99.918
102.564
95.998
77.236
53.379
31.555
11.728
-7.766
-29.695
-60.395
-99.063
-132.617
-155.472
-174.897
-189.768
-179.472
-129.648
-54.362
15.608
66.018
114.368
183.011
224.64
198.46
179.646
207.055
219.569
196.444
176.779
172.298
157.046
115.6
57.476
-0.645
-49.946
-88.601
-117.928
-138.215
-149.264
-152.132
-150.288
-150.322
-158.853
-172.694
-181.83
-181.09
-175.177
-172.103
-169.648
-156.797
-133.738
-112.297
-96.981
-76.527
-40.573
6.767
53.304
93.557
128.794
158.997
176.71
169.06
131.692
76.938
17.371
-47.29
-123.256
-206.934
-281.577
-333.636
-377.158
-434.511
-470.379
-480.266
-481.655
-484.911
-487.324
-487.667
-487.018
-489.347
-499.53
-509.097
-506.231
-490.646
-468.004
-436.611
-387.817
-342.81
-296.27
-249.845
-212.162
-181.474
-151.766
-122.496
-95.706
-66.789
-28.495
19.823
72.121
124.725
180.487
241.639
297.701
337.903
373.589
403.042
407.365
392.311
352.882
311.579
251.762
190.549
137.495
95.734
69.072
63.39
79.95
111.076
147.372
186.59
228.193
266.144
293.893
313.641
331.711
349.446
362.001
366.135
365.744
356.476
345.134
327.938
302.99
279.011
265.125
259.033
250.541
239.071
230.358
216.451
184.758
140.346
93.571
43.962
-9.84
-58.779
-96.169
-126.165
-154.24
-179.388
-200.45
-220.82
-244.873
-274.397
-310.649
-350.471
-386.846
-447.495
-504.18
-550.235
-580.24
-591.008
-580.923
-548.208
-495.102
-426.926
-367.813
-328.156
-290.608
-263.891
-254.669
-260.188
-269.515
-275.644
-280.299
-284.945
-284.235
-272.458
-251.536
-228.361
-205.142
-178.162
-148.199
-122.461
-102.971
-83.308
-63.016
-46.868
-32.321
-13.796
7.406
30.072
57.307
90.343
126.049
162.778
200.887
239.011
274.059
305.026
335.105
367.59
399.32
437.504
481.56
526.969
571.906
611.506
640.444
654.785
650.801
629.331
591.602
539.911
476.535
399.507
330.208
265.004
193.018
125.134
64.311
9.3
-39.278
-80.013
-111.885
-133.814
-146.543
-152.625
-156.21
-160.454
-164.486
-165.84
-168
-174.395
-181.903
-185.289
-182.926
-177.527
-172.231
-165.718
-154.551
-137.882
-120.49
-106.79
-93.812
-73.602
-43.698
-8.768
27.592
70.683
129.344
204.851
282.833
346.193
425.566
509.657
571.2
605.669
616.478
603.346
566.473
513.282
433.617
332.782
251.847
166.984
84.523
5.242
-63.797
-114.998
-152.72
-185.919
-215.26
-234.997
-244.529
-248.153
-249.038
-247.036
-241.457
-231.889
-222.066
-219.005
-226.937
-239.865
-250.376
-260.961
-276.728
-292.804
-301.294
-303.979
-308.508
-316.913
-326.423
-334.156
-339.045
-340.5
-337.385
-327.248
-308.012
-280.057
-247.478
-214.888
-184.842
-156.984
-131.039
-109.285
-94.267
-85.2
-78.588
-73.019
-71.36
-75.322
-82.246
-86.728
-87.521
-86.96
-84.011
-75.677
-63.515
-50.125
-36.392
-23.373
-13.552
-5.449
4.609
16.211
26.508
36.214
47.503
59.646
70.014
77.887
83.34
88.118
94.643
102.72
109.49
113.845
118.029
122.964
125.084
122.576
117.82
115.156
116.524
121.107
127.89
139.495
157.411
179.519
203.089
227.034
250.262
272.851
294.414
313.08
326.98
336.235
342.07
346.208
348.494
348.425
347.878
350.821
358.981
370.393
381.007
394.206
410.529
420.992
425.921
427.152
424.056
417.707
414.965
421.9
434.648
450.537
473.741
503.927
528.106
536.749
531.964
516.778
487.975
441.903
385.246
342.221
290.932
239.948
193.223
149.736
107.294
66.304
28.55
-5.167
-35.468
-63.75
-91.04
-116.516
-140.939
-166.362
-194.004
-222.901
-251.704
-278.83
-303.068
-325.427
-345.963
-360.446
-367.878
-372.949
-379.44
-383.951
-383.586
-381.879
-382.19
-383.36
-377.914
-368.88
-357.341
-343.695
-327.074
-307.135
-284.657
-261.152
-238.247
-216.189
-194.543
-173.531
-155.516
-141.694
-132.473
-127.201
-124.955
-126.045
-130.653
-137.467
-144.941
-151.94
-158.633
-165.663
-174.273
-183.975
-193.053
-202.036
-213.482
-226.653
-238.415
-246.304
-250.561
-252.095
-250.431
-243.4
-231.418
-218.106
-206.557
-196.723
-188.204
-180.349
-173.039
-165.955
-157.883
-146.145
-129.212
-108.204
-85.893
-62.325
-35.858
-6.299
23.945
53.477
82.59
111.809
139.974
165.327
186.62
203.251
216.238
227.907
237.825
243.86
244.458
240.854
233.392
218.635
193.64
159.531
120.05
79
37.376
-4.353
-44.294
-78.702
-105.889
-128.16
-150.132
-173.697
-196.051
-215.189
-236.464
-267.551
-309.331
-354.208
-395.396
-461.596
-532.921
-592.443
-636.686
-665.229
-672.639
-650.312
-600.944
-534.802
-455.081
-368.847
-302.34
-228.881
-161.828
-105.606
-55.941
-7.396
39.94
83.001
120.508
154.084
184.838
211.572
231.923
245.77
254.195
257.891
254.915
244.234
227.824
207.63
184.606
160.073
135.392
112.761
93.807
78.677
66.321
56.948
50.95
48.166
48.246
49.831
50.713
51.41
52.385
52.405
49.492
44.473
40.073
38.017
38.129
39.138
40.626
44.443
52.283
63.156
74.275
85.916
101.712
124.596
151.166
174.395
193.922
216.999
244.867
271.118
292.759
316.272
348.747
385.325
432.666
451.962
459.289
478.394
484.581
455.406
405.703
383.381
363.614
326.358
281.845
248.128
223.073
194.649
160.549
130.605
112.216
102.031
91.574
77.353
61.612
44.939
23.747
-4.31
-37.83
-72.374
-103.805
-129.92
-152.751
-174.947
-196.332
-214.811
-231.675
-250.754
-273.198
-294.825
-312.014
-324.792
-335.202
-343.489
-347.982
-347.977
-345.23
-341.51
-337.673
-332.55
-325.16
-315.804
-306.848
-300.553
-296.385
-292.452
-289.176
-288.594
-290.594
-290.77
-287.258
-281.559
-274.872
-266.66
-256.052
-243.207
-229.383
-214.845
-198.88
-179.913
-158.277
-135.152
-110.887
-85.854
-61.62
-38.881
-17.108
4.453
24.469
43.256
62.449
82.546
101.341
117.394
131.218
143.609
154.156
163.078
170.986
179.162
188.639
199.729
211.063
221.805
231.992
241.776
250.585
257.756
263.102
266.941
268.4
267.093
262.502
253.552
240.762
226.034
210.294
194.564
180.023
167.581
156.089
145.719
136.262
125.371
112.054
98.825
87.231
76.745
67.645
61.654
58.704
57.196
55.642
53.381
49.554
44.35
39.011
34.103
29.185
25.125
22.136
19.649
16.83
12.961
8.199
3.681
0.381
-0.874
-0.806
1.192
5.86
11.824
16.521
20.243
23.712
25.785
25.832
25.663
26.917
28.337
28.247
28.194
28.813
28.07
24.184
18.6
13.244
8.253
2.776
-2.685
-8.396
-14.64
-21.779
-32.222
-47.314
-65.327
-84.059
-102.564
-121.473
-138.621
-151.882
-161.957
-170.663
-179.235
-188.596
-198.884
-210.255
-221.895
-232.892
-241.892
-247.468
-248.734
-246.027
-240.313
-232.814
-224.497
-215.567
-205.791
-195.96
-185.918
-175.159
-163.098
-149.844
-136.923
-125.667
-115.788
-106.317
-96.891
-88.31
-79.679
-69.962
-58.736
-46.801
-35.735
-26.951
-20.455
-16.204
-14.581
-16.032
-19.856
-24.936
-30.58
-36.51
-42.585
-50.003
-59.529
-69.691
-79.698
-92.059
-107.399
-122.937
-137.079
-151.351
-166.481
-181.17
-194.804
-208.336
-221.558
-233.634
-243.39
-250.85
-254.112
-249.889
-238.099
-222.618
-204.244
-181.096
-154.95
-131.686
-113.071
-95.322
-75.767
-55.701
-35.865
-14.01
11.516
38.937
65.891
90.873
113.71
134.188
154.312
176.116
198.887
221.372
245.083
271.268
297.269
319.181
337.424
355.578
375.288
393.476
415.56
431.994
442.827
449.218
445.956
425.161
386.269
359.065
323.104
284.989
251.628
224.949
202.784
182.54
163.074
143.261
123.154
102.885
83.227
65.897
52.124
42.103
35.448
31.016
27.414
23.135
17.985
13.1
10.536
11.414
15.331
22.455
33.704
48.108
63.14
76.337
88.384
101.043
114.738
128.662
143.122
159.176
176.968
194.991
211.551
225.116
236.342
246.008
254.198
260.1
263.37
265.163
266.54
265.885
262.215
255.984
248.868
241.416
233.63
226.122
219.174
212.539
206.582
200.257
191.948
180.481
166.871
151.278
133.203
113.126
92.302
71.374
51.077
31.972
14.179
-3.299
-19.839
-35.214
-49.443
-63.254
-77.234
-90.744
-102.63
-113.299
-123.49
-133.684
-143.157
-151.589
-159.548
-167.867
-176.472
-183.866
-189.031
-192.584
-194.897
-196.205
-196.777
-197.478
-199.297
-203.489
-209.678
-216.443
-222.074
-225.47
-225.918
-223.39
-216.489
-204.915
-190.262
-174.687
-158.099
-139.709
-120.382
-102.487
-87.108
-73.934
-62.949
-56.022
-53.807
-54.883
-57.431
-60.819
-64.061
-66.388
-67.194
-66.699
-65.385
-64.533
-64.737
-66.135
-69.024
-73.216
-77.848
-82.531
-86.744
-90.618
-93.546
-95.701
-97.627
-99.767
-101.865
-103.422
-104.215
-104.604
-104.534
-103.68
-102.025
-100.155
-98.373
-96.421
-93.235
-87.748
-79.146
-67.899
-53.325
-34.722
-12.818
9.994
32.335
54.653
76.895
97.865
116.724
134.15
152.112
170.134
187.4
203.799
220.372
237.747
255.234
272.264
288.581
303.828
318.301
330.299
337.081
337.841
333.536
324.082
308.594
288.257
265.963
243.632
222.965
203.995
186.769
171.169
156.96
142.772
126.925
108.974
89.59
69.655
49.997
30.617
12.217
-4.2
-17.551
-28.135
-36.872
-43.739
-47.549
-48.463
-47.686
-46.196
-44.16
-42.21
-41.084
-41.522
-43.845
-47.361
-50.669
-53.078
-53.91
-53.492
-51.637
-48.699
-45.94
-44.808
-45.922
-49.294
-54.43
-60.686
-66.555
-70.953
-73.386
-72.986
-69.139
-62.387
-54.145
-44.732
-33.994
-22.752
-12.168
-3.044
4.998
10.958
13.607
12.934
9.065
2.228
-6.892
-17.508
-27.987
-38.07
-47.51
-56.695
-65.757
-74.797
-83.922
-94.025
-104.708
-114.115
-121.312
-127.548
-132.867
-136.487
-138.559
-140.331
-142.211
-143.979
-144.906
-144.23
-141.628
-137.685
-132.803
-127.211
-120.862
-115.121
-111.386
-109.431
-107.45
-104.985
-102.298
-99.162
-94.521
-88.149
-80.636
-73.422
-66.703
-59.948
-53.287
-46.929
-40.812
-35.825
-31.655
-28.661
-27.96
-30.272
-35.046
-41.509
-48.352
-54.926
-60.785
-65.295
-67.653
-69.238
-71.349
-74.037
-77.107
-81.099
-85.552
-89.352
-91.325
-91.795
-90.216
-85.983
-79.502
-71.541
-61.82
-50.09
-36.989
-23.287
-9.052
4.998
18.099
28.863
37.295
43.235
46.432
47.743
47.742
46.201
44.044
42.026
39.985
37.339
34.341
31.717
29.823
28.118
26.056
23.998
22.742
21.219
18.672
15.064
11.524
8.602
6.156
4.022
2.798
2.997
4.353
5.756
6.907
8.044
9.926
12.572
16.033
20.685
27.141
35.331
45.016
55.433
66.762
79.007
92.147
106.197
121.254
136.761
152.203
166.545
179.635
190.706
199.125
204.742
208.036
209.377
209.016
206.505
200.725
191.907
181.641
169.124
153.802
136.927
121.486
108.048
95.39
83.43
72.782
63.035
53.326
42.462
30.799
19.137
8.803
0.404
-6.526
-12.279
-16.031
-17.879
-19.059
-21.099
-23.415
-25.13
-26.012
-26.558
-26.822
-26.102
-24.581
-23.213
-22.36
-22.284
-22.595
-23.305
-23.832
-23.508
-22.508
-21.2
-20.124
-19.866
-20.286
-22.508
-26.82
-32.591
-38.323
-43.511
-48.61
-53.826
-58.517
-62.514
-66.513
-71.607
-77.404
-82.975
-87.547
-91.326
-94.864
-97.961
-99.884
-101.063
-101.97
-103.136
-103.792
-103.125
-100.544
-96.438
-91.46
-85.265
-77.5
-69.469
-61.958
-55.097
-48.434
-42.132
-35.823
-29.538
-23.25
-17.276
-11.539
-5.896
-0.723
2.789
5.181
7.541
9.737
11.113
11.925
12.803
14.192
15.234
15.617
15.049
14.35
13.594
12.796
11.944
11.937
13.486
16.477
20.159
24.703
29.549
34.207
38.397
42.027
44.907
47.025
48.878
50.72
51.822
52.335
52.127
51.403
49.982
47.45
44.009
40.293
36.24
31.601
26.296
21.23
16.693
12.607
8.73
5.957
4.571
4.062
3.658
3.434
3.364
3.09
1.772
-0.426
-3.51
-7.176
-11.455
-16.502
-22.011
-27.137
-32.181
-36.831
-41.223
-45.179
-48.89
-52.404
-55.74
-58.984
-61.865
-64.177
-66.097
-67.387
-68.451
-69.448
-70.752
-72.394
-74.481
-76.681
-79.039
-81.363
-83.779
-85.832
-88.119
-90.887
-94.437
-97.914
-100.839
-103.125
-104.487
-103.89
-101.255
-97.019
-92.18
-86.533
-80.79
-75.234
-69.77
-64.437
-59.472
-54.52
-49.589
-44.905
-41.467
-38.747
-36.706
-35.469
-35.083
-35.414
-36.248
-37.488
-39.582
-42.604
-46.668
-50.947
-55.631
-60.436
-64.829
-68.315
-70.986
-73.156
-75.116
-76.64
-78.234
-79.488
-80.834
-81.738
-81.711
-81.066
-79.913
-78.203
-76.585
-74.922
-73.454
-72.14
-71.095
-69.998
-68.617
-66.739
-64.677
-62.46
-60.105
-57.286
-54.215
-50.696
-46.652
-41.87
-36.23
-29.821
-22.952
-15.774
-8.667
-1.261
6.284
13.871
21.196
28.185
35.01
41.314
46.147
49.558
51.808
53.234
53.694
53.794
53.49
52.857
52.23
51.227
49.306
46.66
43.265
40.007
37.14
34.569
32.177
30.528
29.549
28.52
26.587
24.053
21.365
18.746
15.904
12.928
10.006
7.344
4.364
0.889
-3.118
-7.334
-11.217
-14.097
-16.091
-17.161
-17.201
-16.381
-15.239
-14.152
-13.335
-12.522
-11.494
-9.892
-7.787
-5.081
-2.163
0.943
3.964
6.665
8.697
10.211
11.662
13.621
15.746
17.875
20.075
22.642
25.086
26.657
27.477
28.062
28.275
28.424
28.279
28.408
28.723
29.038
29.451
29.534
29.375
29.262
28.594
27.862
27.189
26.686
26.039
25.542
25.58
26.271
27.176
28.593
30.717
33.927
37.798
42.09
46.617
51.587
56.508
60.964
64.589
67.84
70.594
73.165
75.312
77.596
79.92
82.065
83.966
85.67
86.99
87.737
87.671
87.589
87.244
86.488
85.009
82.992
80.762
78.106
74.493
70.115
65.434
60.735
55.758
50.429
44.863
39.529
34.178
28.807
23.165
17.421
11.564
6.064
1.003
-3.963
-9.007
-13.362
-16.902
-20.307
-23.972
-27.48
-30.52
-32.953
-35.308
-37.588
-39.538
-40.721
-41.378
-42.062
-42.791
-43.016
-42.821
-42.267
-41.707
-41.181
-40.377
-39.107
-37.815
-36.625
-35.537
-34.127
-32.683
-31.414
-30.562
-29.874
-29.48
-29.089
-28.961
-29.205
-29.496
-29.848
-30.558
-31.457
-33
-34.723
-36.537
-38.186
-39.616
-40.793
-41.318
-41.023
-40.609
-40.143
-39.45
-38.242
-36.869
-35.22
-32.899
-29.414
-25.103
-20.387
-15.255
-9.676
-4.129
1.19
6.072
10.581
14.707
18.281
21.169
23.059
23.743
23.826
22.973
21.447
19.625
18.227
17.212
16.498
16.238
16.179
15.621
14.574
12.982
11.085
8.751
6.087
3.513
1.116
-1.429
-4.317
-8.003
-12
-16.184
-20.424
-24.604
-28.432
-31.709
-33.989
-35.72
-37.477
-39.278
-40.417
-41.171
-41.351
-41.358
-40.791
-39.101
-36.55
-33.817
-31.126
-28.444
-25.377
-22.269
-19.384
-16.694
-13.641
-9.978
-6.058
-2.144
1.837
5.671
9.67
13.646
17.86
22.201
26.914
32.586
39.309
46.22
52.841
59.131
65.396
71.156
76.002
79.733
83.078
86.595
89.616
91.309
91.575
90.7
89.051
85.778
80.857
75.161
69.742
64.411
58.973
53.541
48.277
43.006
37.989
33.128
28.46
24.2
21.24
19.681
19.153
19.156
19.883
21.219
22.745
23.966
24.812
25.381
26.032
26.761
27.341
27.502
27.428
27.251
26.957
25.998
24.691
23.462
22.594
22.031
21.34
20.664
20.085
18.921
17.028
14.267
11.004
7.015
2.458
-2.395
-7.252
-12.519
-18.609
-25.487
-32.752
-40.749
-49.397
-58.367
-66.736
-73.851
-79.595
-83.778
-86.216
-86.84
-85.403
-82.589
-78.602
-73.673
-67.789
-60.903
-53.371
-45.837
-38.418
-31
-23.086
-15.36
-8.288
-1.461
5.749
13.056
19.691
25.045
29.596
33.719
37.111
38.792
39.685
40.553
41.423
41.939
42.084
41.953
41.717
41.168
40.111
38.299
36.024
33.488
30.949
28.108
24.725
21.049
17.483
13.804
9.824
5.533
1.683
-1.713
-4.525
-6.933
-8.952
-10.149
-10.381
-10.305
-9.719
-8.652
-6.584
-3.723
-0.424
3.213
7.599
12.653
17.732
22.387
27.123
31.853
36.391
40.406
44.201
47.996
51.692
55.059
57.882
60.173
62.254
63.722
64.702
65.327
65.916
66.385
66.773
67.156
67.308
66.917
66.47
65.43
63.966
62.207
60.026
57.671
55.219
52.597
49.792
46.553
43.205
39.7
36.117
32.172
28.167
24.462
21.176
18.059
15.128
12.368
10.11
8.061
6.014
3.894
2.096
0.829
-0.062
-0.713
-1.067
-1.112
-0.734
-0.42
-0.129
0.142
0.686
1.645
2.839
4.213
5.911
7.744
9.621
11.406
12.921
14.191
15.528
16.927
18.217
19.511
20.91
22.196
23.343
24.308
25.161
25.667
26.072
26.614
26.913
27.105
27.237
27.031
26.663
25.924
24.925
23.567
22
20.428
18.755
17.067
15.434
13.745
12.222
10.726
9.218
7.643
5.913
4.234
2.713
0.915
-0.885
-2.42
-3.658
-4.951
-6.007
-6.861
-7.68
-8.369
-8.851
-9.321
-9.778
-10.008
-9.994
-10.155
-10.406
-10.56
-10.7
-11.129
-11.586
-11.682
-11.762
-12.099
-12.186
-12.286
-12.505
-13.047
-13.829
-14.529
-15.284
-16.165
-16.984
-17.747
-18.322
-19.066
-19.734
-20.411
-21.105
-21.736
-22.177
-22.45
-22.557
-22.686
-22.612
-22.529
-22.436
-22.416
-22.439
-22.41
-22.234
-21.99
-21.925
-22.069
-22.064
-22.287
-22.87
-23.555
-24.145
-24.69
-25.256
-25.66
-25.937
-26.198
-26.441
-26.696
-26.753
-26.753
-26.652
-26.447
-26.125
-25.635
-25.304
-25.163
-25.036
-24.979
-24.781
-24.659
-24.557
-24.337
-23.95
-23.756
-23.869
-24.225
-24.743
-25.602
-26.57
-27.644
-28.86
-30.009
-31.145
-32.368
-33.738
-35.359
-37.201
-39.132
-40.928
-42.924
-44.835
-46.47
-47.9
-49.195
-50.433
-51.584
-52.452
-53.254
-53.338
-53.012
-52.557
-51.405
-49.676
-47.559
-45.453
-43.411
-40.95
-38.303
-35.523
-32.737
-29.885
-26.749
-23.484
-20.648
-18.307
-16.341
-14.635
-13.449
-12.536
-11.888
-11.323
-10.731
-10.207
-9.886
-9.929
-10.379
-10.997
-11.796
-12.858
-13.953
-14.859
-15.388
-15.81
-16.036
-16.181
-16.516
-16.952
-17.325
-17.799
-18.531
-19.073
-19.139
-19.164
-19.105
-18.975
-18.83
-18.708
-18.553
-18.287
-17.834
-16.939
-15.536
-13.831
-11.827
-9.84
-8.094
-6.551
-5.212
-4.057
-2.941
-1.779
-0.306
1.329
3.057
4.646
5.748
6.805
7.917
8.888
9.814
11.085
13.019
15.12
17.133
19.036
20.748
22.395
23.875
25.195
26.596
28.362
30.657
32.876
34.855
36.688
38.29
39.321
39.561
39.549
39.289
38.752
38.201
37.47
36.625
35.575
34.399
33.191
31.631
30.073
28.872
27.934
27.041
26.248
25.597
25.03
24.149
22.86
21.493
20.281
19.163
18.232
17.643
17.453
17.631
17.838
17.789
17.57
17.17
16.597
15.845
15.025
14.336
13.667
13.169
12.506
11.445
10.442
9.261
7.912
6.683
5.603
4.738
3.818
3.055
2.079
0.754
-0.715
-2.32
-3.76
-4.759
-5.244
-5.209
-4.593
-3.326
-1.833
-0.41
1.052
2.435
4.171
5.948
7.473
9.238
11.238
13.057
14.411
15.454
16.32
17.126
17.969
18.8
19.794
21.084
22.305
23.369
24.014
24.173
23.96
23.513
22.946
22.318
21.813
21.412
21.15
20.91
20.408
19.748
19.068
18.403
17.722
17.05
16.426
15.773
14.808
13.561
11.933
9.838
7.514
5.117
2.971
0.992
-0.885
-2.424
-3.777
-5.148
-6.728
-8.431
-10.157
-11.855
-13.349
-14.666
-15.925
-16.852
-17.593
-18.322
-19.078
-19.822
-20.353
-20.735
-20.853
-20.877
-20.863
-20.771
-20.731
-20.95
-21.53
-22.181
-22.685
-23.285
-23.616
-23.612
-23.441
-23.047
-22.599
-22.113
-21.769
-21.587
-21.371
-21.259
-21.128
-20.992
-20.881
-20.739
-20.653
-20.532
-20.58
-20.562
-20.194
-19.832
-19.22
-18.218
-16.892
-15.388
-13.933
-12.372
-10.659
-9.014
-7.464
-6.03
-4.168
-2.155
-0.333
1.563
3.478
5.371
7.152
8.705
10.039
11.403
12.765
13.968
14.923
15.683
16.22
16.65
16.889
16.835
16.715
16.632
16.815
17.006
16.91
16.87
16.834
16.596
15.953
14.896
13.443
11.765
9.857
7.404
4.492
1.612
-1.467
-4.686
-8.077
-11.503
-14.74
-17.909
-20.957
-23.796
-26.509
-29.065
-31.404
-33.542
-35.616
-37.788
-39.727
-41.478
-43.026
-44.42
-45.718
-46.648
-47.217
-47.665
-48.224
-48.603
-48.767
-48.95
-49.033
-48.91
-48.568
-48.032
-47.165
-46.02
-44.836
-43.442
-41.797
-39.929
-37.908
-35.847
-33.574
-31.104
-28.768
-26.557
-24.485
-22.562
-20.905
-19.526
-18.284
-17.092
-16.208
-15.357
-14.517
-13.792
-13.203
-12.661
-12.004
-11.536
-10.983
-10.297
-9.58
-8.78
-7.855
-6.789
-5.644
-4.392
-3.075
-1.512
0.254
2.167
4.366
6.861
9.431
12.106
14.875
17.473
20.16
22.641
25.064
27.613
30.174
32.7
35.132
37.627
40.028
42.323
44.402
46.222
48.045
49.841
51.268
52.397
53.342
54.129
54.513
54.461
54.129
53.58
52.889
52.122
51.2
50.175
49.182
48.268
47.123
45.64
44.078
42.459
40.728
38.872
36.996
35.362
33.888
32.533
31.317
30.109
29.18
28.375
27.458
26.554
25.73
24.925
23.791
22.466
20.969
19.312
17.456
15.245
13.049
11.05
9.045
7.138
5.309
3.792
2.382
1.016
-0.369
-1.881
-3.291
-4.487
-5.886
-7.305
-8.496
-9.463
-10.535
-11.663
-12.612
-13.597
-14.486
-15.272
-16.016
-16.617
-17.182
-17.723
-18.355
-18.89
-19.401
-19.907
-20.087
-19.759
-18.926
-17.634
-15.989
-13.675
-11.014
-8.311
-5.638
-3.13
-0.726
1.467
3.107
4.41
5.31
5.941
6.366
6.383
6.266
6.1
6.012
6.185
6.396
6.753
7.28
8.067
8.897
9.637
10.25
10.898
11.633
12.455
13.206
14.006
14.843
15.957
17.007
17.788
18.574
19.437
20.274
21.089
21.676
22.282
22.973
23.643
24.129
24.599
25.226
25.914
26.598
27.346
28.147
28.921
29.545
30.088
30.406
30.434
30.192
29.532
28.458
27.034
25.167
22.898
20.114
17.222
14.084
10.772
7.411
3.954
0.654
-2.405
-5.374
-8.175
-10.787
-13.052
-15.059
-16.913
-18.769
-20.452
-21.891
-23.14
-24.423
-25.549
-26.433
-27.036
-27.499
-27.854
-28.058
-28.202
-28.149
-27.93
-27.786
-27.586
-27.246
-26.674
-26.025
-25.374
-24.564
-23.606
-22.529
-21.315
-20.159
-18.918
-17.678
-16.312
-15.013
-13.847
-12.701
-11.626
-10.651
-9.734
-8.942
-8.116
-7.444
-6.601
-5.569
-4.565
-3.534
-2.239
-0.794
0.707
2.176
3.74
5.265
6.732
8.096
9.393
10.535
11.458
12.385
13.35
14.123
14.843
15.467
16.146
16.762
17.202
17.396
17.474
17.422
17.171
16.578
15.767
14.663
13.466
12.077
10.446
8.635
6.771
4.904
3.047
1.03
-1.009
-3.02
-4.979
-7.005
-9.027
-11.032
-12.987
-14.884
-16.657
-18.374
-20.149
-21.955
-23.599
-25.278
-27.05
-28.852
-30.621
-32.354
-33.991
-35.673
-37.308
-38.941
-40.39
-41.654
-42.808
-43.771
-44.608
-45.134
-45.222
-45.32
-45.555
-45.534
-45.233
-45.083
-45.05
-44.922
-44.609
-44.22
-43.758
-43.226
-42.47
-41.588
-40.491
-39.145
-37.524
-35.619
-33.474
-31.016
-28.131
-25.183
-22.308
-19.45
-16.433
-13.589
-11.044
-8.771
-6.627
-4.597
-2.847
-1.532
-0.443
0.349
1.058
1.528
1.697
1.66
1.65
1.706
1.628
1.309
1.164
1.069
1.046
1.048
0.974
1.018
1.297
1.555
1.802
2.025
2.378
2.77
3.159
3.434
3.803
4.302
4.818
5.329
5.953
6.611
7.408
8.074
8.812
9.558
10.409
11.241
12.087
13.018
14.117
15.192
16.269
17.33
18.49
19.53
20.479
21.36
22.082
22.637
23.126
23.284
23.297
23.155
22.748
22.068
21.362
20.514
19.409
18.225
17.09
15.903
14.679
13.277
11.973
10.719
9.488
8.232
6.97
5.793
4.765
3.721
2.673
1.526
0.471
-0.552
-1.597
-2.8
-4.043
-5.224
-6.403
-7.658
-8.871
-10.126
-11.205
-12.149
-12.945
-13.561
-14.071
-14.385
-14.285
-14.109
-13.872
-13.622
-13.134
-12.603
-12.103
-11.651
-11.15
-10.504
-9.648
-8.781
-7.816
-6.771
-5.543
-4.274
-3.042
-1.865
-0.72
0.378
1.509
2.515
3.468
4.196
5.016
5.901
6.704
7.468
8.296
9.264
10.392
11.431
12.389
13.274
14.209
15.083
15.816
16.439
17.13
17.886
18.723
19.452
20.181
20.886
21.601
22.247
22.811
23.312
23.731
24.131
24.491
24.596
24.576
24.294
23.899
23.342
22.673
21.902
21.121
20.304
19.552
18.741
17.818
16.711
15.65
14.481
13.249
11.97
10.6
9.212
7.984
6.68
5.318
3.899
2.696
1.575
0.505
-0.509
-1.364
-2.138
-2.732
-3.254
-3.761
-4.32
-4.682
-4.928
-5.07
-5.249
-5.367
-5.197
-4.888
-4.662
-4.305
-4.002
-3.553
-3.051
-2.582
-2.113
-1.578
-1.036
-0.377
0.258
0.904
1.378
1.951
2.679
3.383
4.01
4.683
5.494
6.491
7.348
8.095
8.772
9.521
10.191
10.77
11.176
11.563
12.064
12.621
12.993
13.387
13.656
14.112
14.457
14.632
14.757
14.804
14.799
14.731
14.46
14.117
13.648
13.136
12.577
12.011
11.284
10.534
9.898
9.296
8.622
7.968
7.234
6.662
6.22
5.65
5.151
4.85
4.656
4.557
4.43
4.432
4.308
4.138
3.917
3.61
3.133
2.499
1.837
1.255
0.563
-0.247
-1.177
-1.979
-2.777
-3.753
-4.808
-5.788
-6.745
-7.632
-8.618
-9.625
-10.655
-11.668
-12.756
-13.897
-15.129
-16.351
-17.509
-18.586
-19.736
-20.76
-21.788
-22.751
-23.654
-24.462
-25.258
-26.008
-26.642
-27.039
-27.44
-27.737
-27.997
-28.081
-28.031
-27.847
-27.613
-27.246
-26.668
-25.885
-25.058
-24.153
-23.342
-22.358
-21.322
-20.404
-19.505
-18.555
-17.465
-16.269
-15.059
-13.721
-12.307
-10.778
-9.172
-7.483
-5.813
-4.172
-2.504
-0.769
0.818
2.253
3.557
4.855
6.032
7.098
8.091
9.024
9.904
10.772
11.511
12.17
12.566
12.915
13.235
13.436
13.488
13.498
13.536
13.606
13.677
13.79
13.79
13.938
14.276
14.643
14.886
15.185
15.559
15.94
16.162
16.331
16.356
16.399
16.48
16.59
16.599
16.625
16.786
17.136
17.42
17.64
17.848
18.208
18.517
18.747
18.805
18.752
18.722
18.651
18.367
18.001
17.474
17.161
16.86
16.311
15.735
15.261
14.747
14.111
13.309
12.54
11.636
10.697
9.756
8.78
7.718
6.688
5.692
4.778
3.798
2.865
1.946
1.187
0.464
-0.211
-0.849
-1.388
-1.88
-2.313
-2.709
-3.061
-3.467
-3.748
-3.842
-3.941
-4.028
-3.99
-3.795
-3.462
-3.152
-2.804
-2.369
-1.761
-1.169
-0.616
-0.033
0.667
1.374
2.114
2.903
3.83
4.838
5.974
7.171
8.505
9.873
11.161
12.409
13.643
14.654
15.505
16.123
16.653
17.043
17.299
17.411
17.495
17.551
17.566
17.494
17.416
17.302
17.184
17.034
16.902
16.816
16.712
16.585
16.516
16.452
16.392
16.218
16.069
15.936
15.83
15.668
15.434
15.22
15.05
14.769
14.408
13.967
13.537
13.043
12.549
12.063
11.595
11.133
10.752
10.393
10.108
9.731
9.434
9.206
9.007
8.823
8.588
8.319
8.039
7.647
7.186
6.499
5.726
4.904
4.116
3.281
2.314
1.404
0.693
-0.009
-0.745
-1.489
-2.094
-2.596
-3.07
-3.607
-4.102
-4.551
-4.967
-5.409
-5.826
-6.305
-6.724
-7.031
-7.283
-7.573
-7.844
-8.072
-8.218
-8.364
-8.55
-8.784
-8.922
-9.033
-9.116
-9.248
-9.383
-9.493
-9.522
-9.524
-9.492
-9.534
-9.433
-9.197
-9.014
-8.87
-8.73
-8.587
-8.443
-8.388
-8.343
-8.347
-8.348
-8.32
-8.241
-8.166
-8.128
-8.08
-7.902
-7.747
-7.606
-7.569
-7.517
-7.441
-7.416
-7.541
-7.742
-8.01
-8.202
-8.443
-8.748
-9.053
-9.252
-9.382
-9.431
-9.504
-9.579
-9.627
-9.596
-9.593
-9.655
-9.863
-10.035
-10.155
-10.389
-10.775
-11.166
-11.567
-11.931
-12.297
-12.678
-13.065
-13.308
-13.497
-13.684
-13.886
-14.073
-14.287
-14.42
-14.509
-14.59
-14.742
-14.725
-14.594
-14.457
-14.385
-14.31
-14.197
-14.052
-13.965
-13.918
-13.941
-13.963
-13.971
-13.965
-14.105
-14.317
-14.413
-14.356
-14.26
-14.179
-14.089
-13.703
-13.203
-12.886
-12.662
-12.25
-11.787
-11.438
-11.193
-10.837
-10.454
-10.126
-9.822
-9.479
-9.052
-8.646
-8.233
-7.683
-7.128
-6.605
-6.121
-5.594
-5.082
-4.619
-4.209
-3.771
-3.334
-2.877
-2.428
-1.931
-1.451
-0.93
-0.37
0.214
0.787
1.344
1.923
2.536
3.082
3.618
4.13
4.629
5.087
5.531
5.921
6.312
6.674
7.004
7.312
7.676
7.964
8.166
8.378
8.59
8.728
8.746
8.728
8.703
8.639
8.57
8.401
8.235
8.089
7.968
7.772
7.532
7.233
6.945
6.614
6.202
5.67
5.106
4.539
3.959
3.352
2.736
2.164
1.726
1.364
1.048
0.742
0.512
0.359
0.222
0.064
-0.093
-0.239
-0.34
-0.422
-0.481
-0.591
-0.68
-0.689
-0.617
-0.586
-0.576
-0.491
-0.331
-0.214
-0.108
-0.033
0.085
0.205
0.357
0.49
0.614
0.753
0.944
1.157
1.421
1.659
1.945
2.297
2.687
3.055
3.306
3.563
3.882
4.113
4.325
4.494
4.703
4.933
5.173
5.392
5.6
5.817
6.069
6.338
6.615
6.791
6.986
7.184
7.346
7.431
7.47
7.485
7.583
7.68
7.758
7.809
7.891
7.968
7.992
7.928
7.789
7.604
7.384
7.116
6.788
6.382
5.972
5.56
5.156
4.72
4.295
3.912
3.582
3.253
2.951
2.593
2.239
1.87
1.464
1.015
0.538
0.025
-0.466
-0.924
-1.358
-1.838
-2.263
-2.651
-2.999
-3.332
-3.657
-3.975
-4.232
-4.465
-4.669
-4.939
-5.217
-5.449
-5.639
-5.827
-6.003
-6.13
-6.119
-6.028
-5.891
-5.781
-5.638
-5.469
-5.294
-5.209
-5.209
-5.194
-5.131
-5.096
-5.048
-4.987
-4.863
-4.687
-4.483
-4.24
-3.995
-3.773
-3.51
-3.233
-3.012
-2.911
-2.822
-2.74
-2.705
-2.736
-2.767
-2.761
-2.715
-2.649
-2.545
-2.458
-2.384
-2.338
-2.303
-2.286
-2.358
-2.475
-2.541
-2.594
-2.641
-2.745
-2.814
-2.834
-2.796
-2.748
-2.713
-2.613
-2.399
-2.172
-1.955
-1.76
-1.566
-1.403
-1.277
-1.211
-1.206
-1.248
-1.263
-1.293
-1.341
-1.438
-1.512
-1.585
-1.649
-1.732
-1.835
-1.933
-1.999
-2.062
-2.124
-2.208
-2.3
-2.384
-2.425
-2.463
-2.516
-2.552
-2.527
-2.471
-2.418
-2.431
-2.454
-2.49
-2.551
-2.663
-2.823
-2.999
-3.136
-3.26
-3.363
-3.484
-3.568
-3.615
-3.618
-3.595
-3.569
-3.532
-3.428
-3.285
-3.132
-3.024
-2.905
-2.777
-2.641
-2.519
-2.431
-2.354
-2.229
-2.066
-1.899
-1.772
-1.624
-1.435
-1.239
-1.062
-0.896
-0.757
-0.582
-0.393
-0.224
-0.115
0.005
0.148
0.309
0.465
0.601
0.758
0.966
1.165
1.362
1.498
1.606
1.712
1.783
1.807
1.793
1.745
1.705
1.68
1.656
1.572
1.504
1.463
1.443
1.399
1.329
1.27
1.24
1.209
1.165
1.087
0.997
0.907
0.825
0.716
0.569
0.421
0.309
0.194
0.069
-0.088
-0.249
-0.426
-0.617
-0.842
-1.104
-1.404
-1.689
-1.974
-2.245
-2.554
-2.854
-3.122
-3.355
-3.583
-3.818
-4.044
-4.215
-4.367
-4.528
-4.712
-4.899
-5.084
-5.263
-5.456
-5.668
-5.865
-6.018
-6.151
-6.242
-6.328
-6.396
-6.437
-6.439
-6.428
-6.428
-6.439
-6.415
-6.353
-6.276
-6.235
-6.174
-6.066
-5.922
-5.781
-5.643
-5.489
-5.291
-5.079
-4.862
-4.673
-4.483
-4.276
-4.063
-3.87
-3.697
-3.521
-3.316
-3.106
-2.89
-2.688
-2.479
-2.255
-2.019
-1.799
-1.587
-1.382
-1.173
-0.961
-0.763
-0.6
-0.453
-0.322
-0.198
-0.091
-0.013
0.051
0.127
0.214
0.308
0.376
0.438
0.506
0.583
0.647
0.691
0.728
0.794
0.874
0.962
1.045
1.135
1.24
1.36
1.47
1.571
1.667
1.769
1.874
1.982
2.067
2.136
2.202
2.281
2.349
2.396
2.448
2.517
2.597
2.684
2.758
2.825
2.887
2.951
3.003
3.035
3.05
3.071
3.1
3.125
3.132
3.128
3.12
3.12
3.107
3.076
3.037
3.001
2.972
2.941
2.888
2.826
2.759
2.692
2.615
2.526
2.428
2.338
2.256
2.183
2.099
2.012
1.933
1.863
1.793
1.715
1.636
1.566
1.504
1.443
1.375
1.304
1.232
1.168
1.107
1.043
0.98
0.928
0.885
0.848
0.808
0.766
0.721
0.681
0.642
0.602
0.56
0.522
0.491
0.469
0.444
0.416
0.386
0.358
0.332
0.304
0.271
0.237
0.204
0.176
0.146
0.112
0.076
0.044
0.02
0
