0.606
1.112
1.609
2.143
2.724
2.913
2.436
2.169
2.076
1.838
0.957
0.45
-0.153
-0.432
-1.676
-2.76
-3.346
-4.155
-5.742
-6.681
-8.328
-7.518
-8.533
-10.646
-9.972
-9.374
-9.467
-10.489
-10.317
-10.24
-9.363
-9.919
-10.446
-10.634
-9.531
-9.067
-8.69
-8.305
-6.931
-5.405
-4.007
-3.389
-0.611
-1.208
-0.642
1.956
3.263
1.974
2.264
3.484
6.079
7.021
4.112
5.707
8.187
9.97
7.425
5.422
7.208
7.012
7.573
2.091
0.328
2.236
1.489
-1.504
-3.973
-4.594
-2.498
-4.296
-5.839
-8.157
-7.436
-7.97
-9.898
-10.715
-13.92
-14.093
-10.961
-10.685
-12.935
-8.926
0.074
-0.072
5.647
11.342
17.057
18.253
23.889
25.148
20.167
23.234
19.26
14.48
11.036
7.949
7.96
2.458
4.541
14.064
9.859
16.097
23.277
35.1
33.895
35.255
44.128
46.591
42.447
40.604
38.383
33.368
36.238
28.806
18.514
24.094
27.281
17.568
15.624
18.622
20.106
11.898
9.08
7.059
-1.965
-3.69
-11.587
-23.218
-27.378
-30.075
-35.598
-48.606
-48.804
-45.779
-51.81
-61.419
-55.537
-55.192
-58.444
-60.652
-55.779
-53.617
-54.771
-45.534
-41.19
-39.046
-27.021
-22.508
-11.951
-6.684
-0.453
7.615
10.572
18.427
20.974
22.578
25.223
32.651
40.039
39.499
43.97
58.64
64.785
73.068
77.912
82.889
96.624
93.51
97.343
93.569
88.455
87.707
82.892
71.921
62.14
62.575
54.819
53.609
46.715
47.042
44.99
41.887
44.59
37.278
25.56
21.966
15.512
4.205
-13.654
-24.111
-32.048
-42.265
-51.72
-55.042
-66.028
-65.89
-60.252
-61.936
-66.88
-70.283
-61.9
-61.683
-67.354
-74.779
-76.041
-74.26
-73.389
-77.545
-83.78
-78.95
-64.339
-58.99
-59.599
-53.228
-34.604
-21.361
-12.563
-12.724
-0.954
17.759
21.911
28.721
35.92
43.785
62.796
72.566
84.776
95.382
111.138
132.277
145.684
154.408
161.547
176.158
180.272
186.387
180.1
173.696
178.048
172.467
158.717
152.849
143.463
138.206
125.556
118.662
107.502
92.205
87.614
74.911
62.406
49.253
40.967
32.142
23.705
16.684
14.9
9.189
5.721
9.927
8.463
4.54
3.863
3.849
3.709
1.337
-0.156
2.261
5.596
14.195
27.404
39.459
58.114
80.948
105.158
132.93
156.724
175.334
194.494
217.997
233.941
232.75
232.738
245.792
251.894
246.507
239.447
249.087
262.756
270.099
274.725
282.442
300.913
314.935
317.308
313.123
309.207
300.982
280.038
249.297
213.318
168.763
123.736
74.504
24.391
-31.986
-86.547
-130.638
-165.598
-210.461
-255.807
-278.644
-295.736
-318.674
-342.185
-350.239
-355.111
-360.165
-365.448
-368.75
-370.064
-368.561
-366.552
-369.101
-369.509
-369.56
-370.736
-374.754
-381.515
-386.216
-391.385
-400.21
-403.812
-398.74
-387.501
-370.712
-348.482
-292.409
-239.702
-191.583
-131.774
-71.138
-23.35
14.249
45.907
67.799
85.901
103.267
120.655
138.506
164.99
203.484
246.308
288.124
333.065
378.43
412.256
438.349
454.374
462.701
466.748
463.88
452.922
444.873
440.109
424.49
411.891
410.446
400.76
392.449
388.012
379.143
364.672
347.245
329.694
288.46
248.311
207.379
163.73
122.867
78.58
48.286
28.866
21.942
6.841
6.303
9.596
16.621
13.976
7.509
-8.631
-27.016
-53.807
-88.815
-127.601
-171.079
-208.635
-236.891
-266.477
-288.834
-299.888
-302.909
-302.613
-300.661
-301.226
-301.944
-307.496
-317.126
-326.035
-342.172
-365.352
-384.451
-397.045
-414.766
-435.373
-451.486
-462.439
-471.084
-479.76
-491.132
-503.731
-509.882
-513.167
-521.476
-534.998
-540.769
-543.468
-543.543
-539.812
-532.82
-523.711
-505.204
-465.311
-419.493
-388.625
-342.327
-270.2
-208.505
-182.08
-161.85
-137.919
-116.438
-131.096
-164.628
-169.777
-173.535
-192.502
-201.22
-193.292
-175.646
-154.789
-128.134
-102.419
-70.772
-42.615
-26.502
-17.828
-10.536
-11.359
-24.413
-44.38
-59.553
-74.596
-93.947
-112.892
-124.42
-129.362
-136.337
-138.349
-139.236
-137.865
-140.015
-135.308
-125.277
-117.29
-114.4
-101.379
-59.721
-30.356
-1.116
43.497
107.82
176.53
233.985
285.278
349.038
403.461
456.611
496.604
529.926
570.821
617.433
650.302
673.813
695.604
713.551
728.154
736.334
733.516
721.222
710.032
705.163
695.383
664.552
629.288
597.206
552.75
479.526
392.958
246.399
135.772
17.817
-117.435
-236.924
-310.085
-353.146
-372.173
-363.735
-346.851
-324.883
-239.079
-146.587
-105.077
-45.753
52.349
120.636
154.896
181.647
208.797
229.73
241.413
227.837
217.099
224.346
218.682
205.179
202.362
205.821
204.282
191.476
194.273
198.179
183.579
164.426
155.347
141.106
119.832
92.759
64.59
39.163
18.491
-3.448
-34.166
-56.976
-69.794
-82.709
-89.497
-106.844
-111.846
-107.024
-100.478
-99.435
-96.656
-89.874
-80.034
-74.137
-76.811
-86.783
-99.187
-114.899
-137.404
-167.441
-205.609
-241.477
-268.152
-295.465
-316.208
-346.745
-349.557
-340.66
-336.242
-337.579
-325.633
-312.196
-300.286
-291.768
-296.272
-296.637
-286.354
-276.021
-287.676
-281.568
-260.889
-236.197
-214.106
-190.861
-149.159
-99.95
-63.437
-33.372
7.154
45.534
62.022
74.329
99.464
101.321
99.846
113.529
119.961
114.006
124.896
138.784
143.826
142.872
146.188
142.954
128.551
109.835
72.917
35.933
-5.78
-55.204
-109.375
-162.858
-211.735
-249.657
-282.415
-317.907
-335.138
-345.061
-345.393
-347.574
-344.82
-335.368
-308.548
-282.435
-259.654
-226.079
-183.485
-144.337
-106.385
-66.092
-26.949
4.705
43.554
83.684
110.911
136.589
172.031
209.133
243.801
265.461
287.712
329.382
347.646
360.95
375.13
387.671
399.789
411.729
418.375
410.454
407.59
410.038
389.975
356.747
315.568
286.52
245.742
198.188
157.009
130.754
121.585
100.006
79.976
88.437
79.239
48.143
44.045
20.494
-23.899
-57.789
-100.154
-141.387
-178.873
-218.69
-245.975
-259.378
-269.223
-269.827
-254.855
-240.326
-220.295
-189.875
-164.184
-137.31
-109.338
-93.281
-76.762
-47.308
-22.777
-39.903
-26.004
8.882
8.424
-3.092
8.369
18.572
20.404
24.201
30.532
36.944
35.898
57.093
91.575
98.374
96.211
120.577
170.971
185.404
172.495
157.237
180.973
215.399
174.304
105.198
120.655
136.793
105.456
59.915
39.664
55.861
67.271
46.106
18.766
15.455
11.832
0.948
-31.642
-94.403
-131.177
-151.549
-196.242
-241.212
-272.152
-290.059
-280.353
-236.447
-202.853
-190.85
-120.247
-19.638
41.148
69.459
95.988
137.122
171.787
132.018
82.962
50.895
13.912
-38.176
-84.781
-124.892
-146.542
-151.833
-136.355
-107.939
-89.318
-74.663
-24.076
26.033
35.911
31.61
29.857
51.347
49.508
14.58
-5.806
3.263
16.363
22.449
38.578
63.828
100.01
143.953
177.994
190.876
194.068
200.986
187.182
154.045
98.919
48.537
-4.88
-55.694
-98.812
-139.851
-177.054
-179.523
-167.686
-168.108
-164.852
-148.277
-123.973
-114.204
-133.519
-138.197
-132.585
-163.406
-189.718
-194.004
-192.806
-198.078
-189.174
-155.479
-105.049
-54.799
-6.091
50.29
120.672
189.518
225.013
252.722
292.415
315.685
322.691
320.498
304.438
291.773
283.256
261.592
216.73
174.896
145.906
112.906
51.803
-9.581
-62.483
-114.507
-168.84
-227.674
-284.612
-325.764
-349.995
-371.187
-380.448
-375.384
-356.3
-315.907
-257.607
-198.847
-148.187
-74.201
23.377
88.179
135.696
196.411
253.319
288.685
301.661
301.356
301.444
287.776
259.157
223.979
178.609
137.227
103.896
62.332
16.191
-14.655
-30.509
-42.251
-54.927
-54.367
-35.218
-1.522
31.413
57.668
110.28
177.668
220.796
256.25
302.61
351.833
368.621
377.68
386.388
393.372
388.424
368.871
343.549
317.774
264.689
207.609
149.942
83.76
16.684
-38.866
-76.47
-106.736
-135.173
-146.451
-132.987
-119.846
-114.843
-102.25
-85.902
-75.765
-72.757
-82.974
-93.306
-100.738
-109.873
-123.416
-131.521
-130.387
-121.327
-104.067
-83.176
-64.088
-34.401
-1.137
20.209
36.195
51.747
56.81
52.742
47.417
31.235
5.497
-13.027
-36.647
-64.131
-86.572
-113.104
-133.972
-150.026
-165.569
-186.427
-200.52
-206.147
-216.863
-225.429
-226.368
-228.845
-226.122
-215.273
-209.096
-203.932
-196.149
-188.281
-185.84
-192.163
-202.466
-214.913
-228.788
-243.62
-258.49
-266.894
-265.656
-250.974
-225.404
-189.476
-150.814
-106.681
-50.106
1.302
20.492
27.884
44.294
35.127
-17.143
-71.158
-123.357
-180.223
-239.102
-297.954
-330.781
-350.229
-353.545
-342.389
-319.302
-281.515
-219.2
-148.962
-74.162
-4.548
62.651
129.342
187.173
223.365
245.165
262.215
276.029
282.471
275.43
266.793
263.451
264.696
263.788
252.33
240.743
235.523
224.555
207.349
173.293
138.944
112.599
77.945
34.779
-4.833
-37.109
-60.411
-80.403
-98.418
-108.857
-107.114
-100.27
-94.593
-85.368
-71.316
-55.913
-41.904
-26.291
-6.696
9.666
25.457
45.536
66.481
83.692
96.593
107.934
119.284
122.416
120.766
113.125
98.619
84.821
69.481
48.028
26.231
8.093
-3.857
-12.787
-22.907
-28.181
-25.86
-22.568
-20.207
-16.469
-17.496
-19.965
-19.747
-28.025
-40.418
-51.482
-64.182
-75.491
-80.183
-86.247
-90.022
-81.196
-63.495
-47.236
-28.952
-4.005
24.884
50.704
71.307
86.18
98.4
109.986
111.888
104.582
96.324
89.739
79.29
64.411
49.663
36.477
24.469
10.519
-8.69
-27.412
-46.898
-70.285
-98.005
-127.112
-156.911
-189.422
-217.198
-242.838
-271.12
-289.212
-300.82
-308.388
-310.938
-306.89
-296.237
-280.043
-261.274
-238.927
-213.287
-186.858
-157.639
-124.941
-93.771
-65.199
-31.783
5.846
39.083
68.46
99.851
133.233
162.511
185.496
202.539
218.46
231.284
235.597
231.404
222.565
213.213
199.509
179.807
157.613
138.544
122.035
103.352
88.073
79.529
71.508
65.699
63.828
65.335
65.387
61.243
57.991
54.274
46.57
31.802
13.325
-4.543
-22.081
-42.45
-65.579
-84.916
-97.209
-106.19
-113.379
-117.783
-117.856
-110.316
-100.186
-95.134
-90.953
-80.629
-72.48
-70.212
-68.454
-67.934
-69.565
-66.622
-63.833
-65.242
-63.218
-51.433
-40.521
-28.275
-15.795
1.135
23.706
41.889
57.304
76.361
94.108
109.728
125.038
138.775
151.968
165.917
180.567
194.974
207.727
219.45
231.748
240.782
244.851
243.667
236.852
226.506
208.213
182.963
153.164
121.86
87.309
52.523
18.029
-14.031
-37.864
-60.269
-81.181
-90.176
-97.629
-105.87
-105.846
-105.538
-109.47
-109.372
-108.877
-113.405
-116.139
-117.531
-121.698
-121.213
-116.596
-114.895
-107.472
-93.742
-78.792
-63.378
-47.881
-29.455
-10.545
1.656
10.601
17.27
19.394
18.107
12.31
-0.062
-10.887
-18.844
-31.44
-43.53
-50.968
-55.849
-57.477
-58.253
-59.99
-58.176
-52.882
-49.9
-51.776
-50.883
-48.362
-46.329
-48.294
-48.526
-43.922
-40.255
-35.244
-27.745
-21.72
-12.582
-1.253
6.411
12.508
18.067
22.885
26.704
24.278
20.966
18.144
13.066
6.852
0.159
-7.2
-14.949
-18.12
-22.352
-29.806
-33.19
-34.37
-37.988
-40.42
-43.814
-47.45
-51.011
-53.958
-58.349
-63.024
-68.158
-71.24
-70.952
-73.222
-73.15
-69.582
-64.888
-54.801
-45.968
-37.697
-22.185
-6.769
5.836
22.047
37.512
48.617
61.889
75.829
83.458
88.546
93.751
98.895
102.785
101.069
97.784
100.938
101.944
98.201
96.873
95.94
95.783
94.285
89.667
84.881
81.168
73.323
64.721
55.706
44.392
34.944
25.558
13.262
6.714
2.143
-4.331
-9.064
-9.917
-7.11
-6.846
-10.404
-7.976
-4.525
-8.036
-10.823
-13.895
-20.617
-24.915
-30.851
-41.085
-48.584
-55.286
-62.628
-67.011
-72.984
-82.011
-83.66
-85.717
-91.351
-96.838
-102.308
-105.521
-107.709
-112.963
-119.322
-120.545
-117.54
-117.581
-116.47
-109.118
-101.5
-92.406
-81.371
-67.974
-56.302
-43.308
-27.766
-11.875
1.572
15.309
32.749
48.958
63.821
81.769
98.742
112.788
130.084
147.717
160.471
170.411
181.625
189.933
195.18
195.951
192.455
189.156
183.586
173.279
160.85
148.928
135.062
122.74
111.002
96.944
84.824
76.74
67.956
58.635
51.311
44.029
37.056
31.081
24.186
17.024
10.783
4.072
-0.707
-3.624
-9.332
-12.82
-12.225
-12.692
-12.41
-11.319
-10.867
-6.891
-2.714
-1.759
1.254
6.794
9.485
15.027
20.596
23.178
29.153
37.104
40.537
44.176
50.107
53.512
56.3
58.782
57.976
59.218
60.645
56.914
53.836
54.935
53.1
47.771
47.872
47.778
46.465
48.208
48.029
50.475
54.556
56.501
58.455
62.196
63.019
61.188
61.61
60.202
53.138
44.981
40.644
35.438
22.419
11.704
8.572
0.902
-8.958
-13.489
-16.657
-20.289
-23.399
-23.784
-24.702
-26.537
-26.732
-27.135
-28.171
-30.027
-33.783
-35.94
-36.961
-41.193
-45.193
-46.842
-47.287
-47.786
-46.408
-43.535
-39.389
-32.468
-25.17
-15.262
-7.837
-0.245
10.873
19.216
23.085
27.77
32.256
33.514
35.659
33.548
31.321
33.349
32.384
29.926
30.184
30.889
31.973
32.124
30.91
31.861
32.869
29.414
26.424
26.141
23.281
17.941
14.516
11.983
8.96
5.708
1.274
-1.743
-3.235
-7.038
-12.598
-17.735
-22.034
-27.686
-35.804
-43.667
-49.52
-56.479
-62.766
-67.609
-72.147
-72.805
-72.068
-72.087
-67.761
-60.624
-54.809
-47.027
-35.566
-26.294
-16.504
-4.395
5.553
14.327
24.296
31.573
37.313
42.91
46.32
47.588
49.301
49.289
48.432
46.824
45.651
45.282
43.524
41.979
41.815
41.917
40.612
39.796
39.481
38.767
37.039
35.61
35.266
33.996
32.739
32.854
34.149
35.773
37.349
39.622
44.347
48.345
51.35
54.864
57.977
61.339
62.927
62.901
63.348
62.951
61.931
60.405
58.752
57.813
55.84
54.902
54.19
52.29
49.406
45.17
41.027
33.747
23.698
11.085
-2.734
-16.898
-33.977
-51.686
-67.645
-81.768
-93.038
-102.393
-108.451
-109.825
-107.711
-103.363
-95.582
-87.354
-78.859
-69.902
-61.377
-54.236
-51.164
-49.481
-47.256
-45.75
-46.84
-47.699
-47.35
-43.211
-37.83
-32.439
-26.129
-16.916
-5.444
5.15
11.97
16.866
23.877
28.62
27.493
23.774
20.063
16.075
11.546
4.762
-3.733
-7.807
-9.785
-15.012
-20.396
-23.22
-26.135
-30.854
-36.099
-42.242
-48.57
-55.248
-61.888
-68.378
-72.725
-76.093
-78.844
-78.422
-74.285
-70.724
-67.038
-59.021
-52.067
-45.187
-37.049
-32.605
-26.78
-19.669
-14.939
-9.851
-4.563
1.201
9.642
17.646
25.692
34.289
42.518
51.564
59.195
62.861
64.384
64.704
62.773
58.788
49.165
39.782
31.696
22.856
13.235
6.063
-0.144
-3.454
-1.495
0.295
2.332
6.968
15.132
24.458
29.234
32.108
37.261
41.674
42.067
38.034
32.946
29.592
25.723
18.322
9.732
5.413
2.214
-0.879
-3.884
-6.567
-7.139
-6.598
-9.232
-12.889
-16.586
-21.721
-29.403
-37.663
-46.004
-54.967
-63.835
-71.431
-75.193
-76.805
-79.25
-78.34
-72.375
-65.1
-59.659
-54.165
-46.15
-37.085
-32.256
-28.842
-24.932
-20.126
-17.808
-15.083
-11.605
-8.226
-3.387
3.279
9.738
15.315
21.778
28.418
33.791
36.784
37.056
36.309
35.068
29.688
22.969
16.172
8.948
1.911
-5.395
-11.062
-14.809
-18.146
-20.844
-21.229
-20.491
-20.405
-20.038
-19.219
-17.939
-15.41
-15.473
-15.109
-12.332
-9.114
-6.315
-4.885
-0.932
3.964
7.955
11.085
13.211
16.34
19.761
19.822
19.154
20.424
19.454
16.261
15.505
14.145
10.007
6.369
3.748
0.353
-3.506
-10.139
-16.425
-20.087
-26.159
-34.67
-42.514
-47.56
-52.514
-57.753
-62.806
-64.385
-63.379
-60.749
-58.611
-54.386
-47.641
-40.118
-34.367
-28.82
-23.623
-18.998
-15.94
-14.164
-13.813
-13.359
-11.76
-11.482
-10.397
-7.173
-3.487
0.489
6.768
11.767
16.208
21.374
23.906
24.377
22.337
18.38
12.721
3.816
-7.443
-17.624
-27.611
-39.395
-49.459
-55.323
-60.601
-63.836
-63.556
-61.744
-58.033
-51.987
-46.733
-41.933
-35.226
-30.132
-27.66
-24.515
-21.784
-20.133
-17.887
-15.87
-12.667
-6.779
-0.499
5.232
13.803
23.528
31.556
38.702
45.085
48.891
51.891
51.073
47.345
41.801
35.349
27.194
17.807
8.077
-0.186
-6.838
-12.639
-17.34
-19.597
-19.85
-18.881
-16.904
-14.623
-11.681
-8.851
-6.695
-4.187
-3.785
-3.592
-3.059
-3.638
-4.282
-4.635
-5.969
-6.133
-5.93
-6.196
-7.04
-7.211
-7.335
-8.04
-8.584
-9.739
-11.247
-11.186
-11.649
-12.783
-13.015
-12.81
-12.759
-12.874
-13.303
-14.445
-15.731
-17.495
-20.142
-23.672
-26.952
-29.864
-33.199
-35.322
-36.456
-37.154
-35.739
-32.961
-29.636
-25.903
-20.166
-14.729
-10.217
-4.927
-1.583
1.104
4.031
4.431
3.038
2.996
2.195
0.108
-1.07
-1.773
-1.824
0.088
1.981
3.476
7.074
11.082
14.285
16.36
18.157
19.075
19.17
18.529
16.618
13.103
11.647
10.574
9.773
7.54
8.315
11.862
15.21
16.854
20.687
27.157
30.353
33.387
36.351
38.511
39.226
37.713
36.615
34.7
30.704
25.898
22.167
19.326
14.96
10.006
7.717
6.368
4.039
2.056
0.292
-1.334
-2.019
-4.105
-7.349
-10.182
-12.647
-14.746
-16.826
-19.755
-20.724
-18.63
-16.892
-15.501
-10.858
-5.62
-0.145
5.342
10.662
16.811
20.031
23.957
28.015
29.598
30.076
30.985
32.619
32.32
31.277
31.05
31.462
30.41
29.289
28.415
26.462
25.468
23.286
20.99
18.6
16.029
13.702
11.389
8.811
5.884
3.861
2.76
-0.651
-2.533
-4.516
-6.938
-8.915
-12.634
-16.312
-18.831
-22.346
-27.512
-30.806
-33.305
-35.929
-37.122
-37.123
-34.79
-31.486
-26.487
-20.286
-13.121
-5.204
1.703
8.911
15.8
20.804
24.491
27.812
30.431
32.328
33.363
34.629
35.813
38.307
39.865
40.658
42.671
43.329
43.48
43.224
39.736
36.812
33.328
26.969
21.04
15.367
7.902
2.1
-2.643
-7.378
-10.339
-12.846
-13.818
-12.294
-11.299
-9.886
-8.196
-5.87
-2.897
-1.997
-2.21
-1.889
-1.755
-1.015
-1.806
-3.085
-1.976
1.383
3.795
6.014
9.508
15.016
19.727
22.681
24.795
26.345
26.055
24.251
21.876
15.945
10.055
5.213
0.536
-4.041
-9.35
-11.453
-10.657
-9.904
-8.36
-7.479
-4.316
0.533
1.928
1.545
1.373
1.003
0.294
-3.394
-7.85
-10.381
-11.376
-12.047
-13.637
-13.144
-10.022
-5.36
-1.247
1.385
4.816
10.592
13.626
13.017
13.186
12.507
10.422
7.734
2.821
-2.233
-6.253
-9.752
-13.967
-18.719
-22.999
-24.355
-25.848
-28.916
-31.222
-32.158
-31.468
-32.027
-32.992
-32.796
-31.876
-29.966
-28.428
-27.473
-25.813
-22.244
-18.856
-16.454
-13.521
-9.834
-6.068
-1.803
1.396
4.215
8.288
11.806
14.464
17.093
19.563
21.277
22.282
23.253
24.067
22.796
20.54
19.108
17.45
13.822
8.976
5.946
3.211
-0.462
-3.436
-5.542
-7.23
-7.451
-7.666
-7.636
-7.739
-7.805
-7.779
-8.17
-10.208
-12.592
-15.602
-17.492
-20.237
-23.639
-25.498
-25.899
-25.166
-23.932
-21.784
-17.979
-13.297
-9.404
-5.321
-1.508
1.185
1.951
1.947
1.507
-1.379
-5.057
-8.627
-12.492
-15.495
-18.515
-20.78
-21.574
-20.508
-18.918
-17.394
-15.048
-11.421
-8.842
-7.496
-5.709
-4.7
-5.036
-6.005
-6.238
-6.829
-8.131
-8.093
-7.324
-5.951
-3.721
-1.225
1.328
4.25
7.986
9.968
11.415
12.524
12.519
13.165
12.692
10.703
9.865
9.4
9.253
8.955
8.381
7.926
8.74
9.304
8.687
6.698
5.38
4.876
2.796
-0.441
-2.796
-4.838
-6.359
-7.028
-7.93
-8.847
-8.173
-6.231
-5.262
-4.527
-4.655
-3.718
-3.386
-3.88
-6.015
-8.492
-9.464
-10.923
-12.713
-14.345
-15.189
-14.299
-12.371
-11.132
-9.693
-6.839
-3.676
-1.311
0.179
1.115
2.477
2.129
1.13
0.571
-1.218
-3.476
-5.62
-6.611
-7.983
-10.217
-11.607
-11.595
-11.312
-11.913
-11.866
-10.42
-9.735
-8.589
-6.968
-5.997
-5.256
-4.606
-3.937
-3.464
-4.561
-5.69
-6.909
-7.508
-8.12
-10.068
-10.662
-10.339
-8.284
-6.574
-4.949
-2.122
2.841
7.47
11.156
14.692
18.944
22.367
25.268
26.793
26.976
26.559
26
24.957
21.809
18.222
15.697
12.774
10.981
7.967
5.22
4.986
5.94
5.323
6.289
7.533
9.344
12.035
13.043
13.917
15.094
15.822
15.351
15.127
14
12.238
11.412
10.888
9.968
9.242
10.208
11.604
13.659
16.365
19.122
22.245
25.956
28.801
30.187
31.694
31.711
30.358
28.221
24.917
21.116
16.706
12.462
9.186
6.054
3.612
2.859
3.167
3.95
5.262
7.313
9.012
10.274
10.904
10.008
9.275
6.936
2.755
-0.225
-3.758
-8.029
-11.349
-13.621
-14.783
-15.323
-14.899
-12.941
-11.061
-8.313
-5.147
-3.345
-1.351
0.211
0.526
-0.033
-1.045
-3.109
-4.743
-7.174
-8.958
-10.799
-11.781
-11.734
-11.605
-10.39
-9.048
-6.817
-4.448
-2.358
-0.496
1.466
3.335
4.542
5.273
5.994
7.306
8.222
8.862
10.055
12.118
13.602
16.242
18.158
20.102
23.171
25.642
26.647
28.632
29.874
30.678
30.929
30.685
30.462
29.67
29.227
28.047
27.148
26.566
25.591
24.52
24.143
23.31
22.226
21.05
20.37
19.51
18.141
16.749
16.455
15.854
15.351
15.359
15.739
16.493
17.868
18.773
19.778
21.513
22.728
23.457
24.151
24.925
25.229
25.849
25.761
26.433
27.683
28.444
29.693
31.665
33.655
35.071
36.869
38.505
38.907
38.862
38.226
37.55
35.148
32.41
30.098
27.894
25.703
23.086
21.46
21.129
21.426
20.184
20.197
20.947
20.528
20.061
18.83
16.313
14.709
12.192
8.956
6.127
3.064
1.241
0.388
-0.047
-0.526
0.847
3.633
6.211
8.544
11.22
13.876
16.846
18.098
18.359
19.008
18.862
17.771
16.607
15.622
13.736
12.576
12.526
11.202
10.283
10.8
10.398
10.222
10.271
10.061
9.972
9.681
9.506
9.218
9.304
9.361
9.211
9.717
10.672
11.08
11.505
12.286
13.322
13.849
13.573
13.861
14.353
13.773
13.073
12.876
12.861
12.181
11.656
12.064
12.396
12.333
12.82
13.52
13.976
14.297
14.768
14.471
14.157
13.682
12.712
11.68
10.295
8.663
7.296
6.532
5.401
4.221
3.192
4.137
4.291
3.924
4.22
5.91
6.781
7.278
8.356
9.355
9.96
10.973
11.294
11.681
11.394
11.287
11.1
10.694
10.085
8.66
8.376
8.461
8.223
7.665
7.478
8.757
9.959
9.99
10.43
12.105
12.217
12.556
13.279
12.393
11.804
11.811
11.096
10.675
9.942
9.196
9.923
10.616
10.646
11.212
12.056
13.007
14.132
14.518
13.765
13.912
14.359
13.555
12.309
11.579
10.953
10.744
10.664
9.691
9.7
10.005
9.792
9.375
8.544
6.988
5.266
3.253
0.625
-2.392
-6.068
-8.604
-10.729
-12.715
-14.468
-15.38
-14.654
-13.29
-12.939
-11.645
-9.475
-8.696
-7.958
-7.692
-7.977
-9.515
-10.824
-12.285
-14.271
-15.723
-17.493
-18.324
-17.694
-17.567
-17.206
-15.703
-14.274
-12.373
-11.265
-10.493
-10.091
-9.679
-9.278
-10.572
-11.415
-12.33
-13.021
-13.531
-14.586
-15.463
-15.364
-15.039
-15.248
-15.425
-14.97
-14.673
-14.16
-13.968
-13.847
-13.067
-12.767
-12.285
-11.433
-11.055
-10.754
-10.082
-9.41
-9.387
-9.694
-9.336
-9.513
-10.164
-10.481
-10.846
-11.471
-11.655
-11.896
-12.14
-11.739
-11.68
-11.399
-10.552
-10.358
-9.84
-9.341
-9.327
-9.285
-9.233
-9.68
-10.091
-10.629
-10.729
-10.719
-11.047
-10.521
-9.543
-8.394
-7.122
-5.647
-3.922
-2.009
-0.827
0.379
1.166
1.449
1.591
1.471
0.335
-0.502
-0.986
-1.786
-2.642
-3.304
-3.611
-3.357
-3.477
-3.725
-3.986
-3.865
-4.128
-4.893
-6.136
-7.044
-7.661
-8.981
-10.152
-10.741
-10.879
-10.984
-10.702
-9.878
-8.994
-8.157
-7.258
-6.367
-6.197
-6.35
-7.245
-8.342
-9.649
-11.888
-14.398
-16.56
-18.475
-20.226
-22.206
-23.223
-23.69
-23.481
-23.472
-23.076
-21.914
-20.788
-19.913
-19.025
-17.694
-17.008
-16.304
-15.439
-14.85
-14.18
-13.364
-13.118
-12.486
-11.299
-11.101
-10.58
-10.192
-9.835
-9.104
-9.18
-9.401
-9.211
-8.906
-9.02
-9.075
-9.235
-9.531
-9.085
-9.382
-9.642
-10.328
-10.412
-10.356
-10.821
-11.237
-11.216
-11.048
-10.184
-9.744
-9.15
-7.822
-6.63
-5.547
-4.287
-3.421
-3.235
-2.463
-2.296
-2.699
-3.219
-4.065
-4.582
-5.228
-6.069
-7.087
-7.61
-7.928
-8.709
-9.292
-9.811
-10.655
-11.475
-12.089
-12.861
-13.786
-14.494
-14.906
-14.575
-14.476
-14.203
-13.321
-11.878
-10.682
-9.557
-8.477
-7.627
-7.02
-6.704
-7.063
-7.567
-8.499
-9.147
-9.915
-10.597
-11.08
-11.218
-10.758
-10.035
-9.245
-8.503
-7.588
-6.667
-6.277
-6.212
-6.754
-7.511
-8.621
-9.998
-11.631
-13.182
-15.033
-16.074
-17.115
-17.711
-18.507
-18.753
-18.582
-18.365
-18.279
-18.429
-18.695
-18.284
-18.527
-18.904
-19.336
-19.468
-19.207
-18.85
-18.673
-18.302
-17.361
-16.262
-15.258
-14.842
-14.357
-13.644
-13.043
-13.347
-13.655
-13.646
-13.597
-13.553
-13.433
-12.872
-12.091
-10.818
-9.476
-8.051
-6.569
-5.373
-3.992
-3.056
-2.505
-2.461
-2.312
-2.372
-2.609
-2.869
-3.041
-2.781
-2.4
-1.946
-1.167
-0.418
0.147
0.916
1.306
1.296
1.094
0.539
0.128
-0.453
-1.204
-1.845
-1.669
-1.358
-0.947
-0.385
0.952
2.169
3.093
3.975
4.541
4.662
4.653
4.009
2.974
1.869
1.044
0.134
-0.696
-1.148
-0.879
-0.06
0.346
1.472
2.799
4.029
4.812
5.353
5.742
5.591
5.024
4.105
3.168
2.209
1.083
0.578
0.057
-0.047
0.509
1.273
2.124
3.142
4.497
6.009
6.601
7.23
8.01
8.36
8.475
7.914
7.793
7.857
7.627
7.478
7.509
7.536
8.27
8.975
8.929
9.286
10.287
10.587
10.819
10.753
10.873
11.215
11.151
10.965
10.891
11.042
11.196
11.244
11.209
11.29
11.32
11.46
11.168
10.767
10.95
10.352
9.921
10.018
9.654
9.652
9.899
10.019
10.727
11.431
12.02
12.812
13.548
14.167
14.846
15.093
14.707
14.756
14.744
13.984
13.114
12.484
12.077
11.382
11.07
10.394
10.233
10.431
10.475
10.274
10.399
10.415
10.477
10.445
10.089
9.712
9.413
9.215
8.944
8.461
8.32
8.284
8.661
8.678
8.938
9.307
10.021
10.281
10.643
11.096
11.16
11.365
11.468
11.153
11.085
10.993
10.526
10.35
10.335
10.099
10.109
10.139
10.355
10.578
10.939
11.454
11.472
12.063
12.694
12.918
13.142
13.512
13.695
14.022
14.178
14.024
13.93
14.13
14.209
14.033
13.648
13.933
14.189
14.188
14.288
14.771
15.199
15.603
16.468
16.796
17.142
17.86
18.114
18.358
18.085
17.876
17.544
17.024
16.227
15.313
14.725
14
13.483
13.051
12.799
12.976
13.232
13.545
13.9
14.654
15.023
15.227
15.281
15.35
14.944
14.261
13.389
12.473
11.58
10.558
9.615
8.821
8.341
8.256
8.111
8.037
8.415
8.662
9.205
9.268
9.16
9.242
9.129
8.664
7.948
7.301
6.723
5.984
5.202
4.707
4.212
3.885
3.541
3.654
3.679
3.494
3.706
3.852
3.944
3.947
3.574
3.497
3.408
2.892
2.278
1.839
1.311
0.975
0.379
-0.094
-0.399
-0.352
-0.532
-0.691
-0.531
-0.375
-0.23
-0.142
-0.098
0.043
-0.101
0.03
-0.072
-0.292
-0.393
-0.132
-0.136
-0.157
0.108
0.679
1.078
1.423
1.942
2.44
2.909
3.267
3.426
3.482
3.573
3.763
3.558
3.439
3.431
3.752
3.768
3.865
4.291
4.625
4.823
5.155
5.395
5.435
5.4
5.349
5.213
5.185
5.044
4.847
5.031
5.503
5.721
6
6.524
7.019
7.397
7.579
7.27
7.022
6.705
5.92
4.978
4.05
3.114
2.462
1.849
1.271
0.998
0.83
0.913
0.967
0.725
0.361
0.029
-0.706
-1.638
-2.929
-4.416
-5.693
-7.119
-8.317
-9.393
-10.324
-10.503
-10.678
-10.491
-10.057
-9.61
-9.043
-8.393
-7.988
-7.721
-7.669
-7.877
-7.784
-7.986
-8.313
-8.415
-8.298
-8.071
-7.428
-7.04
-6.472
-5.734
-5.152
-4.583
-4.565
-4.874
-5.17
-5.556
-6.37
-7.349
-8.224
-8.792
-9.058
-9.117
-9.195
-9.001
-8.02
-7.165
-6.486
-6.059
-5.438
-4.818
-4.549
-4.936
-5.112
-5.289
-5.346
-5.705
-5.853
-5.627
-5.318
-4.816
-4.166
-3.542
-2.934
-2.184
-1.725
-1.439
-1.318
-1.189
-1.493
-1.67
-1.88
-2.109
-2.239
-2.348
-2.28
-1.892
-1.6
-1.314
-0.903
-0.435
-0.018
0.201
0.257
0.382
0.517
0.361
0.343
0.351
0.356
0.551
0.766
1.091
1.538
1.87
2.324
2.812
3.18
3.27
3.471
3.483
3.377
3.247
2.743
2.487
2.126
1.51
1.163
0.632
-0.013
-0.444
-0.993
-1.681
-2.182
-2.793
-3.508
-4.039
-4.468
-5.105
-5.615
-5.992
-6.308
-6.628
-6.928
-7.261
-7.499
-7.649
-7.975
-8.177
-8.508
-8.72
-8.69
-8.814
-9.014
-8.745
-8.478
-8.27
-7.946
-7.463
-7.003
-6.616
-6.301
-5.906
-5.568
-5.48
-5.368
-5.168
-5.109
-4.988
-4.711
-4.583
-4.344
-3.636
-3.192
-2.655
-2.06
-1.254
-0.586
0.12
0.655
1.142
1.607
2.128
2.434
2.54
2.839
2.97
3.206
3.537
3.525
3.567
3.832
4.144
4.182
4.14
4.036
4.144
4.248
4.09
3.733
3.395
3.604
3.44
3.076
2.67
2.538
2.507
2.45
1.943
1.56
1.693
1.604
1.457
1.277
1.273
1.392
1.72
1.967
1.879
2.253
2.669
2.918
2.998
3.099
3.144
3.259
3.205
3.115
3.09
3.121
3.192
3.485
3.73
4.094
4.534
5.035
5.448
5.82
6.19
6.12
5.951
5.876
5.416
4.732
4.013
3.277
2.705
2
1.476
1.002
0.714
0.737
0.636
0.591
0.581
0.499
0.488
0.23
-0.275
-0.722
-1.361
-2.058
-2.62
-3.369
-4.005
-4.554
-4.752
-4.889
-5.175
-5.118
-5.058
-4.855
-4.737
-4.752
-4.906
-4.875
-5.019
-5.302
-5.696
-5.914
-6.331
-6.468
-6.649
-6.857
-6.924
-6.888
-6.772
-6.645
-6.534
-6.488
-6.351
-6.135
-6.102
-6.025
-5.995
-5.894
-5.724
-5.503
-5.405
-5.18
-4.783
-4.512
-4.138
-3.669
-3.433
-3.129
-2.729
-2.435
-2.291
-2.23
-2.234
-2.181
-2.232
-2.381
-2.712
-2.942
-3.045
-3.163
-3.445
-3.656
-3.741
-3.586
-3.609
-3.623
-3.53
-3.553
-3.341
-3.231
-3.336
-3.528
-3.522
-3.563
-3.689
-3.951
-4.112
-4.146
-4.095
-4.087
-3.913
-3.827
-3.616
-3.182
-2.722
-2.593
-2.361
-2.097
-1.747
-1.611
-1.688
-1.749
-1.745
-1.626
-1.564
-1.671
-1.77
-1.313
-0.838
-0.634
-0.305
0.244
0.861
1.443
1.8
2.192
2.456
2.749
3.049
3.063
2.954
2.91
3.11
3.185
3.041
3.086
3.238
3.542
3.704
3.722
3.853
4.098
4.122
4.055
4.015
3.803
3.667
3.524
3.339
3.147
3.082
2.995
3.09
3.243
3.274
3.385
3.56
3.75
3.779
3.723
3.615
3.627
3.464
3.211
3.083
2.848
2.788
2.708
2.638
2.519
2.501
2.624
2.537
2.407
2.299
2.264
2.18
1.989
1.801
1.767
1.862
1.946
2.045
2.257
2.759
3.224
3.655
4.148
4.566
5.108
5.54
5.67
5.736
5.92
5.871
5.78
5.563
5.425
5.493
5.439
5.482
5.727
6.024
6.301
6.692
7.026
7.3
7.503
7.477
7.367
7.317
6.969
6.49
6.147
5.84
5.533
5.434
5.249
5.221
5.506
5.855
5.976
6.118
6.481
6.688
6.752
6.689
6.595
6.425
6.375
6.259
6.121
6.01
6.093
6.441
6.685
6.947
7.296
7.743
8.238
8.619
8.728
8.835
8.968
9.013
8.872
8.523
8.233
8.116
7.953
7.706
7.471
7.365
7.426
7.462
7.374
7.295
7.174
7.065
6.915
6.572
6.036
5.529
5.162
4.674
4.046
3.476
3.025
2.719
2.377
2.046
1.721
1.468
1.361
1.18
0.891
0.54
0.282
0.077
-0.232
-0.669
-1.096
-1.428
-1.72
-2.061
-2.5
-2.889
-3.119
-3.382
-3.655
-3.932
-4.238
-4.41
-4.542
-4.791
-5.043
-5.244
-5.45
-5.609
-5.813
-6.045
-6.249
-6.349
-6.438
-6.529
-6.59
-6.559
-6.511
-6.415
-6.285
-6.12
-6.012
-5.829
-5.635
-5.46
-5.244
-5.161
-4.992
-4.812
-4.646
-4.485
-4.441
-4.328
-4.128
-4.024
-3.934
-3.887
-3.806
-3.674
-3.541
-3.526
-3.529
-3.393
-3.307
-3.226
-3.181
-3.172
-3.036
-2.896
-2.803
-2.735
-2.576
-2.405
-2.227
-2.045
-1.828
-1.655
-1.444
-1.16
-0.95
-0.755
-0.554
-0.338
-0.149
0.02
0.143
0.259
0.343
0.421
0.499
0.525
0.502
0.539
0.561
0.562
0.539
0.561
0.52
0.522
0.522
0.475
0.453
0.365
0.287
0.253
0.167
0.04
-0.13
-0.21
-0.291
-0.426
-0.605
-0.754
-0.826
-0.932
-1.049
-1.197
-1.34
-1.373
-1.424
-1.549
-1.663
-1.752
-1.767
-1.809
-1.949
-2.07
-2.143
-2.2
-2.338
-2.484
-2.655
-2.773
-2.897
-3.025
-3.2
-3.321
-3.403
-3.476
-3.507
-3.584
-3.605
-3.585
-3.546
-3.535
-3.511
-3.48
-3.435
-3.373
-3.345
-3.302
-3.225
-3.17
-3.086
-2.969
-2.843
-2.732
-2.589
-2.413
-2.22
-2.052
-1.899
-1.718
-1.523
-1.343
-1.201
-1.048
-0.894
-0.736
-0.584
-0.449
-0.327
-0.2
-0.064
0.07
0.164
0.226
0.318
0.399
0.444
0.46
0.467
0.478
0.488
0.468
0.445
0.419
0.407
0.399
0.387
0.374
0.359
0.356
0.363
0.354
0.339
0.322
0.307
0.297
0.272
0.241
0.221
0.198
0.18
0.165
0.15
0.138
0.131
0.129
0.124
0.115
0.106
0.095
0.084
0.069
0.054
0.036
0.022
0.013
0.007
0.002
0
