 0.1 763.411 3.65326 0.193618 762.437 4.65764 0.193391 767.267 4.54181 0.194198
 0.104713 783.622 4.37811 0.217512 753.512 4.67527 0.209486 774.118 5.11687 0.214817
 0.109648 776.957 5.24652 0.236118 770.471 4.39953 0.235162 789.987 5.99676 0.240768
 0.114815 766.766 5.86833 0.255512 780.245 5.03881 0.26078 792.101 6.5602 0.26408
 0.120226 787.461 7.38751 0.288437 796.615 5.96741 0.291696 777.239 6.94907 0.284464
 0.125893 837.979 8.07111 0.335412 823.458 7.50811 0.32937 782.269 7.75871 0.313598
 0.131826 831.158 9.36883 0.365369 885.261 8.19271 0.386866 812.183 8.96333 0.357461
 0.138038 819.329 10.6042 0.396916 881.524 9.89073 0.42355 836.144 10.099 0.40308
 0.144544 862.352 13.9318 0.456324 938.701 11.7617 0.493827 818.992 9.97174 0.433341
 0.151356 949.064 17.1753 0.550852 969.556 15.1734 0.561551 824.74 12.1823 0.478823
 0.158489 968.886 17.071 0.613288 953.286 15.1079 0.601286 936.073 16.6175 0.592332
 0.165959 1003.54 21.7019 0.690278 911.707 15.2219 0.63646 996.79 20.4422 0.696832
 0.17378 996.376 22.5268 0.763336 965.919 16.4518 0.737424 1057.18 22.1324 0.802549
 0.18197 1000.81 22.1338 0.837524 1027.86 18.2494 0.863537 964.507 21.611 0.807647
 0.190546 1055.28 27.6632 0.972143 1084.88 20.2818 1.00007 927.347 23.5812 0.846835
 0.199526 1088.38 29.4081 1.09784 1093.8 22.2992 1.10232 1095.67 29.3677 1.09725
 0.20893 1142.75 33.5339 1.2642 1176.95 28.116 1.30357 1193.22 33.6007 1.30554
 0.218776 1127.12 34.8887 1.35856 1283.34 38.2208 1.55838 1186.53 34.4836 1.43868
 0.229087 1118.56 33.3915 1.48813 1171.11 38.1535 1.56133 1201.88 38.5459 1.59635
 0.239883 1224.88 35.8933 1.78746 1138.1 38.0044 1.65051 1134.21 33.9595 1.65128
 0.251189 1272 42.2614 2.0348 1283.55 45.4685 2.03138 1280.23 40.7794 2.04785
 0.263027 1286 48.3257 2.24234 1265.61 46.1583 2.20954 1442.56 53.3156 2.52093
 0.275423 1363.29 53.0405 2.60624 1308.92 42.7852 2.5143 1412.17 58.3108 2.68903
 0.288403 1418.8 56.4733 2.9839 1395.02 45.0608 2.92925 1291.71 57.6224 2.70616
 0.301995 1439.16 60.2408 3.31993 1447.61 49.7618 3.32848 1445.04 68.4802 3.32274
 0.316228 1495.48 70.6817 3.77401 1475.83 55.7082 3.73558 1562.64 77.7458 3.93548
 0.331131 1584.38 76.0859 4.39134 1498.45 62.1201 4.13473 1581.98 82.7572 4.38114
 0.346737 1527.01 74.9119 4.64311 1498.34 69.6256 4.55756 1543.78 79.9703 4.68601
 0.363078 1563.62 75.5084 5.20656 1661.37 89.7694 5.53081 1658.93 93.1573 5.51957
 0.380189 1778.54 97.6749 6.48029 1758.55 99.2413 6.42098 1638.13 87.2842 5.98972
 0.398107 1773.81 98.7181 7.07756 1804.05 107.009 7.21351 1754.06 94.5441 7.01791
 0.416869 1618.69 86.4259 7.09383 1504.53 90.4769 6.59105 1705.39 108.635 7.47981
 0.436516 1814.23 111.732 8.71123 1502.73 91.0371 7.23528 1728.63 117.153 8.31414
 0.457088 1817.59 127.147 9.56933 1865.3 120.052 9.82849 1699.59 122.42 8.93273
 0.47863 1796.05 124.004 10.3889 1795.55 126.815 10.3686 1665.15 134.377 9.62277
 0.501187 1767.47 130.282 11.1851 1762.68 128.266 11.1591 1696.14 140.864 10.7456
 0.524807 1758.98 139.018 12.2107 1960.32 147.155 13.6139 1978.51 152.935 13.7454
 0.549541 1739.77 145.553 13.2631 1904.48 169.437 14.5024 1884.96 160.713 14.3471
 0.57544 1743.28 143.753 14.5654 1710.99 142.468 14.2987 1712.93 159.029 14.2995
 0.60256 1728.51 149.571 15.8318 1748.77 142.533 16.0134 1710.48 162.589 15.6716
 0.630957 1734.04 156.456 17.4123 1736.94 150.633 17.4374 1766.63 162.558 17.7434
 0.660693 1689.51 156.118 18.6131 1825.33 178.889 20.0892 1781.61 178.478 19.589
 0.691831 1765.2 152.577 21.3139 1807.54 205.134 21.8164 1765.06 171.209 21.3219
 0.724436 1758.25 157.224 23.2843 1758.59 209.174 23.2741 1733.59 171.417 22.964
 0.758578 1750.33 169.359 25.4149 1779.53 216.839 25.7992 1700.72 170.859 24.7131
 0.794328 1758.79 185.092 28.0008 1733.08 220.885 27.5665 1695.51 173.659 27.0059
 0.831764 1757.42 198.065 30.6812 1715.12 227.263 29.8805 1721.44 189.524 30.0531
 0.870964 1723.35 202.666 32.9975 1757.64 239.652 33.5759 1762.32 209.624 33.7227
 0.912011 1796.04 229.213 37.6953 1811.54 250.175 37.9458 1789.28 227.593 37.5398
 0.954993 1671.42 246.611 38.4222 1802.76 277.185 41.4369 1778.42 238.243 40.9097
 1 1743.1 270.034 43.9501 1694.01 292.242 42.6524 1724.82 244.704 43.481
 1.04713 1820.57 298.279 50.3086 1606.27 285.206 44.3936 1740.95 265.317 48.1449
 1.09648 1790.39 300.193 54.218 1795.22 320.535 54.3939 1820.87 274.047 55.1386
 1.14815 1868.07 335.935 62.065 1720 302.17 57.1766 1805.24 275.002 59.9149
 1.20226 1719.38 331.234 62.6558 1742.11 320.017 63.5125 1715.76 277.032 62.462
 1.25893 1684.87 336.891 67.3195 1646.73 330.53 65.8187 1581.83 292.911 63.2059
 1.31826 1543.32 332.977 67.6121 1512.29 312.81 66.2692 1489.97 300.046 65.2524
 1.38038 1400.13 315.618 67.2607 1382.74 284.536 66.4062 1410.84 297.113 67.7289
 1.44544 1299.37 297.243 68.4083 1259.13 267.345 66.2784 1291.36 285.301 67.9725
 1.51356 1211.4 294.637 69.8996 1230.89 289.551 71.1148 1183.88 289.9 68.3107
 1.58489 1094.27 285.092 69.2167 1327.53 341.949 84.0193 1056.96 295.022 66.9171
 1.65959 942.951 262.009 65.4165 1218.35 349.034 84.6125 939.085 289.291 65.2079
 1.7378 942.915 264.838 71.7241 1024.92 290.373 77.9605 901.658 280.025 68.5741
 1.8197 876.371 257.481 73.1167 834.913 286.255 69.601 878.107 267.141 73.1728
 1.90546 802.819 266.048 73.4166 826.861 289.579 75.5673 799.597 251.141 73.0754
 1.99526 739.848 271.791 74.1201 815.343 277.647 81.6525 757.027 245.651 75.7907
 2.0893 668.644 272.025 73.4826 758.313 252.288 83.2474 703.234 236.947 77.1604
 2.18776 638.385 256.836 76.8518 654.157 260.648 78.7223 636.424 228.659 76.5159
 2.29087 641.72 267.214 84.8954 595.893 247.869 78.598 592.643 228.707 78.2725
 2.39883 605.176 244.784 87.5982 567.391 237.937 82.2158 560.359 235.313 81.049
 2.51189 499.475 202.454 79.1357 534.466 233.072 84.8509 522.301 233.699 82.7837
 2.63027 452.198 216.455 78.8613 475.356 215.548 82.711 479.16 223.993 83.2702
 2.75423 425.339 210.888 81.249 432.244 200.267 82.4297 432.484 221.752 82.4031
 2.88403 405.025 195.445 84.7282 409.583 193.168 85.636 383.438 223.895 80.0916
 3.01995 378.537 172.721 86.8008 383.245 212.198 87.9783 362.824 223.019 82.7974
 3.16228 343.375 159.585 86.3449 336.331 222.555 84.684 348.491 219.104 87.1251
 3.31131 309.699 163.51 85.4004 306.817 211.717 84.2456 331.891 212.271 90.8626
 3.46737 287.797 171.082 87.0387 299.008 203.056 90.5244 313.326 202.827 93.9458
 3.63078 272.297 187.795 90.2908 301.319 203.978 100.051 293.164 191.042 96.2504
 3.80189 247.533 204.958 90.0915 293.463 190.24 106.695 271.872 177.462 97.7493
 3.98107 242.874 206.837 97.0698 275.273 200.093 109.45 249.923 178.947 98.3829
 4.16869 232.798 203.8 101.74 247.787 209.98 107.691 227.761 181.485 98.1569
 4.36516 200.881 195.362 96.1119 213.672 212.817 101.513 205.793 183.093 97.0852
 4.57088 185.406 195.613 97.6114 176.287 209.496 91.7164 184.377 183.842 95.1923
 4.7863 191.658 182.108 110.129 161.005 201.259 92.4424 163.823 183.747 92.5419
 5.01187 185.353 157.532 116.322 164.908 189.517 103.942 144.397 186.015 89.2106
 5.24807 168.163 163.837 115.377 154.671 177.647 106.951 126.232 187.46 85.2686
 5.49541 143.404 162.332 108.054 138.899 180.911 105.436 119.28 187.981 89.9415
 5.7544 122.371 164.063 101.868 118.94 182.157 98.8339 109.35 187.804 91.0031
 6.0256 111.979 166.855 102.18 112.139 181.769 102.381 104.311 186.909 95.5671
 6.30957 105.865 168.792 105.913 102.36 180.16 102.412 102.648 185.412 103.051
 6.60693 99.6914 170.012 108.906 91.1457 177.577 100.022 98.3391 183.482 108.221
 6.91831 91.8113 170.614 109.548 86.8281 174.326 104.694 90.2104 181.171 108.817
 7.24436 82.9468 170.728 108.182 82.1652 170.665 108.527 77.9337 178.545 102.862
 7.58578 80.1824 170.476 115.578 75.5598 166.81 109.731 62.9533 175.687 91.105
 7.94328 76.6299 169.962 120.728 73.4335 162.953 116.728 51.7084 172.668 79.208
 8.31764 70.0565 169.273 120.835 70.1784 159.182 122.228 46.4837 169.582 80.6106
 8.70964 61.7545 168.48 116.541 65.9699 155.589 125.913 43.1683 166.446 79.4515
 9.12011 52.6706 167.638 108.61 60.9459 152.236 127.496 40.6176 163.302 81.7362
 9.54993 43.5052 166.786 97.942 55.1335 149.161 126.325 38.1384 160.185 85.1112
 10 34.7975 165.956 86.4502 48.315 146.38 121.143 37.9467 157.124 95.5158
