          0      0.433
       0.01      0.696
       0.02       1.06
       0.03      1.647
       0.04      2.259
       0.05      2.646
       0.06      2.826
       0.07       3.03
       0.08      3.362
       0.09      3.642
        0.1      3.641
       0.11       3.37
       0.12      3.039
       0.13       2.77
       0.14      2.476
       0.15      2.059
       0.16      1.617
       0.17      1.338
       0.18      1.231
       0.19      1.062
        0.2      0.597
       0.21      -0.18
       0.22     -1.143
       0.23     -2.256
       0.24     -3.606
       0.25     -5.212
       0.26     -6.905
       0.27     -8.492
       0.28     -9.976
       0.29    -11.535
        0.3    -13.261
       0.31    -15.029
       0.32    -16.642
       0.33    -18.047
       0.34    -19.299
       0.35    -20.369
       0.36    -21.127
       0.37    -21.571
       0.38    -21.996
       0.39    -22.821
        0.4    -24.254
       0.41    -26.199
       0.42    -28.477
       0.43    -31.006
       0.44    -33.689
       0.45    -36.201
       0.46    -38.111
       0.47     -39.25
       0.48    -39.892
       0.49    -40.449
        0.5    -41.055
       0.51    -41.537
       0.52     -41.77
       0.53    -41.859
       0.54    -41.891
       0.55    -41.639
       0.56    -40.757
       0.57    -39.305
       0.58    -37.903
       0.59    -37.203
        0.6    -37.269
       0.61    -37.597
       0.62    -37.681
       0.63    -37.318
       0.64    -36.264
       0.65    -33.866
       0.66    -29.433
       0.67    -23.087
       0.68    -16.021
       0.69      -9.68
        0.7     -4.739
       0.71      -1.02
       0.72      1.723
       0.73      3.387
       0.74      4.115
       0.75      5.004
       0.76      7.626
       0.77     12.609
       0.78     18.969
       0.79     25.188
        0.8     30.817
       0.81     36.644
       0.82     43.284
       0.83     50.181
       0.84     56.539
       0.85     62.931
       0.86     71.098
       0.87      81.63
       0.88      92.33
       0.89     99.822
        0.9    103.024
       0.91    104.389
       0.92    107.006
       0.93    110.755
       0.94     112.22
       0.95    108.812
       0.96    117.729
       0.97    135.091
       0.98    145.706
       0.99    149.921
          1    152.818
       1.01    156.691
       1.02    157.377
       1.03    148.995
       1.04    135.892
       1.05    130.135
       1.06    131.329
       1.07    131.934
       1.08    132.142
       1.09    132.182
        1.1    133.487
       1.11    136.738
       1.12    137.384
       1.13    134.466
       1.14    132.926
       1.15    134.339
       1.16    140.786
       1.17    150.294
       1.18    153.529
       1.19    148.602
        1.2    141.382
       1.21    131.733
       1.22    114.853
       1.23     89.207
       1.24     63.618
       1.25     48.241
       1.26     41.062
       1.27     37.267
       1.28     36.236
       1.29     34.902
        1.3     34.286
       1.31     36.311
       1.32     32.089
       1.33     16.659
       1.34      1.027
       1.35     -7.144
       1.36    -14.904
       1.37    -27.697
       1.38    -41.992
       1.39    -56.804
        1.4    -71.722
       1.41    -86.539
       1.42   -102.905
       1.43   -118.867
       1.44   -128.697
       1.45   -130.273
       1.46   -126.087
       1.47   -120.753
       1.48   -118.578
       1.49   -122.759
        1.5   -131.858
       1.51   -143.902
       1.52   -160.666
       1.53   -181.302
       1.54   -199.007
       1.55   -205.625
       1.56   -196.762
       1.57   -178.513
       1.58   -160.768
       1.59   -140.963
        1.6   -110.963
       1.61    -77.298
       1.62    -50.584
       1.63    -30.324
       1.64     -8.669
       1.65     21.991
       1.66     55.319
       1.67     76.585
       1.68     87.591
       1.69     96.072
        1.7     99.565
       1.71     94.317
       1.72     80.709
       1.73      64.13
       1.74     56.159
       1.75     61.484
       1.76     75.146
       1.77     91.614
       1.78     106.02
       1.79    116.414
        1.8    125.492
       1.81    128.652
       1.82    117.627
       1.83      98.28
       1.84     85.867
       1.85     85.483
       1.86     90.423
       1.87      94.04
       1.88      96.46
       1.89     99.918
        1.9    102.564
       1.91     95.998
       1.92     77.236
       1.93     53.379
       1.94     31.555
       1.95     11.728
       1.96     -7.766
       1.97    -29.695
       1.98    -60.395
       1.99    -99.063
          2   -132.617
       2.01   -155.472
       2.02   -174.897
       2.03   -189.768
       2.04   -179.472
       2.05   -129.648
       2.06    -54.362
       2.07     15.608
       2.08     66.018
       2.09    114.368
        2.1    183.011
       2.11     224.64
       2.12     198.46
       2.13    179.646
       2.14    207.055
       2.15    219.569
       2.16    196.444
       2.17    176.779
       2.18    172.298
       2.19    157.046
        2.2      115.6
       2.21     57.476
       2.22     -0.645
       2.23    -49.946
       2.24    -88.601
       2.25   -117.928
       2.26   -138.215
       2.27   -149.264
       2.28   -152.132
       2.29   -150.288
        2.3   -150.322
       2.31   -158.853
       2.32   -172.694
       2.33    -181.83
       2.34    -181.09
       2.35   -175.177
       2.36   -172.103
       2.37   -169.648
       2.38   -156.797
       2.39   -133.738
        2.4   -112.297
       2.41    -96.981
       2.42    -76.527
       2.43    -40.573
       2.44      6.767
       2.45     53.304
       2.46     93.557
       2.47    128.794
       2.48    158.997
       2.49     176.71
        2.5     169.06
       2.51    131.692
       2.52     76.938
       2.53     17.371
       2.54     -47.29
       2.55   -123.256
       2.56   -206.934
       2.57   -281.577
       2.58   -333.636
       2.59   -377.158
        2.6   -434.511
       2.61   -470.379
       2.62   -480.266
       2.63   -481.655
       2.64   -484.911
       2.65   -487.324
       2.66   -487.667
       2.67   -487.018
       2.68   -489.347
       2.69    -499.53
        2.7   -509.097
       2.71   -506.231
       2.72   -490.646
       2.73   -468.004
       2.74   -436.611
       2.75   -387.817
       2.76    -342.81
       2.77    -296.27
       2.78   -249.845
       2.79   -212.162
        2.8   -181.474
       2.81   -151.766
       2.82   -122.496
       2.83    -95.706
       2.84    -66.789
       2.85    -28.495
       2.86     19.823
       2.87     72.121
       2.88    124.725
       2.89    180.487
        2.9    241.639
       2.91    297.701
       2.92    337.903
       2.93    373.589
       2.94    403.042
       2.95    407.365
       2.96    392.311
       2.97    352.882
       2.98    311.579
       2.99    251.762
          3    190.549
       3.01    137.495
       3.02     95.734
       3.03     69.072
       3.04      63.39
       3.05      79.95
       3.06    111.076
       3.07    147.372
       3.08     186.59
       3.09    228.193
        3.1    266.144
       3.11    293.893
       3.12    313.641
       3.13    331.711
       3.14    349.446
       3.15    362.001
       3.16    366.135
       3.17    365.744
       3.18    356.476
       3.19    345.134
        3.2    327.938
       3.21     302.99
       3.22    279.011
       3.23    265.125
       3.24    259.033
       3.25    250.541
       3.26    239.071
       3.27    230.358
       3.28    216.451
       3.29    184.758
        3.3    140.346
       3.31     93.571
       3.32     43.962
       3.33      -9.84
       3.34    -58.779
       3.35    -96.169
       3.36   -126.165
       3.37    -154.24
       3.38   -179.388
       3.39    -200.45
        3.4    -220.82
       3.41   -244.873
       3.42   -274.397
       3.43   -310.649
       3.44   -350.471
       3.45   -386.846
       3.46   -447.495
       3.47    -504.18
       3.48   -550.235
       3.49    -580.24
        3.5   -591.008
       3.51   -580.923
       3.52   -548.208
       3.53   -495.102
       3.54   -426.926
       3.55   -367.813
       3.56   -328.156
       3.57   -290.608
       3.58   -263.891
       3.59   -254.669
        3.6   -260.188
       3.61   -269.515
       3.62   -275.644
       3.63   -280.299
       3.64   -284.945
       3.65   -284.235
       3.66   -272.458
       3.67   -251.536
       3.68   -228.361
       3.69   -205.142
        3.7   -178.162
       3.71   -148.199
       3.72   -122.461
       3.73   -102.971
       3.74    -83.308
       3.75    -63.016
       3.76    -46.868
       3.77    -32.321
       3.78    -13.796
       3.79      7.406
        3.8     30.072
       3.81     57.307
       3.82     90.343
       3.83    126.049
       3.84    162.778
       3.85    200.887
       3.86    239.011
       3.87    274.059
       3.88    305.026
       3.89    335.105
        3.9     367.59
       3.91     399.32
       3.92    437.504
       3.93     481.56
       3.94    526.969
       3.95    571.906
       3.96    611.506
       3.97    640.444
       3.98    654.785
       3.99    650.801
          4    629.331
       4.01    591.602
       4.02    539.911
       4.03    476.535
       4.04    399.507
       4.05    330.208
       4.06    265.004
       4.07    193.018
       4.08    125.134
       4.09     64.311
        4.1        9.3
       4.11    -39.278
       4.12    -80.013
       4.13   -111.885
       4.14   -133.814
       4.15   -146.543
       4.16   -152.625
       4.17    -156.21
       4.18   -160.454
       4.19   -164.486
        4.2    -165.84
       4.21       -168
       4.22   -174.395
       4.23   -181.903
       4.24   -185.289
       4.25   -182.926
       4.26   -177.527
       4.27   -172.231
       4.28   -165.718
       4.29   -154.551
        4.3   -137.882
       4.31    -120.49
       4.32    -106.79
       4.33    -93.812
       4.34    -73.602
       4.35    -43.698
       4.36     -8.768
       4.37     27.592
       4.38     70.683
       4.39    129.344
        4.4    204.851
       4.41    282.833
       4.42    346.193
       4.43    425.566
       4.44    509.657
       4.45      571.2
       4.46    605.669
       4.47    616.478
       4.48    603.346
       4.49    566.473
        4.5    513.282
       4.51    433.617
       4.52    332.782
       4.53    251.847
       4.54    166.984
       4.55     84.523
       4.56      5.242
       4.57    -63.797
       4.58   -114.998
       4.59    -152.72
        4.6   -185.919
       4.61    -215.26
       4.62   -234.997
       4.63   -244.529
       4.64   -248.153
       4.65   -249.038
       4.66   -247.036
       4.67   -241.457
       4.68   -231.889
       4.69   -222.066
        4.7   -219.005
       4.71   -226.937
       4.72   -239.865
       4.73   -250.376
       4.74   -260.961
       4.75   -276.728
       4.76   -292.804
       4.77   -301.294
       4.78   -303.979
       4.79   -308.508
        4.8   -316.913
       4.81   -326.423
       4.82   -334.156
       4.83   -339.045
       4.84     -340.5
       4.85   -337.385
       4.86   -327.248
       4.87   -308.012
       4.88   -280.057
       4.89   -247.478
        4.9   -214.888
       4.91   -184.842
       4.92   -156.984
       4.93   -131.039
       4.94   -109.285
       4.95    -94.267
       4.96      -85.2
       4.97    -78.588
       4.98    -73.019
       4.99     -71.36
          5    -75.322
       5.01    -82.246
       5.02    -86.728
       5.03    -87.521
       5.04     -86.96
       5.05    -84.011
       5.06    -75.677
       5.07    -63.515
       5.08    -50.125
       5.09    -36.392
        5.1    -23.373
       5.11    -13.552
       5.12     -5.449
       5.13      4.609
       5.14     16.211
       5.15     26.508
       5.16     36.214
       5.17     47.503
       5.18     59.646
       5.19     70.014
        5.2     77.887
       5.21      83.34
       5.22     88.118
       5.23     94.643
       5.24     102.72
       5.25     109.49
       5.26    113.845
       5.27    118.029
       5.28    122.964
       5.29    125.084
        5.3    122.576
       5.31     117.82
       5.32    115.156
       5.33    116.524
       5.34    121.107
       5.35     127.89
       5.36    139.495
       5.37    157.411
       5.38    179.519
       5.39    203.089
        5.4    227.034
       5.41    250.262
       5.42    272.851
       5.43    294.414
       5.44     313.08
       5.45     326.98
       5.46    336.235
       5.47     342.07
       5.48    346.208
       5.49    348.494
        5.5    348.425
       5.51    347.878
       5.52    350.821
       5.53    358.981
       5.54    370.393
       5.55    381.007
       5.56    394.206
       5.57    410.529
       5.58    420.992
       5.59    425.921
        5.6    427.152
       5.61    424.056
       5.62    417.707
       5.63    414.965
       5.64      421.9
       5.65    434.648
       5.66    450.537
       5.67    473.741
       5.68    503.927
       5.69    528.106
        5.7    536.749
       5.71    531.964
       5.72    516.778
       5.73    487.975
       5.74    441.903
       5.75    385.246
       5.76    342.221
       5.77    290.932
       5.78    239.948
       5.79    193.223
        5.8    149.736
       5.81    107.294
       5.82     66.304
       5.83      28.55
       5.84     -5.167
       5.85    -35.468
       5.86     -63.75
       5.87     -91.04
       5.88   -116.516
       5.89   -140.939
        5.9   -166.362
       5.91   -194.004
       5.92   -222.901
       5.93   -251.704
       5.94    -278.83
       5.95   -303.068
       5.96   -325.427
       5.97   -345.963
       5.98   -360.446
       5.99   -367.878
          6   -372.949
       6.01    -379.44
       6.02   -383.951
       6.03   -383.586
       6.04   -381.879
       6.05    -382.19
       6.06    -383.36
       6.07   -377.914
       6.08    -368.88
       6.09   -357.341
        6.1   -343.695
       6.11   -327.074
       6.12   -307.135
       6.13   -284.657
       6.14   -261.152
       6.15   -238.247
       6.16   -216.189
       6.17   -194.543
       6.18   -173.531
       6.19   -155.516
        6.2   -141.694
       6.21   -132.473
       6.22   -127.201
       6.23   -124.955
       6.24   -126.045
       6.25   -130.653
       6.26   -137.467
       6.27   -144.941
       6.28    -151.94
       6.29   -158.633
        6.3   -165.663
       6.31   -174.273
       6.32   -183.975
       6.33   -193.053
       6.34   -202.036
       6.35   -213.482
       6.36   -226.653
       6.37   -238.415
       6.38   -246.304
       6.39   -250.561
        6.4   -252.095
       6.41   -250.431
       6.42     -243.4
       6.43   -231.418
       6.44   -218.106
       6.45   -206.557
       6.46   -196.723
       6.47   -188.204
       6.48   -180.349
       6.49   -173.039
        6.5   -165.955
       6.51   -157.883
       6.52   -146.145
       6.53   -129.212
       6.54   -108.204
       6.55    -85.893
       6.56    -62.325
       6.57    -35.858
       6.58     -6.299
       6.59     23.945
        6.6     53.477
       6.61      82.59
       6.62    111.809
       6.63    139.974
       6.64    165.327
       6.65     186.62
       6.66    203.251
       6.67    216.238
       6.68    227.907
       6.69    237.825
        6.7     243.86
       6.71    244.458
       6.72    240.854
       6.73    233.392
       6.74    218.635
       6.75     193.64
       6.76    159.531
       6.77     120.05
       6.78         79
       6.79     37.376
        6.8     -4.353
       6.81    -44.294
       6.82    -78.702
       6.83   -105.889
       6.84    -128.16
       6.85   -150.132
       6.86   -173.697
       6.87   -196.051
       6.88   -215.189
       6.89   -236.464
        6.9   -267.551
       6.91   -309.331
       6.92   -354.208
       6.93   -395.396
       6.94   -461.596
       6.95   -532.921
       6.96   -592.443
       6.97   -636.686
       6.98   -665.229
       6.99   -672.639
          7   -650.312
       7.01   -600.944
       7.02   -534.802
       7.03   -455.081
       7.04   -368.847
       7.05    -302.34
       7.06   -228.881
       7.07   -161.828
       7.08   -105.606
       7.09    -55.941
        7.1     -7.396
       7.11      39.94
       7.12     83.001
       7.13    120.508
       7.14    154.084
       7.15    184.838
       7.16    211.572
       7.17    231.923
       7.18     245.77
       7.19    254.195
        7.2    257.891
       7.21    254.915
       7.22    244.234
       7.23    227.824
       7.24     207.63
       7.25    184.606
       7.26    160.073
       7.27    135.392
       7.28    112.761
       7.29     93.807
        7.3     78.677
       7.31     66.321
       7.32     56.948
       7.33      50.95
       7.34     48.166
       7.35     48.246
       7.36     49.831
       7.37     50.713
       7.38      51.41
       7.39     52.385
        7.4     52.405
       7.41     49.492
       7.42     44.473
       7.43     40.073
       7.44     38.017
       7.45     38.129
       7.46     39.138
       7.47     40.626
       7.48     44.443
       7.49     52.283
        7.5     63.156
       7.51     74.275
       7.52     85.916
       7.53    101.712
       7.54    124.596
       7.55    151.166
       7.56    174.395
       7.57    193.922
       7.58    216.999
       7.59    244.867
        7.6    271.118
       7.61    292.759
       7.62    316.272
       7.63    348.747
       7.64    385.325
       7.65    432.666
       7.66    451.962
       7.67    459.289
       7.68    478.394
       7.69    484.581
        7.7    455.406
       7.71    405.703
       7.72    383.381
       7.73    363.614
       7.74    326.358
       7.75    281.845
       7.76    248.128
       7.77    223.073
       7.78    194.649
       7.79    160.549
        7.8    130.605
       7.81    112.216
       7.82    102.031
       7.83     91.574
       7.84     77.353
       7.85     61.612
       7.86     44.939
       7.87     23.747
       7.88      -4.31
       7.89     -37.83
        7.9    -72.374
       7.91   -103.805
       7.92    -129.92
       7.93   -152.751
       7.94   -174.947
       7.95   -196.332
       7.96   -214.811
       7.97   -231.675
       7.98   -250.754
       7.99   -273.198
          8   -294.825
       8.01   -312.014
       8.02   -324.792
       8.03   -335.202
       8.04   -343.489
       8.05   -347.982
       8.06   -347.977
       8.07    -345.23
       8.08    -341.51
       8.09   -337.673
        8.1    -332.55
       8.11    -325.16
       8.12   -315.804
       8.13   -306.848
       8.14   -300.553
       8.15   -296.385
       8.16   -292.452
       8.17   -289.176
       8.18   -288.594
       8.19   -290.594
        8.2    -290.77
       8.21   -287.258
       8.22   -281.559
       8.23   -274.872
       8.24    -266.66
       8.25   -256.052
       8.26   -243.207
       8.27   -229.383
       8.28   -214.845
       8.29    -198.88
        8.3   -179.913
       8.31   -158.277
       8.32   -135.152
       8.33   -110.887
       8.34    -85.854
       8.35     -61.62
       8.36    -38.881
       8.37    -17.108
       8.38      4.453
       8.39     24.469
        8.4     43.256
       8.41     62.449
       8.42     82.546
       8.43    101.341
       8.44    117.394
       8.45    131.218
       8.46    143.609
       8.47    154.156
       8.48    163.078
       8.49    170.986
        8.5    179.162
       8.51    188.639
       8.52    199.729
       8.53    211.063
       8.54    221.805
       8.55    231.992
       8.56    241.776
       8.57    250.585
       8.58    257.756
       8.59    263.102
        8.6    266.941
       8.61      268.4
       8.62    267.093
       8.63    262.502
       8.64    253.552
       8.65    240.762
       8.66    226.034
       8.67    210.294
       8.68    194.564
       8.69    180.023
        8.7    167.581
       8.71    156.089
       8.72    145.719
       8.73    136.262
       8.74    125.371
       8.75    112.054
       8.76     98.825
       8.77     87.231
       8.78     76.745
       8.79     67.645
        8.8     61.654
       8.81     58.704
       8.82     57.196
       8.83     55.642
       8.84     53.381
       8.85     49.554
       8.86      44.35
       8.87     39.011
       8.88     34.103
       8.89     29.185
        8.9     25.125
       8.91     22.136
       8.92     19.649
       8.93      16.83
       8.94     12.961
       8.95      8.199
       8.96      3.681
       8.97      0.381
       8.98     -0.874
       8.99     -0.806
          9      1.192
       9.01       5.86
       9.02     11.824
       9.03     16.521
       9.04     20.243
       9.05     23.712
       9.06     25.785
       9.07     25.832
       9.08     25.663
       9.09     26.917
        9.1     28.337
       9.11     28.247
       9.12     28.194
       9.13     28.813
       9.14      28.07
       9.15     24.184
       9.16       18.6
       9.17     13.244
       9.18      8.253
       9.19      2.776
        9.2     -2.685
       9.21     -8.396
       9.22     -14.64
       9.23    -21.779
       9.24    -32.222
       9.25    -47.314
       9.26    -65.327
       9.27    -84.059
       9.28   -102.564
       9.29   -121.473
        9.3   -138.621
       9.31   -151.882
       9.32   -161.957
       9.33   -170.663
       9.34   -179.235
       9.35   -188.596
       9.36   -198.884
       9.37   -210.255
       9.38   -221.895
       9.39   -232.892
        9.4   -241.892
       9.41   -247.468
       9.42   -248.734
       9.43   -246.027
       9.44   -240.313
       9.45   -232.814
       9.46   -224.497
       9.47   -215.567
       9.48   -205.791
       9.49    -195.96
        9.5   -185.918
       9.51   -175.159
       9.52   -163.098
       9.53   -149.844
       9.54   -136.923
       9.55   -125.667
       9.56   -115.788
       9.57   -106.317
       9.58    -96.891
       9.59     -88.31
        9.6    -79.679
       9.61    -69.962
       9.62    -58.736
       9.63    -46.801
       9.64    -35.735
       9.65    -26.951
       9.66    -20.455
       9.67    -16.204
       9.68    -14.581
       9.69    -16.032
        9.7    -19.856
       9.71    -24.936
       9.72     -30.58
       9.73     -36.51
       9.74    -42.585
       9.75    -50.003
       9.76    -59.529
       9.77    -69.691
       9.78    -79.698
       9.79    -92.059
        9.8   -107.399
       9.81   -122.937
       9.82   -137.079
       9.83   -151.351
       9.84   -166.481
       9.85    -181.17
       9.86   -194.804
       9.87   -208.336
       9.88   -221.558
       9.89   -233.634
        9.9    -243.39
       9.91    -250.85
       9.92   -254.112
       9.93   -249.889
       9.94   -238.099
       9.95   -222.618
       9.96   -204.244
       9.97   -181.096
       9.98    -154.95
       9.99   -131.686
         10   -113.071
      10.01    -95.322
      10.02    -75.767
      10.03    -55.701
      10.04    -35.865
      10.05     -14.01
      10.06     11.516
      10.07     38.937
      10.08     65.891
      10.09     90.873
       10.1     113.71
      10.11    134.188
      10.12    154.312
      10.13    176.116
      10.14    198.887
      10.15    221.372
      10.16    245.083
      10.17    271.268
      10.18    297.269
      10.19    319.181
       10.2    337.424
      10.21    355.578
      10.22    375.288
      10.23    393.476
      10.24     415.56
      10.25    431.994
      10.26    442.827
      10.27    449.218
      10.28    445.956
      10.29    425.161
       10.3    386.269
      10.31    359.065
      10.32    323.104
      10.33    284.989
      10.34    251.628
      10.35    224.949
      10.36    202.784
      10.37     182.54
      10.38    163.074
      10.39    143.261
       10.4    123.154
      10.41    102.885
      10.42     83.227
      10.43     65.897
      10.44     52.124
      10.45     42.103
      10.46     35.448
      10.47     31.016
      10.48     27.414
      10.49     23.135
       10.5     17.985
      10.51       13.1
      10.52     10.536
      10.53     11.414
      10.54     15.331
      10.55     22.455
      10.56     33.704
      10.57     48.108
      10.58      63.14
      10.59     76.337
       10.6     88.384
      10.61    101.043
      10.62    114.738
      10.63    128.662
      10.64    143.122
      10.65    159.176
      10.66    176.968
      10.67    194.991
      10.68    211.551
      10.69    225.116
       10.7    236.342
      10.71    246.008
      10.72    254.198
      10.73      260.1
      10.74     263.37
      10.75    265.163
      10.76     266.54
      10.77    265.885
      10.78    262.215
      10.79    255.984
       10.8    248.868
      10.81    241.416
      10.82     233.63
      10.83    226.122
      10.84    219.174
      10.85    212.539
      10.86    206.582
      10.87    200.257
      10.88    191.948
      10.89    180.481
       10.9    166.871
      10.91    151.278
      10.92    133.203
      10.93    113.126
      10.94     92.302
      10.95     71.374
      10.96     51.077
      10.97     31.972
      10.98     14.179
      10.99     -3.299
         11    -19.839
      11.01    -35.214
      11.02    -49.443
      11.03    -63.254
      11.04    -77.234
      11.05    -90.744
      11.06    -102.63
      11.07   -113.299
      11.08    -123.49
      11.09   -133.684
       11.1   -143.157
      11.11   -151.589
      11.12   -159.548
      11.13   -167.867
      11.14   -176.472
      11.15   -183.866
      11.16   -189.031
      11.17   -192.584
      11.18   -194.897
      11.19   -196.205
       11.2   -196.777
      11.21   -197.478
      11.22   -199.297
      11.23   -203.489
      11.24   -209.678
      11.25   -216.443
      11.26   -222.074
      11.27    -225.47
      11.28   -225.918
      11.29    -223.39
       11.3   -216.489
      11.31   -204.915
      11.32   -190.262
      11.33   -174.687
      11.34   -158.099
      11.35   -139.709
      11.36   -120.382
      11.37   -102.487
      11.38    -87.108
      11.39    -73.934
       11.4    -62.949
      11.41    -56.022
      11.42    -53.807
      11.43    -54.883
      11.44    -57.431
      11.45    -60.819
      11.46    -64.061
      11.47    -66.388
      11.48    -67.194
      11.49    -66.699
       11.5    -65.385
      11.51    -64.533
      11.52    -64.737
      11.53    -66.135
      11.54    -69.024
      11.55    -73.216
      11.56    -77.848
      11.57    -82.531
      11.58    -86.744
      11.59    -90.618
       11.6    -93.546
      11.61    -95.701
      11.62    -97.627
      11.63    -99.767
      11.64   -101.865
      11.65   -103.422
      11.66   -104.215
      11.67   -104.604
      11.68   -104.534
      11.69    -103.68
       11.7   -102.025
      11.71   -100.155
      11.72    -98.373
      11.73    -96.421
      11.74    -93.235
      11.75    -87.748
      11.76    -79.146
      11.77    -67.899
      11.78    -53.325
      11.79    -34.722
       11.8    -12.818
      11.81      9.994
      11.82     32.335
      11.83     54.653
      11.84     76.895
      11.85     97.865
      11.86    116.724
      11.87     134.15
      11.88    152.112
      11.89    170.134
       11.9      187.4
      11.91    203.799
      11.92    220.372
      11.93    237.747
      11.94    255.234
      11.95    272.264
      11.96    288.581
      11.97    303.828
      11.98    318.301
      11.99    330.299
         12    337.081
      12.01    337.841
      12.02    333.536
      12.03    324.082
      12.04    308.594
      12.05    288.257
      12.06    265.963
      12.07    243.632
      12.08    222.965
      12.09    203.995
       12.1    186.769
      12.11    171.169
      12.12     156.96
      12.13    142.772
      12.14    126.925
      12.15    108.974
      12.16      89.59
      12.17     69.655
      12.18     49.997
      12.19     30.617
       12.2     12.217
      12.21       -4.2
      12.22    -17.551
      12.23    -28.135
      12.24    -36.872
      12.25    -43.739
      12.26    -47.549
      12.27    -48.463
      12.28    -47.686
      12.29    -46.196
       12.3     -44.16
      12.31     -42.21
      12.32    -41.084
      12.33    -41.522
      12.34    -43.845
      12.35    -47.361
      12.36    -50.669
      12.37    -53.078
      12.38     -53.91
      12.39    -53.492
       12.4    -51.637
      12.41    -48.699
      12.42     -45.94
      12.43    -44.808
      12.44    -45.922
      12.45    -49.294
      12.46     -54.43
      12.47    -60.686
      12.48    -66.555
      12.49    -70.953
       12.5    -73.386
      12.51    -72.986
      12.52    -69.139
      12.53    -62.387
      12.54    -54.145
      12.55    -44.732
      12.56    -33.994
      12.57    -22.752
      12.58    -12.168
      12.59     -3.044
       12.6      4.998
      12.61     10.958
      12.62     13.607
      12.63     12.934
      12.64      9.065
      12.65      2.228
      12.66     -6.892
      12.67    -17.508
      12.68    -27.987
      12.69     -38.07
       12.7     -47.51
      12.71    -56.695
      12.72    -65.757
      12.73    -74.797
      12.74    -83.922
      12.75    -94.025
      12.76   -104.708
      12.77   -114.115
      12.78   -121.312
      12.79   -127.548
       12.8   -132.867
      12.81   -136.487
      12.82   -138.559
      12.83   -140.331
      12.84   -142.211
      12.85   -143.979
      12.86   -144.906
      12.87    -144.23
      12.88   -141.628
      12.89   -137.685
       12.9   -132.803
      12.91   -127.211
      12.92   -120.862
      12.93   -115.121
      12.94   -111.386
      12.95   -109.431
      12.96    -107.45
      12.97   -104.985
      12.98   -102.298
      12.99    -99.162
         13    -94.521
      13.01    -88.149
      13.02    -80.636
      13.03    -73.422
      13.04    -66.703
      13.05    -59.948
      13.06    -53.287
      13.07    -46.929
      13.08    -40.812
      13.09    -35.825
       13.1    -31.655
      13.11    -28.661
      13.12     -27.96
      13.13    -30.272
      13.14    -35.046
      13.15    -41.509
      13.16    -48.352
      13.17    -54.926
      13.18    -60.785
      13.19    -65.295
       13.2    -67.653
      13.21    -69.238
      13.22    -71.349
      13.23    -74.037
      13.24    -77.107
      13.25    -81.099
      13.26    -85.552
      13.27    -89.352
      13.28    -91.325
      13.29    -91.795
       13.3    -90.216
      13.31    -85.983
      13.32    -79.502
      13.33    -71.541
      13.34     -61.82
      13.35     -50.09
      13.36    -36.989
      13.37    -23.287
      13.38     -9.052
      13.39      4.998
       13.4     18.099
      13.41     28.863
      13.42     37.295
      13.43     43.235
      13.44     46.432
      13.45     47.743
      13.46     47.742
      13.47     46.201
      13.48     44.044
      13.49     42.026
       13.5     39.985
      13.51     37.339
      13.52     34.341
      13.53     31.717
      13.54     29.823
      13.55     28.118
      13.56     26.056
      13.57     23.998
      13.58     22.742
      13.59     21.219
       13.6     18.672
      13.61     15.064
      13.62     11.524
      13.63      8.602
      13.64      6.156
      13.65      4.022
      13.66      2.798
      13.67      2.997
      13.68      4.353
      13.69      5.756
       13.7      6.907
      13.71      8.044
      13.72      9.926
      13.73     12.572
      13.74     16.033
      13.75     20.685
      13.76     27.141
      13.77     35.331
      13.78     45.016
      13.79     55.433
       13.8     66.762
      13.81     79.007
      13.82     92.147
      13.83    106.197
      13.84    121.254
      13.85    136.761
      13.86    152.203
      13.87    166.545
      13.88    179.635
      13.89    190.706
       13.9    199.125
      13.91    204.742
      13.92    208.036
      13.93    209.377
      13.94    209.016
      13.95    206.505
      13.96    200.725
      13.97    191.907
      13.98    181.641
      13.99    169.124
         14    153.802
      14.01    136.927
      14.02    121.486
      14.03    108.048
      14.04      95.39
      14.05      83.43
      14.06     72.782
      14.07     63.035
      14.08     53.326
      14.09     42.462
       14.1     30.799
      14.11     19.137
      14.12      8.803
      14.13      0.404
      14.14     -6.526
      14.15    -12.279
      14.16    -16.031
      14.17    -17.879
      14.18    -19.059
      14.19    -21.099
       14.2    -23.415
      14.21     -25.13
      14.22    -26.012
      14.23    -26.558
      14.24    -26.822
      14.25    -26.102
      14.26    -24.581
      14.27    -23.213
      14.28     -22.36
      14.29    -22.284
       14.3    -22.595
      14.31    -23.305
      14.32    -23.832
      14.33    -23.508
      14.34    -22.508
      14.35      -21.2
      14.36    -20.124
      14.37    -19.866
      14.38    -20.286
      14.39    -22.508
       14.4     -26.82
      14.41    -32.591
      14.42    -38.323
      14.43    -43.511
      14.44     -48.61
      14.45    -53.826
      14.46    -58.517
      14.47    -62.514
      14.48    -66.513
      14.49    -71.607
       14.5    -77.404
      14.51    -82.975
      14.52    -87.547
      14.53    -91.326
      14.54    -94.864
      14.55    -97.961
      14.56    -99.884
      14.57   -101.063
      14.58    -101.97
      14.59   -103.136
       14.6   -103.792
      14.61   -103.125
      14.62   -100.544
      14.63    -96.438
      14.64     -91.46
      14.65    -85.265
      14.66      -77.5
      14.67    -69.469
      14.68    -61.958
      14.69    -55.097
       14.7    -48.434
      14.71    -42.132
      14.72    -35.823
      14.73    -29.538
      14.74     -23.25
      14.75    -17.276
      14.76    -11.539
      14.77     -5.896
      14.78     -0.723
      14.79      2.789
       14.8      5.181
      14.81      7.541
      14.82      9.737
      14.83     11.113
      14.84     11.925
      14.85     12.803
      14.86     14.192
      14.87     15.234
      14.88     15.617
      14.89     15.049
       14.9      14.35
      14.91     13.594
      14.92     12.796
      14.93     11.944
      14.94     11.937
      14.95     13.486
      14.96     16.477
      14.97     20.159
      14.98     24.703
      14.99     29.549
         15     34.207
      15.01     38.397
      15.02     42.027
      15.03     44.907
      15.04     47.025
      15.05     48.878
      15.06      50.72
      15.07     51.822
      15.08     52.335
      15.09     52.127
       15.1     51.403
      15.11     49.982
      15.12      47.45
      15.13     44.009
      15.14     40.293
      15.15      36.24
      15.16     31.601
      15.17     26.296
      15.18      21.23
      15.19     16.693
       15.2     12.607
      15.21       8.73
      15.22      5.957
      15.23      4.571
      15.24      4.062
      15.25      3.658
      15.26      3.434
      15.27      3.364
      15.28       3.09
      15.29      1.772
       15.3     -0.426
      15.31      -3.51
      15.32     -7.176
      15.33    -11.455
      15.34    -16.502
      15.35    -22.011
      15.36    -27.137
      15.37    -32.181
      15.38    -36.831
      15.39    -41.223
       15.4    -45.179
      15.41     -48.89
      15.42    -52.404
      15.43     -55.74
      15.44    -58.984
      15.45    -61.865
      15.46    -64.177
      15.47    -66.097
      15.48    -67.387
      15.49    -68.451
       15.5    -69.448
      15.51    -70.752
      15.52    -72.394
      15.53    -74.481
      15.54    -76.681
      15.55    -79.039
      15.56    -81.363
      15.57    -83.779
      15.58    -85.832
      15.59    -88.119
       15.6    -90.887
      15.61    -94.437
      15.62    -97.914
      15.63   -100.839
      15.64   -103.125
      15.65   -104.487
      15.66    -103.89
      15.67   -101.255
      15.68    -97.019
      15.69     -92.18
       15.7    -86.533
      15.71     -80.79
      15.72    -75.234
      15.73     -69.77
      15.74    -64.437
      15.75    -59.472
      15.76     -54.52
      15.77    -49.589
      15.78    -44.905
      15.79    -41.467
       15.8    -38.747
      15.81    -36.706
      15.82    -35.469
      15.83    -35.083
      15.84    -35.414
      15.85    -36.248
      15.86    -37.488
      15.87    -39.582
      15.88    -42.604
      15.89    -46.668
       15.9    -50.947
      15.91    -55.631
      15.92    -60.436
      15.93    -64.829
      15.94    -68.315
      15.95    -70.986
      15.96    -73.156
      15.97    -75.116
      15.98     -76.64
      15.99    -78.234
         16    -79.488
      16.01    -80.834
      16.02    -81.738
      16.03    -81.711
      16.04    -81.066
      16.05    -79.913
      16.06    -78.203
      16.07    -76.585
      16.08    -74.922
      16.09    -73.454
       16.1     -72.14
      16.11    -71.095
      16.12    -69.998
      16.13    -68.617
      16.14    -66.739
      16.15    -64.677
      16.16     -62.46
      16.17    -60.105
      16.18    -57.286
      16.19    -54.215
       16.2    -50.696
      16.21    -46.652
      16.22     -41.87
      16.23     -36.23
      16.24    -29.821
      16.25    -22.952
      16.26    -15.774
      16.27     -8.667
      16.28     -1.261
      16.29      6.284
       16.3     13.871
      16.31     21.196
      16.32     28.185
      16.33      35.01
      16.34     41.314
      16.35     46.147
      16.36     49.558
      16.37     51.808
      16.38     53.234
      16.39     53.694
       16.4     53.794
      16.41      53.49
      16.42     52.857
      16.43      52.23
      16.44     51.227
      16.45     49.306
      16.46      46.66
      16.47     43.265
      16.48     40.007
      16.49      37.14
       16.5     34.569
      16.51     32.177
      16.52     30.528
      16.53     29.549
      16.54      28.52
      16.55     26.587
      16.56     24.053
      16.57     21.365
      16.58     18.746
      16.59     15.904
       16.6     12.928
      16.61     10.006
      16.62      7.344
      16.63      4.364
      16.64      0.889
      16.65     -3.118
      16.66     -7.334
      16.67    -11.217
      16.68    -14.097
      16.69    -16.091
       16.7    -17.161
      16.71    -17.201
      16.72    -16.381
      16.73    -15.239
      16.74    -14.152
      16.75    -13.335
      16.76    -12.522
      16.77    -11.494
      16.78     -9.892
      16.79     -7.787
       16.8     -5.081
      16.81     -2.163
      16.82      0.943
      16.83      3.964
      16.84      6.665
      16.85      8.697
      16.86     10.211
      16.87     11.662
      16.88     13.621
      16.89     15.746
       16.9     17.875
      16.91     20.075
      16.92     22.642
      16.93     25.086
      16.94     26.657
      16.95     27.477
      16.96     28.062
      16.97     28.275
      16.98     28.424
      16.99     28.279
         17     28.408
      17.01     28.723
      17.02     29.038
      17.03     29.451
      17.04     29.534
      17.05     29.375
      17.06     29.262
      17.07     28.594
      17.08     27.862
      17.09     27.189
       17.1     26.686
      17.11     26.039
      17.12     25.542
      17.13      25.58
      17.14     26.271
      17.15     27.176
      17.16     28.593
      17.17     30.717
      17.18     33.927
      17.19     37.798
       17.2      42.09
      17.21     46.617
      17.22     51.587
      17.23     56.508
      17.24     60.964
      17.25     64.589
      17.26      67.84
      17.27     70.594
      17.28     73.165
      17.29     75.312
       17.3     77.596
      17.31      79.92
      17.32     82.065
      17.33     83.966
      17.34      85.67
      17.35      86.99
      17.36     87.737
      17.37     87.671
      17.38     87.589
      17.39     87.244
       17.4     86.488
      17.41     85.009
      17.42     82.992
      17.43     80.762
      17.44     78.106
      17.45     74.493
      17.46     70.115
      17.47     65.434
      17.48     60.735
      17.49     55.758
       17.5     50.429
      17.51     44.863
      17.52     39.529
      17.53     34.178
      17.54     28.807
      17.55     23.165
      17.56     17.421
      17.57     11.564
      17.58      6.064
      17.59      1.003
       17.6     -3.963
      17.61     -9.007
      17.62    -13.362
      17.63    -16.902
      17.64    -20.307
      17.65    -23.972
      17.66     -27.48
      17.67     -30.52
      17.68    -32.953
      17.69    -35.308
       17.7    -37.588
      17.71    -39.538
      17.72    -40.721
      17.73    -41.378
      17.74    -42.062
      17.75    -42.791
      17.76    -43.016
      17.77    -42.821
      17.78    -42.267
      17.79    -41.707
       17.8    -41.181
      17.81    -40.377
      17.82    -39.107
      17.83    -37.815
      17.84    -36.625
      17.85    -35.537
      17.86    -34.127
      17.87    -32.683
      17.88    -31.414
      17.89    -30.562
       17.9    -29.874
      17.91     -29.48
      17.92    -29.089
      17.93    -28.961
      17.94    -29.205
      17.95    -29.496
      17.96    -29.848
      17.97    -30.558
      17.98    -31.457
      17.99        -33
         18    -34.723
      18.01    -36.537
      18.02    -38.186
      18.03    -39.616
      18.04    -40.793
      18.05    -41.318
      18.06    -41.023
      18.07    -40.609
      18.08    -40.143
      18.09     -39.45
       18.1    -38.242
      18.11    -36.869
      18.12     -35.22
      18.13    -32.899
      18.14    -29.414
      18.15    -25.103
      18.16    -20.387
      18.17    -15.255
      18.18     -9.676
      18.19     -4.129
       18.2       1.19
      18.21      6.072
      18.22     10.581
      18.23     14.707
      18.24     18.281
      18.25     21.169
      18.26     23.059
      18.27     23.743
      18.28     23.826
      18.29     22.973
       18.3     21.447
      18.31     19.625
      18.32     18.227
      18.33     17.212
      18.34     16.498
      18.35     16.238
      18.36     16.179
      18.37     15.621
      18.38     14.574
      18.39     12.982
       18.4     11.085
      18.41      8.751
      18.42      6.087
      18.43      3.513
      18.44      1.116
      18.45     -1.429
      18.46     -4.317
      18.47     -8.003
      18.48        -12
      18.49    -16.184
       18.5    -20.424
      18.51    -24.604
      18.52    -28.432
      18.53    -31.709
      18.54    -33.989
      18.55     -35.72
      18.56    -37.477
      18.57    -39.278
      18.58    -40.417
      18.59    -41.171
       18.6    -41.351
      18.61    -41.358
      18.62    -40.791
      18.63    -39.101
      18.64     -36.55
      18.65    -33.817
      18.66    -31.126
      18.67    -28.444
      18.68    -25.377
      18.69    -22.269
       18.7    -19.384
      18.71    -16.694
      18.72    -13.641
      18.73     -9.978
      18.74     -6.058
      18.75     -2.144
      18.76      1.837
      18.77      5.671
      18.78       9.67
      18.79     13.646
       18.8      17.86
      18.81     22.201
      18.82     26.914
      18.83     32.586
      18.84     39.309
      18.85      46.22
      18.86     52.841
      18.87     59.131
      18.88     65.396
      18.89     71.156
       18.9     76.002
      18.91     79.733
      18.92     83.078
      18.93     86.595
      18.94     89.616
      18.95     91.309
      18.96     91.575
      18.97       90.7
      18.98     89.051
      18.99     85.778
         19     80.857
      19.01     75.161
      19.02     69.742
      19.03     64.411
      19.04     58.973
      19.05     53.541
      19.06     48.277
      19.07     43.006
      19.08     37.989
      19.09     33.128
       19.1      28.46
      19.11       24.2
      19.12      21.24
      19.13     19.681
      19.14     19.153
      19.15     19.156
      19.16     19.883
      19.17     21.219
      19.18     22.745
      19.19     23.966
       19.2     24.812
      19.21     25.381
      19.22     26.032
      19.23     26.761
      19.24     27.341
      19.25     27.502
      19.26     27.428
      19.27     27.251
      19.28     26.957
      19.29     25.998
       19.3     24.691
      19.31     23.462
      19.32     22.594
      19.33     22.031
      19.34      21.34
      19.35     20.664
      19.36     20.085
      19.37     18.921
      19.38     17.028
      19.39     14.267
       19.4     11.004
      19.41      7.015
      19.42      2.458
      19.43     -2.395
      19.44     -7.252
      19.45    -12.519
      19.46    -18.609
      19.47    -25.487
      19.48    -32.752
      19.49    -40.749
       19.5    -49.397
      19.51    -58.367
      19.52    -66.736
      19.53    -73.851
      19.54    -79.595
      19.55    -83.778
      19.56    -86.216
      19.57     -86.84
      19.58    -85.403
      19.59    -82.589
       19.6    -78.602
      19.61    -73.673
      19.62    -67.789
      19.63    -60.903
      19.64    -53.371
      19.65    -45.837
      19.66    -38.418
      19.67        -31
      19.68    -23.086
      19.69     -15.36
       19.7     -8.288
      19.71     -1.461
      19.72      5.749
      19.73     13.056
      19.74     19.691
      19.75     25.045
      19.76     29.596
      19.77     33.719
      19.78     37.111
      19.79     38.792
       19.8     39.685
      19.81     40.553
      19.82     41.423
      19.83     41.939
      19.84     42.084
      19.85     41.953
      19.86     41.717
      19.87     41.168
      19.88     40.111
      19.89     38.299
       19.9     36.024
      19.91     33.488
      19.92     30.949
      19.93     28.108
      19.94     24.725
      19.95     21.049
      19.96     17.483
      19.97     13.804
      19.98      9.824
      19.99      5.533
         20      1.683
      20.01     -1.713
      20.02     -4.525
      20.03     -6.933
      20.04     -8.952
      20.05    -10.149
      20.06    -10.381
      20.07    -10.305
      20.08     -9.719
      20.09     -8.652
       20.1     -6.584
      20.11     -3.723
      20.12     -0.424
      20.13      3.213
      20.14      7.599
      20.15     12.653
      20.16     17.732
      20.17     22.387
      20.18     27.123
      20.19     31.853
       20.2     36.391
      20.21     40.406
      20.22     44.201
      20.23     47.996
      20.24     51.692
      20.25     55.059
      20.26     57.882
      20.27     60.173
      20.28     62.254
      20.29     63.722
       20.3     64.702
      20.31     65.327
      20.32     65.916
      20.33     66.385
      20.34     66.773
      20.35     67.156
      20.36     67.308
      20.37     66.917
      20.38      66.47
      20.39      65.43
       20.4     63.966
      20.41     62.207
      20.42     60.026
      20.43     57.671
      20.44     55.219
      20.45     52.597
      20.46     49.792
      20.47     46.553
      20.48     43.205
      20.49       39.7
       20.5     36.117
      20.51     32.172
      20.52     28.167
      20.53     24.462
      20.54     21.176
      20.55     18.059
      20.56     15.128
      20.57     12.368
      20.58      10.11
      20.59      8.061
       20.6      6.014
      20.61      3.894
      20.62      2.096
      20.63      0.829
      20.64     -0.062
      20.65     -0.713
      20.66     -1.067
      20.67     -1.112
      20.68     -0.734
      20.69      -0.42
       20.7     -0.129
      20.71      0.142
      20.72      0.686
      20.73      1.645
      20.74      2.839
      20.75      4.213
      20.76      5.911
      20.77      7.744
      20.78      9.621
      20.79     11.406
       20.8     12.921
      20.81     14.191
      20.82     15.528
      20.83     16.927
      20.84     18.217
      20.85     19.511
      20.86      20.91
      20.87     22.196
      20.88     23.343
      20.89     24.308
       20.9     25.161
      20.91     25.667
      20.92     26.072
      20.93     26.614
      20.94     26.913
      20.95     27.105
      20.96     27.237
      20.97     27.031
      20.98     26.663
      20.99     25.924
         21     24.925
      21.01     23.567
      21.02         22
      21.03     20.428
      21.04     18.755
      21.05     17.067
      21.06     15.434
      21.07     13.745
      21.08     12.222
      21.09     10.726
       21.1      9.218
      21.11      7.643
      21.12      5.913
      21.13      4.234
      21.14      2.713
      21.15      0.915
      21.16     -0.885
      21.17      -2.42
      21.18     -3.658
      21.19     -4.951
       21.2     -6.007
      21.21     -6.861
      21.22      -7.68
      21.23     -8.369
      21.24     -8.851
      21.25     -9.321
      21.26     -9.778
      21.27    -10.008
      21.28     -9.994
      21.29    -10.155
       21.3    -10.406
      21.31     -10.56
      21.32      -10.7
      21.33    -11.129
      21.34    -11.586
      21.35    -11.682
      21.36    -11.762
      21.37    -12.099
      21.38    -12.186
      21.39    -12.286
       21.4    -12.505
      21.41    -13.047
      21.42    -13.829
      21.43    -14.529
      21.44    -15.284
      21.45    -16.165
      21.46    -16.984
      21.47    -17.747
      21.48    -18.322
      21.49    -19.066
       21.5    -19.734
      21.51    -20.411
      21.52    -21.105
      21.53    -21.736
      21.54    -22.177
      21.55     -22.45
      21.56    -22.557
      21.57    -22.686
      21.58    -22.612
      21.59    -22.529
       21.6    -22.436
      21.61    -22.416
      21.62    -22.439
      21.63     -22.41
      21.64    -22.234
      21.65     -21.99
      21.66    -21.925
      21.67    -22.069
      21.68    -22.064
      21.69    -22.287
       21.7     -22.87
      21.71    -23.555
      21.72    -24.145
      21.73     -24.69
      21.74    -25.256
      21.75     -25.66
      21.76    -25.937
      21.77    -26.198
      21.78    -26.441
      21.79    -26.696
       21.8    -26.753
      21.81    -26.753
      21.82    -26.652
      21.83    -26.447
      21.84    -26.125
      21.85    -25.635
      21.86    -25.304
      21.87    -25.163
      21.88    -25.036
      21.89    -24.979
       21.9    -24.781
      21.91    -24.659
      21.92    -24.557
      21.93    -24.337
      21.94     -23.95
      21.95    -23.756
      21.96    -23.869
      21.97    -24.225
      21.98    -24.743
      21.99    -25.602
         22     -26.57
      22.01    -27.644
      22.02     -28.86
      22.03    -30.009
      22.04    -31.145
      22.05    -32.368
      22.06    -33.738
      22.07    -35.359
      22.08    -37.201
      22.09    -39.132
       22.1    -40.928
      22.11    -42.924
      22.12    -44.835
      22.13     -46.47
      22.14      -47.9
      22.15    -49.195
      22.16    -50.433
      22.17    -51.584
      22.18    -52.452
      22.19    -53.254
       22.2    -53.338
      22.21    -53.012
      22.22    -52.557
      22.23    -51.405
      22.24    -49.676
      22.25    -47.559
      22.26    -45.453
      22.27    -43.411
      22.28     -40.95
      22.29    -38.303
       22.3    -35.523
      22.31    -32.737
      22.32    -29.885
      22.33    -26.749
      22.34    -23.484
      22.35    -20.648
      22.36    -18.307
      22.37    -16.341
      22.38    -14.635
      22.39    -13.449
       22.4    -12.536
      22.41    -11.888
      22.42    -11.323
      22.43    -10.731
      22.44    -10.207
      22.45     -9.886
      22.46     -9.929
      22.47    -10.379
      22.48    -10.997
      22.49    -11.796
       22.5    -12.858
      22.51    -13.953
      22.52    -14.859
      22.53    -15.388
      22.54     -15.81
      22.55    -16.036
      22.56    -16.181
      22.57    -16.516
      22.58    -16.952
      22.59    -17.325
       22.6    -17.799
      22.61    -18.531
      22.62    -19.073
      22.63    -19.139
      22.64    -19.164
      22.65    -19.105
      22.66    -18.975
      22.67     -18.83
      22.68    -18.708
      22.69    -18.553
       22.7    -18.287
      22.71    -17.834
      22.72    -16.939
      22.73    -15.536
      22.74    -13.831
      22.75    -11.827
      22.76      -9.84
      22.77     -8.094
      22.78     -6.551
      22.79     -5.212
       22.8     -4.057
      22.81     -2.941
      22.82     -1.779
      22.83     -0.306
      22.84      1.329
      22.85      3.057
      22.86      4.646
      22.87      5.748
      22.88      6.805
      22.89      7.917
       22.9      8.888
      22.91      9.814
      22.92     11.085
      22.93     13.019
      22.94      15.12
      22.95     17.133
      22.96     19.036
      22.97     20.748
      22.98     22.395
      22.99     23.875
         23     25.195
      23.01     26.596
      23.02     28.362
      23.03     30.657
      23.04     32.876
      23.05     34.855
      23.06     36.688
      23.07      38.29
      23.08     39.321
      23.09     39.561
       23.1     39.549
      23.11     39.289
      23.12     38.752
      23.13     38.201
      23.14      37.47
      23.15     36.625
      23.16     35.575
      23.17     34.399
      23.18     33.191
      23.19     31.631
       23.2     30.073
      23.21     28.872
      23.22     27.934
      23.23     27.041
      23.24     26.248
      23.25     25.597
      23.26      25.03
      23.27     24.149
      23.28      22.86
      23.29     21.493
       23.3     20.281
      23.31     19.163
      23.32     18.232
      23.33     17.643
      23.34     17.453
      23.35     17.631
      23.36     17.838
      23.37     17.789
      23.38      17.57
      23.39      17.17
       23.4     16.597
      23.41     15.845
      23.42     15.025
      23.43     14.336
      23.44     13.667
      23.45     13.169
      23.46     12.506
      23.47     11.445
      23.48     10.442
      23.49      9.261
       23.5      7.912
      23.51      6.683
      23.52      5.603
      23.53      4.738
      23.54      3.818
      23.55      3.055
      23.56      2.079
      23.57      0.754
      23.58     -0.715
      23.59      -2.32
       23.6      -3.76
      23.61     -4.759
      23.62     -5.244
      23.63     -5.209
      23.64     -4.593
      23.65     -3.326
      23.66     -1.833
      23.67      -0.41
      23.68      1.052
      23.69      2.435
       23.7      4.171
      23.71      5.948
      23.72      7.473
      23.73      9.238
      23.74     11.238
      23.75     13.057
      23.76     14.411
      23.77     15.454
      23.78      16.32
      23.79     17.126
       23.8     17.969
      23.81       18.8
      23.82     19.794
      23.83     21.084
      23.84     22.305
      23.85     23.369
      23.86     24.014
      23.87     24.173
      23.88      23.96
      23.89     23.513
       23.9     22.946
      23.91     22.318
      23.92     21.813
      23.93     21.412
      23.94      21.15
      23.95      20.91
      23.96     20.408
      23.97     19.748
      23.98     19.068
      23.99     18.403
         24     17.722
      24.01      17.05
      24.02     16.426
      24.03     15.773
      24.04     14.808
      24.05     13.561
      24.06     11.933
      24.07      9.838
      24.08      7.514
      24.09      5.117
       24.1      2.971
      24.11      0.992
      24.12     -0.885
      24.13     -2.424
      24.14     -3.777
      24.15     -5.148
      24.16     -6.728
      24.17     -8.431
      24.18    -10.157
      24.19    -11.855
       24.2    -13.349
      24.21    -14.666
      24.22    -15.925
      24.23    -16.852
      24.24    -17.593
      24.25    -18.322
      24.26    -19.078
      24.27    -19.822
      24.28    -20.353
      24.29    -20.735
       24.3    -20.853
      24.31    -20.877
      24.32    -20.863
      24.33    -20.771
      24.34    -20.731
      24.35     -20.95
      24.36     -21.53
      24.37    -22.181
      24.38    -22.685
      24.39    -23.285
       24.4    -23.616
      24.41    -23.612
      24.42    -23.441
      24.43    -23.047
      24.44    -22.599
      24.45    -22.113
      24.46    -21.769
      24.47    -21.587
      24.48    -21.371
      24.49    -21.259
       24.5    -21.128
      24.51    -20.992
      24.52    -20.881
      24.53    -20.739
      24.54    -20.653
      24.55    -20.532
      24.56     -20.58
      24.57    -20.562
      24.58    -20.194
      24.59    -19.832
       24.6     -19.22
      24.61    -18.218
      24.62    -16.892
      24.63    -15.388
      24.64    -13.933
      24.65    -12.372
      24.66    -10.659
      24.67     -9.014
      24.68     -7.464
      24.69      -6.03
       24.7     -4.168
      24.71     -2.155
      24.72     -0.333
      24.73      1.563
      24.74      3.478
      24.75      5.371
      24.76      7.152
      24.77      8.705
      24.78     10.039
      24.79     11.403
       24.8     12.765
      24.81     13.968
      24.82     14.923
      24.83     15.683
      24.84      16.22
      24.85      16.65
      24.86     16.889
      24.87     16.835
      24.88     16.715
      24.89     16.632
       24.9     16.815
      24.91     17.006
      24.92      16.91
      24.93      16.87
      24.94     16.834
      24.95     16.596
      24.96     15.953
      24.97     14.896
      24.98     13.443
      24.99     11.765
         25      9.857
      25.01      7.404
      25.02      4.492
      25.03      1.612
      25.04     -1.467
      25.05     -4.686
      25.06     -8.077
      25.07    -11.503
      25.08     -14.74
      25.09    -17.909
       25.1    -20.957
      25.11    -23.796
      25.12    -26.509
      25.13    -29.065
      25.14    -31.404
      25.15    -33.542
      25.16    -35.616
      25.17    -37.788
      25.18    -39.727
      25.19    -41.478
       25.2    -43.026
      25.21     -44.42
      25.22    -45.718
      25.23    -46.648
      25.24    -47.217
      25.25    -47.665
      25.26    -48.224
      25.27    -48.603
      25.28    -48.767
      25.29     -48.95
       25.3    -49.033
      25.31     -48.91
      25.32    -48.568
      25.33    -48.032
      25.34    -47.165
      25.35     -46.02
      25.36    -44.836
      25.37    -43.442
      25.38    -41.797
      25.39    -39.929
       25.4    -37.908
      25.41    -35.847
      25.42    -33.574
      25.43    -31.104
      25.44    -28.768
      25.45    -26.557
      25.46    -24.485
      25.47    -22.562
      25.48    -20.905
      25.49    -19.526
       25.5    -18.284
      25.51    -17.092
      25.52    -16.208
      25.53    -15.357
      25.54    -14.517
      25.55    -13.792
      25.56    -13.203
      25.57    -12.661
      25.58    -12.004
      25.59    -11.536
       25.6    -10.983
      25.61    -10.297
      25.62      -9.58
      25.63      -8.78
      25.64     -7.855
      25.65     -6.789
      25.66     -5.644
      25.67     -4.392
      25.68     -3.075
      25.69     -1.512
       25.7      0.254
      25.71      2.167
      25.72      4.366
      25.73      6.861
      25.74      9.431
      25.75     12.106
      25.76     14.875
      25.77     17.473
      25.78      20.16
      25.79     22.641
       25.8     25.064
      25.81     27.613
      25.82     30.174
      25.83       32.7
      25.84     35.132
      25.85     37.627
      25.86     40.028
      25.87     42.323
      25.88     44.402
      25.89     46.222
       25.9     48.045
      25.91     49.841
      25.92     51.268
      25.93     52.397
      25.94     53.342
      25.95     54.129
      25.96     54.513
      25.97     54.461
      25.98     54.129
      25.99      53.58
         26     52.889
      26.01     52.122
      26.02       51.2
      26.03     50.175
      26.04     49.182
      26.05     48.268
      26.06     47.123
      26.07      45.64
      26.08     44.078
      26.09     42.459
       26.1     40.728
      26.11     38.872
      26.12     36.996
      26.13     35.362
      26.14     33.888
      26.15     32.533
      26.16     31.317
      26.17     30.109
      26.18      29.18
      26.19     28.375
       26.2     27.458
      26.21     26.554
      26.22      25.73
      26.23     24.925
      26.24     23.791
      26.25     22.466
      26.26     20.969
      26.27     19.312
      26.28     17.456
      26.29     15.245
       26.3     13.049
      26.31      11.05
      26.32      9.045
      26.33      7.138
      26.34      5.309
      26.35      3.792
      26.36      2.382
      26.37      1.016
      26.38     -0.369
      26.39     -1.881
       26.4     -3.291
      26.41     -4.487
      26.42     -5.886
      26.43     -7.305
      26.44     -8.496
      26.45     -9.463
      26.46    -10.535
      26.47    -11.663
      26.48    -12.612
      26.49    -13.597
       26.5    -14.486
      26.51    -15.272
      26.52    -16.016
      26.53    -16.617
      26.54    -17.182
      26.55    -17.723
      26.56    -18.355
      26.57     -18.89
      26.58    -19.401
      26.59    -19.907
       26.6    -20.087
      26.61    -19.759
      26.62    -18.926
      26.63    -17.634
      26.64    -15.989
      26.65    -13.675
      26.66    -11.014
      26.67     -8.311
      26.68     -5.638
      26.69      -3.13
       26.7     -0.726
      26.71      1.467
      26.72      3.107
      26.73       4.41
      26.74       5.31
      26.75      5.941
      26.76      6.366
      26.77      6.383
      26.78      6.266
      26.79        6.1
       26.8      6.012
      26.81      6.185
      26.82      6.396
      26.83      6.753
      26.84       7.28
      26.85      8.067
      26.86      8.897
      26.87      9.637
      26.88      10.25
      26.89     10.898
       26.9     11.633
      26.91     12.455
      26.92     13.206
      26.93     14.006
      26.94     14.843
      26.95     15.957
      26.96     17.007
      26.97     17.788
      26.98     18.574
      26.99     19.437
         27     20.274
      27.01     21.089
      27.02     21.676
      27.03     22.282
      27.04     22.973
      27.05     23.643
      27.06     24.129
      27.07     24.599
      27.08     25.226
      27.09     25.914
       27.1     26.598
      27.11     27.346
      27.12     28.147
      27.13     28.921
      27.14     29.545
      27.15     30.088
      27.16     30.406
      27.17     30.434
      27.18     30.192
      27.19     29.532
       27.2     28.458
      27.21     27.034
      27.22     25.167
      27.23     22.898
      27.24     20.114
      27.25     17.222
      27.26     14.084
      27.27     10.772
      27.28      7.411
      27.29      3.954
       27.3      0.654
      27.31     -2.405
      27.32     -5.374
      27.33     -8.175
      27.34    -10.787
      27.35    -13.052
      27.36    -15.059
      27.37    -16.913
      27.38    -18.769
      27.39    -20.452
       27.4    -21.891
      27.41     -23.14
      27.42    -24.423
      27.43    -25.549
      27.44    -26.433
      27.45    -27.036
      27.46    -27.499
      27.47    -27.854
      27.48    -28.058
      27.49    -28.202
       27.5    -28.149
      27.51     -27.93
      27.52    -27.786
      27.53    -27.586
      27.54    -27.246
      27.55    -26.674
      27.56    -26.025
      27.57    -25.374
      27.58    -24.564
      27.59    -23.606
       27.6    -22.529
      27.61    -21.315
      27.62    -20.159
      27.63    -18.918
      27.64    -17.678
      27.65    -16.312
      27.66    -15.013
      27.67    -13.847
      27.68    -12.701
      27.69    -11.626
       27.7    -10.651
      27.71     -9.734
      27.72     -8.942
      27.73     -8.116
      27.74     -7.444
      27.75     -6.601
      27.76     -5.569
      27.77     -4.565
      27.78     -3.534
      27.79     -2.239
       27.8     -0.794
      27.81      0.707
      27.82      2.176
      27.83       3.74
      27.84      5.265
      27.85      6.732
      27.86      8.096
      27.87      9.393
      27.88     10.535
      27.89     11.458
       27.9     12.385
      27.91      13.35
      27.92     14.123
      27.93     14.843
      27.94     15.467
      27.95     16.146
      27.96     16.762
      27.97     17.202
      27.98     17.396
      27.99     17.474
         28     17.422
      28.01     17.171
      28.02     16.578
      28.03     15.767
      28.04     14.663
      28.05     13.466
      28.06     12.077
      28.07     10.446
      28.08      8.635
      28.09      6.771
       28.1      4.904
      28.11      3.047
      28.12       1.03
      28.13     -1.009
      28.14      -3.02
      28.15     -4.979
      28.16     -7.005
      28.17     -9.027
      28.18    -11.032
      28.19    -12.987
       28.2    -14.884
      28.21    -16.657
      28.22    -18.374
      28.23    -20.149
      28.24    -21.955
      28.25    -23.599
      28.26    -25.278
      28.27     -27.05
      28.28    -28.852
      28.29    -30.621
       28.3    -32.354
      28.31    -33.991
      28.32    -35.673
      28.33    -37.308
      28.34    -38.941
      28.35     -40.39
      28.36    -41.654
      28.37    -42.808
      28.38    -43.771
      28.39    -44.608
       28.4    -45.134
      28.41    -45.222
      28.42     -45.32
      28.43    -45.555
      28.44    -45.534
      28.45    -45.233
      28.46    -45.083
      28.47     -45.05
      28.48    -44.922
      28.49    -44.609
       28.5     -44.22
      28.51    -43.758
      28.52    -43.226
      28.53     -42.47
      28.54    -41.588
      28.55    -40.491
      28.56    -39.145
      28.57    -37.524
      28.58    -35.619
      28.59    -33.474
       28.6    -31.016
      28.61    -28.131
      28.62    -25.183
      28.63    -22.308
      28.64     -19.45
      28.65    -16.433
      28.66    -13.589
      28.67    -11.044
      28.68     -8.771
      28.69     -6.627
       28.7     -4.597
      28.71     -2.847
      28.72     -1.532
      28.73     -0.443
      28.74      0.349
      28.75      1.058
      28.76      1.528
      28.77      1.697
      28.78       1.66
      28.79       1.65
       28.8      1.706
      28.81      1.628
      28.82      1.309
      28.83      1.164
      28.84      1.069
      28.85      1.046
      28.86      1.048
      28.87      0.974
      28.88      1.018
      28.89      1.297
       28.9      1.555
      28.91      1.802
      28.92      2.025
      28.93      2.378
      28.94       2.77
      28.95      3.159
      28.96      3.434
      28.97      3.803
      28.98      4.302
      28.99      4.818
         29      5.329
      29.01      5.953
      29.02      6.611
      29.03      7.408
      29.04      8.074
      29.05      8.812
      29.06      9.558
      29.07     10.409
      29.08     11.241
      29.09     12.087
       29.1     13.018
      29.11     14.117
      29.12     15.192
      29.13     16.269
      29.14      17.33
      29.15      18.49
      29.16      19.53
      29.17     20.479
      29.18      21.36
      29.19     22.082
       29.2     22.637
      29.21     23.126
      29.22     23.284
      29.23     23.297
      29.24     23.155
      29.25     22.748
      29.26     22.068
      29.27     21.362
      29.28     20.514
      29.29     19.409
       29.3     18.225
      29.31      17.09
      29.32     15.903
      29.33     14.679
      29.34     13.277
      29.35     11.973
      29.36     10.719
      29.37      9.488
      29.38      8.232
      29.39       6.97
       29.4      5.793
      29.41      4.765
      29.42      3.721
      29.43      2.673
      29.44      1.526
      29.45      0.471
      29.46     -0.552
      29.47     -1.597
      29.48       -2.8
      29.49     -4.043
       29.5     -5.224
      29.51     -6.403
      29.52     -7.658
      29.53     -8.871
      29.54    -10.126
      29.55    -11.205
      29.56    -12.149
      29.57    -12.945
      29.58    -13.561
      29.59    -14.071
       29.6    -14.385
      29.61    -14.285
      29.62    -14.109
      29.63    -13.872
      29.64    -13.622
      29.65    -13.134
      29.66    -12.603
      29.67    -12.103
      29.68    -11.651
      29.69     -11.15
       29.7    -10.504
      29.71     -9.648
      29.72     -8.781
      29.73     -7.816
      29.74     -6.771
      29.75     -5.543
      29.76     -4.274
      29.77     -3.042
      29.78     -1.865
      29.79      -0.72
       29.8      0.378
      29.81      1.509
      29.82      2.515
      29.83      3.468
      29.84      4.196
      29.85      5.016
      29.86      5.901
      29.87      6.704
      29.88      7.468
      29.89      8.296
       29.9      9.264
      29.91     10.392
      29.92     11.431
      29.93     12.389
      29.94     13.274
      29.95     14.209
      29.96     15.083
      29.97     15.816
      29.98     16.439
      29.99      17.13
         30     17.886
      30.01     18.723
      30.02     19.452
      30.03     20.181
      30.04     20.886
      30.05     21.601
      30.06     22.247
      30.07     22.811
      30.08     23.312
      30.09     23.731
       30.1     24.131
      30.11     24.491
      30.12     24.596
      30.13     24.576
      30.14     24.294
      30.15     23.899
      30.16     23.342
      30.17     22.673
      30.18     21.902
      30.19     21.121
       30.2     20.304
      30.21     19.552
      30.22     18.741
      30.23     17.818
      30.24     16.711
      30.25      15.65
      30.26     14.481
      30.27     13.249
      30.28      11.97
      30.29       10.6
       30.3      9.212
      30.31      7.984
      30.32       6.68
      30.33      5.318
      30.34      3.899
      30.35      2.696
      30.36      1.575
      30.37      0.505
      30.38     -0.509
      30.39     -1.364
       30.4     -2.138
      30.41     -2.732
      30.42     -3.254
      30.43     -3.761
      30.44      -4.32
      30.45     -4.682
      30.46     -4.928
      30.47      -5.07
      30.48     -5.249
      30.49     -5.367
       30.5     -5.197
      30.51     -4.888
      30.52     -4.662
      30.53     -4.305
      30.54     -4.002
      30.55     -3.553
      30.56     -3.051
      30.57     -2.582
      30.58     -2.113
      30.59     -1.578
       30.6     -1.036
      30.61     -0.377
      30.62      0.258
      30.63      0.904
      30.64      1.378
      30.65      1.951
      30.66      2.679
      30.67      3.383
      30.68       4.01
      30.69      4.683
       30.7      5.494
      30.71      6.491
      30.72      7.348
      30.73      8.095
      30.74      8.772
      30.75      9.521
      30.76     10.191
      30.77      10.77
      30.78     11.176
      30.79     11.563
       30.8     12.064
      30.81     12.621
      30.82     12.993
      30.83     13.387
      30.84     13.656
      30.85     14.112
      30.86     14.457
      30.87     14.632
      30.88     14.757
      30.89     14.804
       30.9     14.799
      30.91     14.731
      30.92      14.46
      30.93     14.117
      30.94     13.648
      30.95     13.136
      30.96     12.577
      30.97     12.011
      30.98     11.284
      30.99     10.534
         31      9.898
      31.01      9.296
      31.02      8.622
      31.03      7.968
      31.04      7.234
      31.05      6.662
      31.06       6.22
      31.07       5.65
      31.08      5.151
      31.09       4.85
       31.1      4.656
      31.11      4.557
      31.12       4.43
      31.13      4.432
      31.14      4.308
      31.15      4.138
      31.16      3.917
      31.17       3.61
      31.18      3.133
      31.19      2.499
       31.2      1.837
      31.21      1.255
      31.22      0.563
      31.23     -0.247
      31.24     -1.177
      31.25     -1.979
      31.26     -2.777
      31.27     -3.753
      31.28     -4.808
      31.29     -5.788
       31.3     -6.745
      31.31     -7.632
      31.32     -8.618
      31.33     -9.625
      31.34    -10.655
      31.35    -11.668
      31.36    -12.756
      31.37    -13.897
      31.38    -15.129
      31.39    -16.351
       31.4    -17.509
      31.41    -18.586
      31.42    -19.736
      31.43     -20.76
      31.44    -21.788
      31.45    -22.751
      31.46    -23.654
      31.47    -24.462
      31.48    -25.258
      31.49    -26.008
       31.5    -26.642
      31.51    -27.039
      31.52     -27.44
      31.53    -27.737
      31.54    -27.997
      31.55    -28.081
      31.56    -28.031
      31.57    -27.847
      31.58    -27.613
      31.59    -27.246
       31.6    -26.668
      31.61    -25.885
      31.62    -25.058
      31.63    -24.153
      31.64    -23.342
      31.65    -22.358
      31.66    -21.322
      31.67    -20.404
      31.68    -19.505
      31.69    -18.555
       31.7    -17.465
      31.71    -16.269
      31.72    -15.059
      31.73    -13.721
      31.74    -12.307
      31.75    -10.778
      31.76     -9.172
      31.77     -7.483
      31.78     -5.813
      31.79     -4.172
       31.8     -2.504
      31.81     -0.769
      31.82      0.818
      31.83      2.253
      31.84      3.557
      31.85      4.855
      31.86      6.032
      31.87      7.098
      31.88      8.091
      31.89      9.024
       31.9      9.904
      31.91     10.772
      31.92     11.511
      31.93      12.17
      31.94     12.566
      31.95     12.915
      31.96     13.235
      31.97     13.436
      31.98     13.488
      31.99     13.498
         32     13.536
      32.01     13.606
      32.02     13.677
      32.03      13.79
      32.04      13.79
      32.05     13.938
      32.06     14.276
      32.07     14.643
      32.08     14.886
      32.09     15.185
       32.1     15.559
      32.11      15.94
      32.12     16.162
      32.13     16.331
      32.14     16.356
      32.15     16.399
      32.16      16.48
      32.17      16.59
      32.18     16.599
      32.19     16.625
       32.2     16.786
      32.21     17.136
      32.22      17.42
      32.23      17.64
      32.24     17.848
      32.25     18.208
      32.26     18.517
      32.27     18.747
      32.28     18.805
      32.29     18.752
       32.3     18.722
      32.31     18.651
      32.32     18.367
      32.33     18.001
      32.34     17.474
      32.35     17.161
      32.36      16.86
      32.37     16.311
      32.38     15.735
      32.39     15.261
       32.4     14.747
      32.41     14.111
      32.42     13.309
      32.43      12.54
      32.44     11.636
      32.45     10.697
      32.46      9.756
      32.47       8.78
      32.48      7.718
      32.49      6.688
       32.5      5.692
      32.51      4.778
      32.52      3.798
      32.53      2.865
      32.54      1.946
      32.55      1.187
      32.56      0.464
      32.57     -0.211
      32.58     -0.849
      32.59     -1.388
       32.6      -1.88
      32.61     -2.313
      32.62     -2.709
      32.63     -3.061
      32.64     -3.467
      32.65     -3.748
      32.66     -3.842
      32.67     -3.941
      32.68     -4.028
      32.69      -3.99
       32.7     -3.795
      32.71     -3.462
      32.72     -3.152
      32.73     -2.804
      32.74     -2.369
      32.75     -1.761
      32.76     -1.169
      32.77     -0.616
      32.78     -0.033
      32.79      0.667
       32.8      1.374
      32.81      2.114
      32.82      2.903
      32.83       3.83
      32.84      4.838
      32.85      5.974
      32.86      7.171
      32.87      8.505
      32.88      9.873
      32.89     11.161
       32.9     12.409
      32.91     13.643
      32.92     14.654
      32.93     15.505
      32.94     16.123
      32.95     16.653
      32.96     17.043
      32.97     17.299
      32.98     17.411
      32.99     17.495
         33     17.551
      33.01     17.566
      33.02     17.494
      33.03     17.416
      33.04     17.302
      33.05     17.184
      33.06     17.034
      33.07     16.902
      33.08     16.816
      33.09     16.712
       33.1     16.585
      33.11     16.516
      33.12     16.452
      33.13     16.392
      33.14     16.218
      33.15     16.069
      33.16     15.936
      33.17      15.83
      33.18     15.668
      33.19     15.434
       33.2      15.22
      33.21      15.05
      33.22     14.769
      33.23     14.408
      33.24     13.967
      33.25     13.537
      33.26     13.043
      33.27     12.549
      33.28     12.063
      33.29     11.595
       33.3     11.133
      33.31     10.752
      33.32     10.393
      33.33     10.108
      33.34      9.731
      33.35      9.434
      33.36      9.206
      33.37      9.007
      33.38      8.823
      33.39      8.588
       33.4      8.319
      33.41      8.039
      33.42      7.647
      33.43      7.186
      33.44      6.499
      33.45      5.726
      33.46      4.904
      33.47      4.116
      33.48      3.281
      33.49      2.314
       33.5      1.404
      33.51      0.693
      33.52     -0.009
      33.53     -0.745
      33.54     -1.489
      33.55     -2.094
      33.56     -2.596
      33.57      -3.07
      33.58     -3.607
      33.59     -4.102
       33.6     -4.551
      33.61     -4.967
      33.62     -5.409
      33.63     -5.826
      33.64     -6.305
      33.65     -6.724
      33.66     -7.031
      33.67     -7.283
      33.68     -7.573
      33.69     -7.844
       33.7     -8.072
      33.71     -8.218
      33.72     -8.364
      33.73      -8.55
      33.74     -8.784
      33.75     -8.922
      33.76     -9.033
      33.77     -9.116
      33.78     -9.248
      33.79     -9.383
       33.8     -9.493
      33.81     -9.522
      33.82     -9.524
      33.83     -9.492
      33.84     -9.534
      33.85     -9.433
      33.86     -9.197
      33.87     -9.014
      33.88      -8.87
      33.89      -8.73
       33.9     -8.587
      33.91     -8.443
      33.92     -8.388
      33.93     -8.343
      33.94     -8.347
      33.95     -8.348
      33.96      -8.32
      33.97     -8.241
      33.98     -8.166
      33.99     -8.128
         34      -8.08
      34.01     -7.902
      34.02     -7.747
      34.03     -7.606
      34.04     -7.569
      34.05     -7.517
      34.06     -7.441
      34.07     -7.416
      34.08     -7.541
      34.09     -7.742
       34.1      -8.01
      34.11     -8.202
      34.12     -8.443
      34.13     -8.748
      34.14     -9.053
      34.15     -9.252
      34.16     -9.382
      34.17     -9.431
      34.18     -9.504
      34.19     -9.579
       34.2     -9.627
      34.21     -9.596
      34.22     -9.593
      34.23     -9.655
      34.24     -9.863
      34.25    -10.035
      34.26    -10.155
      34.27    -10.389
      34.28    -10.775
      34.29    -11.166
       34.3    -11.567
      34.31    -11.931
      34.32    -12.297
      34.33    -12.678
      34.34    -13.065
      34.35    -13.308
      34.36    -13.497
      34.37    -13.684
      34.38    -13.886
      34.39    -14.073
       34.4    -14.287
      34.41     -14.42
      34.42    -14.509
      34.43     -14.59
      34.44    -14.742
      34.45    -14.725
      34.46    -14.594
      34.47    -14.457
      34.48    -14.385
      34.49     -14.31
       34.5    -14.197
      34.51    -14.052
      34.52    -13.965
      34.53    -13.918
      34.54    -13.941
      34.55    -13.963
      34.56    -13.971
      34.57    -13.965
      34.58    -14.105
      34.59    -14.317
       34.6    -14.413
      34.61    -14.356
      34.62     -14.26
      34.63    -14.179
      34.64    -14.089
      34.65    -13.703
      34.66    -13.203
      34.67    -12.886
      34.68    -12.662
      34.69     -12.25
       34.7    -11.787
      34.71    -11.438
      34.72    -11.193
      34.73    -10.837
      34.74    -10.454
      34.75    -10.126
      34.76     -9.822
      34.77     -9.479
      34.78     -9.052
      34.79     -8.646
       34.8     -8.233
      34.81     -7.683
      34.82     -7.128
      34.83     -6.605
      34.84     -6.121
      34.85     -5.594
      34.86     -5.082
      34.87     -4.619
      34.88     -4.209
      34.89     -3.771
       34.9     -3.334
      34.91     -2.877
      34.92     -2.428
      34.93     -1.931
      34.94     -1.451
      34.95      -0.93
      34.96      -0.37
      34.97      0.214
      34.98      0.787
      34.99      1.344
         35      1.923
      35.01      2.536
      35.02      3.082
      35.03      3.618
      35.04       4.13
      35.05      4.629
      35.06      5.087
      35.07      5.531
      35.08      5.921
      35.09      6.312
       35.1      6.674
      35.11      7.004
      35.12      7.312
      35.13      7.676
      35.14      7.964
      35.15      8.166
      35.16      8.378
      35.17       8.59
      35.18      8.728
      35.19      8.746
       35.2      8.728
      35.21      8.703
      35.22      8.639
      35.23       8.57
      35.24      8.401
      35.25      8.235
      35.26      8.089
      35.27      7.968
      35.28      7.772
      35.29      7.532
       35.3      7.233
      35.31      6.945
      35.32      6.614
      35.33      6.202
      35.34       5.67
      35.35      5.106
      35.36      4.539
      35.37      3.959
      35.38      3.352
      35.39      2.736
       35.4      2.164
      35.41      1.726
      35.42      1.364
      35.43      1.048
      35.44      0.742
      35.45      0.512
      35.46      0.359
      35.47      0.222
      35.48      0.064
      35.49     -0.093
       35.5     -0.239
      35.51      -0.34
      35.52     -0.422
      35.53     -0.481
      35.54     -0.591
      35.55      -0.68
      35.56     -0.689
      35.57     -0.617
      35.58     -0.586
      35.59     -0.576
       35.6     -0.491
      35.61     -0.331
      35.62     -0.214
      35.63     -0.108
      35.64     -0.033
      35.65      0.085
      35.66      0.205
      35.67      0.357
      35.68       0.49
      35.69      0.614
       35.7      0.753
      35.71      0.944
      35.72      1.157
      35.73      1.421
      35.74      1.659
      35.75      1.945
      35.76      2.297
      35.77      2.687
      35.78      3.055
      35.79      3.306
       35.8      3.563
      35.81      3.882
      35.82      4.113
      35.83      4.325
      35.84      4.494
      35.85      4.703
      35.86      4.933
      35.87      5.173
      35.88      5.392
      35.89        5.6
       35.9      5.817
      35.91      6.069
      35.92      6.338
      35.93      6.615
      35.94      6.791
      35.95      6.986
      35.96      7.184
      35.97      7.346
      35.98      7.431
      35.99       7.47
         36      7.485
      36.01      7.583
      36.02       7.68
      36.03      7.758
      36.04      7.809
      36.05      7.891
      36.06      7.968
      36.07      7.992
      36.08      7.928
      36.09      7.789
       36.1      7.604
      36.11      7.384
      36.12      7.116
      36.13      6.788
      36.14      6.382
      36.15      5.972
      36.16       5.56
      36.17      5.156
      36.18       4.72
      36.19      4.295
       36.2      3.912
      36.21      3.582
      36.22      3.253
      36.23      2.951
      36.24      2.593
      36.25      2.239
      36.26       1.87
      36.27      1.464
      36.28      1.015
      36.29      0.538
       36.3      0.025
      36.31     -0.466
      36.32     -0.924
      36.33     -1.358
      36.34     -1.838
      36.35     -2.263
      36.36     -2.651
      36.37     -2.999
      36.38     -3.332
      36.39     -3.657
       36.4     -3.975
      36.41     -4.232
      36.42     -4.465
      36.43     -4.669
      36.44     -4.939
      36.45     -5.217
      36.46     -5.449
      36.47     -5.639
      36.48     -5.827
      36.49     -6.003
       36.5      -6.13
      36.51     -6.119
      36.52     -6.028
      36.53     -5.891
      36.54     -5.781
      36.55     -5.638
      36.56     -5.469
      36.57     -5.294
      36.58     -5.209
      36.59     -5.209
       36.6     -5.194
      36.61     -5.131
      36.62     -5.096
      36.63     -5.048
      36.64     -4.987
      36.65     -4.863
      36.66     -4.687
      36.67     -4.483
      36.68      -4.24
      36.69     -3.995
       36.7     -3.773
      36.71      -3.51
      36.72     -3.233
      36.73     -3.012
      36.74     -2.911
      36.75     -2.822
      36.76      -2.74
      36.77     -2.705
      36.78     -2.736
      36.79     -2.767
       36.8     -2.761
      36.81     -2.715
      36.82     -2.649
      36.83     -2.545
      36.84     -2.458
      36.85     -2.384
      36.86     -2.338
      36.87     -2.303
      36.88     -2.286
      36.89     -2.358
       36.9     -2.475
      36.91     -2.541
      36.92     -2.594
      36.93     -2.641
      36.94     -2.745
      36.95     -2.814
      36.96     -2.834
      36.97     -2.796
      36.98     -2.748
      36.99     -2.713
         37     -2.613
      37.01     -2.399
      37.02     -2.172
      37.03     -1.955
      37.04      -1.76
      37.05     -1.566
      37.06     -1.403
      37.07     -1.277
      37.08     -1.211
      37.09     -1.206
       37.1     -1.248
      37.11     -1.263
      37.12     -1.293
      37.13     -1.341
      37.14     -1.438
      37.15     -1.512
      37.16     -1.585
      37.17     -1.649
      37.18     -1.732
      37.19     -1.835
       37.2     -1.933
      37.21     -1.999
      37.22     -2.062
      37.23     -2.124
      37.24     -2.208
      37.25       -2.3
      37.26     -2.384
      37.27     -2.425
      37.28     -2.463
      37.29     -2.516
       37.3     -2.552
      37.31     -2.527
      37.32     -2.471
      37.33     -2.418
      37.34     -2.431
      37.35     -2.454
      37.36      -2.49
      37.37     -2.551
      37.38     -2.663
      37.39     -2.823
       37.4     -2.999
      37.41     -3.136
      37.42      -3.26
      37.43     -3.363
      37.44     -3.484
      37.45     -3.568
      37.46     -3.615
      37.47     -3.618
      37.48     -3.595
      37.49     -3.569
       37.5     -3.532
      37.51     -3.428
      37.52     -3.285
      37.53     -3.132
      37.54     -3.024
      37.55     -2.905
      37.56     -2.777
      37.57     -2.641
      37.58     -2.519
      37.59     -2.431
       37.6     -2.354
      37.61     -2.229
      37.62     -2.066
      37.63     -1.899
      37.64     -1.772
      37.65     -1.624
      37.66     -1.435
      37.67     -1.239
      37.68     -1.062
      37.69     -0.896
       37.7     -0.757
      37.71     -0.582
      37.72     -0.393
      37.73     -0.224
      37.74     -0.115
      37.75      0.005
      37.76      0.148
      37.77      0.309
      37.78      0.465
      37.79      0.601
       37.8      0.758
      37.81      0.966
      37.82      1.165
      37.83      1.362
      37.84      1.498
      37.85      1.606
      37.86      1.712
      37.87      1.783
      37.88      1.807
      37.89      1.793
       37.9      1.745
      37.91      1.705
      37.92       1.68
      37.93      1.656
      37.94      1.572
      37.95      1.504
      37.96      1.463
      37.97      1.443
      37.98      1.399
      37.99      1.329
         38       1.27
      38.01       1.24
      38.02      1.209
      38.03      1.165
      38.04      1.087
      38.05      0.997
      38.06      0.907
      38.07      0.825
      38.08      0.716
      38.09      0.569
       38.1      0.421
      38.11      0.309
      38.12      0.194
      38.13      0.069
      38.14     -0.088
      38.15     -0.249
      38.16     -0.426
      38.17     -0.617
      38.18     -0.842
      38.19     -1.104
       38.2     -1.404
      38.21     -1.689
      38.22     -1.974
      38.23     -2.245
      38.24     -2.554
      38.25     -2.854
      38.26     -3.122
      38.27     -3.355
      38.28     -3.583
      38.29     -3.818
       38.3     -4.044
      38.31     -4.215
      38.32     -4.367
      38.33     -4.528
      38.34     -4.712
      38.35     -4.899
      38.36     -5.084
      38.37     -5.263
      38.38     -5.456
      38.39     -5.668
       38.4     -5.865
      38.41     -6.018
      38.42     -6.151
      38.43     -6.242
      38.44     -6.328
      38.45     -6.396
      38.46     -6.437
      38.47     -6.439
      38.48     -6.428
      38.49     -6.428
       38.5     -6.439
      38.51     -6.415
      38.52     -6.353
      38.53     -6.276
      38.54     -6.235
      38.55     -6.174
      38.56     -6.066
      38.57     -5.922
      38.58     -5.781
      38.59     -5.643
       38.6     -5.489
      38.61     -5.291
      38.62     -5.079
      38.63     -4.862
      38.64     -4.673
      38.65     -4.483
      38.66     -4.276
      38.67     -4.063
      38.68      -3.87
      38.69     -3.697
       38.7     -3.521
      38.71     -3.316
      38.72     -3.106
      38.73      -2.89
      38.74     -2.688
      38.75     -2.479
      38.76     -2.255
      38.77     -2.019
      38.78     -1.799
      38.79     -1.587
       38.8     -1.382
      38.81     -1.173
      38.82     -0.961
      38.83     -0.763
      38.84       -0.6
      38.85     -0.453
      38.86     -0.322
      38.87     -0.198
      38.88     -0.091
      38.89     -0.013
       38.9      0.051
      38.91      0.127
      38.92      0.214
      38.93      0.308
      38.94      0.376
      38.95      0.438
      38.96      0.506
      38.97      0.583
      38.98      0.647
      38.99      0.691
         39      0.728
      39.01      0.794
      39.02      0.874
      39.03      0.962
      39.04      1.045
      39.05      1.135
      39.06       1.24
      39.07       1.36
      39.08       1.47
      39.09      1.571
       39.1      1.667
      39.11      1.769
      39.12      1.874
      39.13      1.982
      39.14      2.067
      39.15      2.136
      39.16      2.202
      39.17      2.281
      39.18      2.349
      39.19      2.396
       39.2      2.448
      39.21      2.517
      39.22      2.597
      39.23      2.684
      39.24      2.758
      39.25      2.825
      39.26      2.887
      39.27      2.951
      39.28      3.003
      39.29      3.035
       39.3       3.05
      39.31      3.071
      39.32        3.1
      39.33      3.125
      39.34      3.132
      39.35      3.128
      39.36       3.12
      39.37       3.12
      39.38      3.107
      39.39      3.076
       39.4      3.037
      39.41      3.001
      39.42      2.972
      39.43      2.941
      39.44      2.888
      39.45      2.826
      39.46      2.759
      39.47      2.692
      39.48      2.615
      39.49      2.526
       39.5      2.428
      39.51      2.338
      39.52      2.256
      39.53      2.183
      39.54      2.099
      39.55      2.012
      39.56      1.933
      39.57      1.863
      39.58      1.793
      39.59      1.715
       39.6      1.636
      39.61      1.566
      39.62      1.504
      39.63      1.443
      39.64      1.375
      39.65      1.304
      39.66      1.232
      39.67      1.168
      39.68      1.107
      39.69      1.043
       39.7       0.98
      39.71      0.928
      39.72      0.885
      39.73      0.848
      39.74      0.808
      39.75      0.766
      39.76      0.721
      39.77      0.681
      39.78      0.642
      39.79      0.602
       39.8       0.56
      39.81      0.522
      39.82      0.491
      39.83      0.469
      39.84      0.444
      39.85      0.416
      39.86      0.386
      39.87      0.358
      39.88      0.332
      39.89      0.304
       39.9      0.271
      39.91      0.237
      39.92      0.204
      39.93      0.176
      39.94      0.146
      39.95      0.112
      39.96      0.076
      39.97      0.044
      39.98       0.02
      39.99          0
