          0    -15.456
       0.01      -6.58
       0.02     -6.848
       0.03    -12.591
       0.04    -15.753
       0.05    -12.014
       0.06     -3.898
       0.07      3.339
       0.08      7.335
       0.09      9.588
        0.1     11.955
       0.11     13.849
       0.12      13.37
       0.13     10.208
       0.14      6.314
       0.15      3.686
       0.16      2.394
       0.17      1.229
       0.18     -0.236
       0.19     -1.035
        0.2     -0.241
       0.21      1.714
       0.22      3.638
       0.23      5.142
       0.24      7.039
       0.25     10.131
       0.26     14.135
       0.27     18.159
       0.28     21.936
       0.29     26.074
        0.3     31.028
       0.31     36.296
       0.32     40.929
       0.33     44.612
       0.34     47.811
       0.35     50.847
       0.36     53.246
       0.37     54.268
       0.38     53.851
       0.39     52.652
        0.4     51.158
       0.41     49.142
       0.42     46.207
       0.43      42.62
       0.44     39.223
       0.45     36.518
       0.46     34.198
       0.47     31.759
       0.48     29.308
       0.49     27.436
        0.5      26.34
       0.51     25.471
       0.52     24.251
       0.53     22.861
       0.54     22.004
       0.55     21.934
       0.56     22.104
       0.57      21.92
       0.58      21.52
       0.59     21.436
        0.6      21.58
       0.61     20.985
       0.62     18.749
       0.63     14.926
       0.64     10.158
       0.65      4.591
       0.66     -2.357
       0.67    -10.946
       0.68    -20.219
       0.69    -28.576
        0.7    -35.148
       0.71    -40.144
       0.72    -43.727
       0.73    -45.066
       0.74    -43.057
       0.75    -37.884
       0.76    -31.279
       0.77    -24.993
       0.78     -19.47
       0.79    -14.522
        0.8     -11.07
       0.81    -11.361
       0.82    -17.065
       0.83     -27.66
       0.84    -41.403
       0.85     -57.74
       0.86    -77.815
       0.87   -102.144
       0.88   -128.497
       0.89   -153.191
        0.9   -174.497
       0.91   -193.609
       0.92   -211.382
       0.93   -224.858
       0.94   -228.699
       0.95   -220.747
       0.96   -210.603
       0.97   -199.397
       0.98   -179.305
       0.99   -151.396
          1   -124.057
       1.01   -104.048
       1.02      -90.6
       1.03    -78.229
       1.04    -67.856
       1.05     -67.39
       1.06    -76.758
       1.07    -86.264
       1.08    -89.689
       1.09      -91.8
        1.1    -94.641
       1.11    -92.569
       1.12     -82.94
       1.13    -68.364
       1.14    -50.777
       1.15    -30.534
       1.16     -8.949
       1.17     11.595
       1.18     31.884
       1.19     51.537
        1.2     66.575
       1.21     73.347
       1.22      71.76
       1.23     65.024
       1.24     55.679
       1.25     38.339
       1.26     11.085
       1.27    -17.896
       1.28    -40.374
       1.29    -58.573
        1.3    -80.485
       1.31   -102.979
       1.32   -113.807
       1.33   -116.034
       1.34   -120.864
       1.35   -125.607
       1.36   -122.097
       1.37   -111.114
       1.38    -96.122
       1.39    -77.843
        1.4    -55.229
       1.41    -27.848
       1.42      1.782
       1.43      29.36
       1.44     53.249
       1.45     73.224
       1.46     90.408
       1.47    103.796
       1.48    111.836
       1.49    120.279
        1.5    135.398
       1.51    152.562
       1.52    166.831
       1.53    185.131
       1.54    213.207
       1.55    239.924
       1.56    253.935
       1.57    259.577
       1.58    265.641
       1.59    267.284
        1.6    252.679
       1.61    224.498
       1.62    197.486
       1.63    176.696
       1.64    153.721
       1.65    123.528
       1.66     96.793
       1.67     81.975
       1.68      71.14
       1.69     57.007
        1.7     44.126
       1.71     37.499
       1.72     35.489
       1.73     36.447
       1.74       41.4
       1.75     48.038
       1.76     55.665
       1.77     66.732
       1.78     80.455
       1.79     90.638
        1.8     92.737
       1.81     90.785
       1.82      90.77
       1.83     88.612
       1.84     78.066
       1.85      62.75
       1.86     50.651
       1.87     40.765
       1.88     26.097
       1.89      2.563
        1.9    -25.393
       1.91    -52.626
       1.92    -84.664
       1.93   -126.361
       1.94   -168.325
       1.95   -200.767
       1.96    -224.39
       1.97   -242.118
       1.98   -248.112
       1.99   -238.231
          2   -218.902
       2.01   -195.043
       2.02   -165.095
       2.03   -133.094
       2.04   -100.058
       2.05    -61.787
       2.06    -20.074
       2.07     22.569
       2.08     68.504
       2.09    117.286
        2.1    162.845
       2.11    196.211
       2.12    211.248
       2.13    206.242
       2.14    180.552
       2.15    131.622
       2.16     60.687
       2.17    -23.295
       2.18   -108.779
       2.19    -188.42
        2.2   -257.508
       2.21   -312.877
       2.22   -352.031
       2.23   -372.603
       2.24   -373.944
       2.25   -360.396
       2.26   -339.367
       2.27   -311.524
       2.28   -269.476
       2.29   -216.097
        2.3   -163.863
       2.31   -116.553
       2.32    -68.537
       2.33    -18.576
       2.34     27.196
       2.35     61.633
       2.36      87.65
       2.37    115.157
       2.38    145.934
       2.39    173.938
        2.4     198.31
       2.41    223.081
       2.42    250.632
       2.43    280.299
       2.44      308.5
       2.45     331.45
       2.46    351.389
       2.47    372.291
       2.48    394.439
       2.49    413.635
        2.5    424.629
       2.51    426.774
       2.52    422.246
       2.53     407.63
       2.54    375.099
       2.55    320.206
       2.56    246.658
       2.57    163.386
       2.58     77.598
       2.59    -10.447
        2.6    -97.541
       2.61   -167.804
       2.62   -207.899
       2.63   -221.861
       2.64   -216.784
       2.65   -192.303
       2.66   -146.552
       2.67    -84.525
       2.68    -18.801
       2.69     40.417
        2.7     92.208
       2.71    138.031
       2.72     175.22
       2.73    198.722
       2.74    208.407
       2.75    209.887
       2.76    208.259
       2.77    204.332
       2.78    197.975
       2.79    189.876
        2.8    181.947
       2.81     176.42
       2.82    172.461
       2.83    165.016
       2.84    152.078
       2.85    135.653
       2.86    117.083
       2.87     94.937
       2.88     67.057
       2.89     33.394
        2.9      -1.54
       2.91     -35.09
       2.92    -70.342
       2.93   -108.485
       2.94   -143.428
       2.95   -172.496
       2.96   -198.664
       2.97   -221.208
       2.98   -236.468
       2.99   -246.336
          3   -254.099
       3.01   -259.788
       3.02   -264.142
       3.03   -271.948
       3.04   -284.828
       3.05   -300.264
       3.06   -317.926
       3.07   -338.167
       3.08    -355.46
       3.09   -363.186
        3.1   -359.197
       3.11   -342.459
       3.12   -308.263
       3.13   -256.265
       3.14   -194.305
       3.15   -128.405
       3.16    -61.015
       3.17      1.188
       3.18     48.439
       3.19     75.946
        3.2     87.914
       3.21     87.145
       3.22     70.503
       3.23     39.708
       3.24      7.842
       3.25    -15.714
       3.26    -35.974
       3.27    -56.624
       3.28    -66.067
       3.29    -59.472
        3.3    -49.595
       3.31    -44.724
       3.32    -39.139
       3.33    -29.433
       3.34     -21.72
       3.35    -21.868
       3.36    -25.313
       3.37    -25.828
       3.38    -25.205
       3.39     -26.94
        3.4    -30.045
       3.41    -32.687
       3.42     -34.62
       3.43    -36.778
       3.44    -35.315
       3.45    -25.407
       3.46     -7.604
       3.47     19.451
       3.48     61.003
       3.49    113.777
        3.5    170.042
       3.51    225.083
       3.52    273.238
       3.53    306.711
       3.54    320.895
       3.55    312.395
       3.56    280.789
       3.57    230.193
       3.58    167.496
       3.59    102.121
        3.6      44.56
       3.61      0.769
       3.62     -26.06
       3.63    -30.974
       3.64     -9.705
       3.65     31.355
       3.66     77.829
       3.67    122.882
       3.68    168.919
       3.69    211.705
        3.7    238.995
       3.71     246.42
       3.72    243.938
       3.73    239.832
       3.74    231.514
       3.75    217.697
       3.76     205.12
       3.77     197.82
       3.78    194.445
       3.79    194.125
        3.8    194.469
       3.81    187.849
       3.82    173.441
       3.83    158.365
       3.84    143.521
       3.85    121.748
       3.86     93.625
       3.87     71.022
       3.88     61.447
       3.89      60.03
        3.9     61.182
       3.91     65.401
       3.92     75.457
       3.93     89.636
       3.94     98.758
       3.95      92.62
       3.96     70.542
       3.97     37.913
       3.98     -3.572
       3.99    -57.223
          4   -122.629
       4.01   -190.628
       4.02   -250.295
       4.03   -298.893
       4.04   -339.473
       4.05   -373.277
       4.06   -397.166
       4.07   -410.431
       4.08   -418.033
       4.09   -425.657
        4.1   -435.728
       4.11   -447.709
       4.12   -459.543
       4.13   -471.475
       4.14   -484.647
       4.15   -498.761
       4.16   -512.659
       4.17   -522.676
       4.18   -523.075
       4.19   -513.646
        4.2   -496.762
       4.21   -467.096
       4.22   -415.457
       4.23    -343.25
       4.24   -258.495
       4.25    -164.81
       4.26    -64.249
       4.27     36.725
       4.28    129.629
       4.29    206.727
        4.3    264.271
       4.31    303.656
       4.32    327.988
       4.33    340.153
       4.34    345.981
       4.35    350.785
       4.36    358.204
       4.37    371.545
       4.38    392.542
       4.39    418.797
        4.4    444.481
       4.41    462.353
       4.42    468.186
       4.43    460.022
       4.44    435.198
       4.45    389.388
       4.46    322.063
       4.47    241.136
       4.48    159.859
       4.49     84.108
        4.5      11.08
       4.51    -55.511
       4.52   -103.523
       4.53    -132.28
       4.54   -154.181
       4.55    -179.13
       4.56   -206.288
       4.57   -232.141
       4.58   -259.961
       4.59   -294.739
        4.6   -330.775
       4.61    -357.28
       4.62   -369.208
       4.63   -366.599
       4.64   -349.058
       4.65   -319.117
       4.66   -282.912
       4.67   -246.635
       4.68   -214.709
       4.69   -191.259
        4.7   -180.385
       4.71   -182.833
       4.72   -192.201
       4.73   -200.971
       4.74   -205.104
       4.75   -204.552
       4.76   -199.941
       4.77   -188.646
       4.78   -167.446
       4.79     -139.4
        4.8   -112.469
       4.81    -90.668
       4.82    -69.221
       4.83    -41.934
       4.84     -9.803
       4.85      19.95
       4.86     44.005
       4.87     66.624
       4.88     93.462
       4.89    120.345
        4.9    132.968
       4.91    122.509
       4.92    102.972
       4.93     97.964
       4.94     97.006
       4.95     74.771
       4.96     54.832
       4.97     75.553
       4.98    120.738
       4.99    159.175
          5    197.558
       5.01    250.829
       5.02    309.626
       5.03    355.089
       5.04    380.701
       5.05    390.006
       5.06    389.779
       5.07    385.441
       5.08    377.505
       5.09    363.902
        5.1    349.932
       5.11    345.779
       5.12     353.24
       5.13    363.815
       5.14    370.507
       5.15    371.262
       5.16    365.754
       5.17    351.749
       5.18    324.481
       5.19    280.491
        5.2    224.049
       5.21    164.176
       5.22    107.837
       5.23     57.513
       5.24     15.159
       5.25    -15.464
       5.26    -30.149
       5.27    -28.795
       5.28    -15.773
       5.29      3.584
        5.3     26.152
       5.31     50.079
       5.32     73.934
       5.33     95.628
       5.34     112.43
       5.35    120.886
       5.36     120.52
       5.37    113.628
       5.38    101.461
       5.39     80.907
        5.4     48.133
       5.41      3.844
       5.42     -45.61
       5.43    -95.378
       5.44   -146.908
       5.45   -204.127
       5.46   -265.202
       5.47   -321.199
       5.48    -365.83
       5.49   -404.055
        5.5   -446.269
       5.51   -495.665
       5.52   -539.695
       5.53   -559.065
       5.54   -546.675
       5.55   -612.813
       5.56   -594.658
       5.57   -598.544
       5.58   -519.232
       5.59   -517.092
        5.6   -482.666
       5.61   -424.243
       5.62   -365.848
       5.63   -328.062
       5.64   -311.961
       5.65   -304.893
       5.66   -300.454
       5.67   -306.544
       5.68   -329.748
       5.69    -362.58
        5.7   -391.803
       5.71   -411.379
       5.72   -423.167
       5.73    -432.02
       5.74   -437.843
       5.75   -434.387
       5.76   -418.817
       5.77   -398.353
       5.78   -381.415
       5.79   -368.082
        5.8   -353.272
       5.81   -337.365
       5.82   -325.825
       5.83   -321.229
       5.84   -320.228
       5.85   -318.566
       5.86   -313.484
       5.87   -305.178
       5.88   -295.425
       5.89   -284.199
        5.9   -269.467
       5.91   -252.327
       5.92   -236.387
       5.93   -225.227
       5.94   -220.797
       5.95   -222.292
       5.96   -225.965
       5.97   -229.796
       5.98   -235.019
       5.99   -241.423
          6   -242.401
       6.01   -231.149
       6.02   -209.286
       6.03   -182.007
       6.04   -146.485
       6.05    -98.001
       6.06    -39.018
       6.07     24.356
       6.08     88.937
       6.09    153.888
        6.1    217.342
       6.11    274.772
       6.12    322.034
       6.13    357.082
       6.14    380.136
       6.15    391.439
       6.16    392.022
       6.17    383.981
       6.18    370.663
       6.19    355.562
        6.2    342.133
       6.21    332.702
       6.22    329.188
       6.23    332.338
       6.24    341.138
       6.25    352.877
       6.26    366.036
       6.27      379.9
       6.28    392.827
       6.29    402.625
        6.3    408.891
       6.31    413.511
       6.32    419.618
       6.33     427.33
       6.34    434.975
       6.35    442.333
       6.36    450.346
       6.37    457.781
       6.38    461.153
       6.39     456.59
        6.4    442.715
       6.41    420.914
       6.42    392.441
       6.43    356.113
       6.44    312.642
       6.45     265.92
       6.46    220.071
       6.47    176.816
       6.48    137.232
       6.49    103.137
        6.5     76.525
       6.51     58.373
       6.52     49.288
       6.53     48.123
       6.54     53.075
       6.55     62.432
       6.56     73.917
       6.57     84.822
       6.58     94.012
       6.59     99.491
        6.6      98.85
       6.61     92.686
       6.62     85.621
       6.63     79.839
       6.64     74.606
       6.65     70.097
       6.66     70.098
       6.67     76.598
       6.68     85.691
       6.69     91.486
        6.7     92.024
       6.71      87.16
       6.72     74.381
       6.73     49.992
       6.74     14.505
       6.75    -28.497
       6.76    -74.384
       6.77   -118.476
       6.78   -157.065
       6.79   -187.459
        6.8   -206.611
       6.81   -213.361
       6.82   -209.154
       6.83   -197.831
       6.84   -183.395
       6.85    -168.68
       6.86     -155.3
       6.87   -145.753
       6.88   -141.941
       6.89   -142.917
        6.9   -146.833
       6.91   -154.272
       6.92    -166.14
       6.93   -181.057
       6.94   -195.502
       6.95   -209.655
       6.96   -225.024
       6.97   -237.332
       6.98   -239.044
       6.99   -228.527
          7   -208.548
       7.01   -178.939
       7.02   -137.355
       7.03    -86.664
       7.04    -33.808
       7.05     14.919
       7.06     56.618
       7.07     91.098
       7.08    119.316
       7.09     141.37
        7.1    158.256
       7.11     173.66
       7.12    192.655
       7.13    218.271
       7.14    250.273
       7.15    283.848
       7.16    315.562
       7.17     345.79
       7.18    373.233
       7.19     390.85
        7.2    392.687
       7.21    379.438
       7.22     355.41
       7.23    322.337
       7.24    279.638
       7.25    227.635
       7.26    170.954
       7.27    116.204
       7.28     66.726
       7.29     20.414
        7.3    -23.894
       7.31    -62.339
       7.32    -90.784
       7.33   -109.215
       7.34   -119.682
       7.35   -123.983
       7.36   -121.253
       7.37   -108.692
       7.38    -86.885
       7.39     -61.85
        7.4     -37.61
       7.41    -13.014
       7.42     13.598
       7.43     40.247
       7.44     63.901
       7.45     82.849
       7.46     98.477
       7.47    113.169
       7.48    126.998
       7.49    137.175
        7.5    141.841
       7.51    141.891
       7.52    139.524
       7.53    135.969
       7.54    130.726
       7.55    121.237
       7.56    107.889
       7.57     95.029
       7.58     86.557
       7.59     80.776
        7.6     73.429
       7.61     63.601
       7.62     54.986
       7.63     48.946
       7.64     40.539
       7.65     21.429
       7.66    -13.223
       7.67     -60.33
       7.68   -112.453
       7.69   -169.667
        7.7   -241.145
       7.71    -330.01
       7.72   -417.529
       7.73   -474.208
       7.74   -488.026
       7.75   -571.206
       7.76   -564.288
       7.77   -570.311
       7.78   -485.751
       7.79   -474.863
        7.8   -431.199
       7.81   -366.664
       7.82   -303.434
       7.83   -256.313
       7.84   -224.227
       7.85   -197.035
       7.86   -168.623
       7.87   -142.941
       7.88   -126.672
       7.89   -119.025
        7.9    -111.85
       7.91   -100.698
       7.92    -89.571
       7.93    -83.372
       7.94    -80.915
       7.95    -77.813
       7.96    -70.856
       7.97    -61.869
       7.98    -55.396
       7.99    -52.797
          8    -51.024
       8.01     -48.26
       8.02    -46.659
       8.03    -49.929
       8.04    -57.434
       8.05    -64.733
       8.06    -67.882
       8.07     -67.44
       8.08    -65.151
       8.09    -59.657
        8.1    -48.057
       8.11     -31.56
       8.12    -13.775
       8.13      2.954
       8.14     18.147
       8.15     30.555
       8.16     38.117
       8.17     40.266
       8.18     39.247
       8.19     36.036
        8.2     29.573
       8.21     20.761
       8.22     13.927
       8.23     11.386
       8.24     12.657
       8.25     15.786
       8.26     21.154
       8.27      31.84
       8.28     49.793
       8.29     71.627
        8.3     92.747
       8.31    113.307
       8.32    137.088
       8.33    165.521
       8.34    195.604
       8.35    223.646
       8.36    250.756
       8.37    281.974
       8.38    323.424
       8.39    376.535
        8.4     432.73
       8.41    477.661
       8.42    505.524
       8.43     618.39
       8.44    640.992
       8.45    664.517
       8.46    681.965
       8.47    686.831
       8.48    681.523
       8.49    674.745
        8.5    575.835
       8.51     565.42
       8.52    535.843
       8.53    489.609
       8.54    442.378
       8.55    407.946
       8.56    384.768
       8.57    359.389
       8.58    323.138
       8.59    278.348
        8.6    231.177
       8.61    183.144
       8.62     130.89
       8.63     72.436
       8.64     13.021
       8.65    -39.382
       8.66    -80.182
       8.67   -109.685
       8.68   -130.173
       8.69   -142.924
        8.7   -146.353
       8.71   -138.644
       8.72   -123.186
       8.73   -108.475
       8.74    -98.679
       8.75    -90.855
       8.76    -81.917
       8.77    -74.669
       8.78    -74.063
       8.79    -80.954
        8.8    -89.794
       8.81    -94.921
       8.82     -97.09
       8.83   -101.512
       8.84   -108.471
       8.85   -110.444
       8.86   -102.419
       8.87    -89.928
       8.88    -79.057
       8.89    -68.965
        8.9    -56.118
       8.91    -41.998
       8.92    -33.005
       8.93    -34.256
       8.94    -44.995
       8.95    -61.827
       8.96    -82.597
       8.97    -108.23
       8.98    -138.63
       8.99   -169.112
          9   -193.987
       9.01   -211.987
       9.02   -223.495
       9.03   -228.729
       9.04   -228.398
       9.05   -222.429
       9.06   -209.168
       9.07   -189.589
       9.08   -167.305
       9.09   -144.656
        9.1    -120.37
       9.11    -93.016
       9.12    -65.206
       9.13    -43.177
       9.14    -29.478
       9.15    -21.529
       9.16    -17.073
       9.17    -18.377
       9.18    -27.345
       9.19    -41.121
        9.2    -54.091
       9.21    -62.346
       9.22     -66.06
       9.23    -68.039
       9.24    -68.153
       9.25    -63.832
       9.26    -55.964
       9.27    -50.009
       9.28     -49.23
       9.29    -52.501
        9.3    -57.538
       9.31    -63.255
       9.32    -68.844
       9.33    -73.468
       9.34    -74.863
       9.35    -70.682
       9.36    -60.112
       9.37      -44.7
       9.38    -26.868
       9.39     -8.669
        9.4      9.649
       9.41       27.9
       9.42     44.943
       9.43     58.628
       9.44     68.366
       9.45     75.635
       9.46      82.81
       9.47     89.671
       9.48     94.562
       9.49     96.946
        9.5     98.687
       9.51    101.605
       9.52    104.856
       9.53    105.962
       9.54    104.576
       9.55    102.815
       9.56    103.098
       9.57    105.132
       9.58     107.03
       9.59    108.717
        9.6    112.862
       9.61    120.212
       9.62    128.901
       9.63    136.422
       9.64    142.323
       9.65    147.479
       9.66    152.855
       9.67     157.61
       9.68     160.43
       9.69     160.21
        9.7     156.81
       9.71    151.054
       9.72    143.295
       9.73    130.279
       9.74    109.031
       9.75     82.436
       9.76     56.553
       9.77     31.451
       9.78       3.47
       9.79    -25.552
        9.8    -49.282
       9.81    -66.614
       9.82    -81.189
       9.83    -95.829
       9.84   -110.064
       9.85   -122.822
       9.86   -134.474
       9.87   -147.793
       9.88   -164.472
       9.89    -183.45
        9.9   -202.209
       9.91   -219.067
       9.92   -233.389
       9.93   -245.438
       9.94   -253.935
       9.95     -255.7
       9.96   -248.403
       9.97   -234.152
       9.98   -216.821
       9.99   -197.193
         10   -173.581
      10.01   -147.804
      10.02   -124.611
      10.03   -106.477
      10.04    -91.968
      10.05    -80.063
      10.06    -71.555
      10.07    -67.717
      10.08     -68.27
      10.09    -72.266
       10.1    -78.263
      10.11     -85.01
      10.12    -91.987
      10.13     -99.51
      10.14   -106.164
      10.15   -109.752
      10.16   -109.474
      10.17   -107.168
      10.18   -104.815
      10.19    -103.12
       10.2   -102.417
      10.21   -103.883
      10.22   -109.319
      10.23   -121.159
      10.24   -138.595
      10.25   -158.647
      10.26   -179.752
      10.27   -201.856
      10.28   -222.969
      10.29   -238.874
       10.3   -246.543
      10.31   -245.664
      10.32   -235.863
      10.33   -217.162
      10.34   -190.815
      10.35   -158.563
      10.36   -122.654
      10.37    -86.205
      10.38    -51.227
      10.39    -19.847
       10.4      6.394
      10.41     27.858
      10.42     45.247
      10.43     57.267
      10.44      63.39
      10.45     65.769
      10.46     66.712
      10.47     65.852
      10.48     62.423
      10.49     57.093
       10.5     52.259
      10.51     49.417
      10.52     47.606
      10.53     44.828
      10.54     41.498
      10.55     39.206
      10.56     37.754
      10.57     34.171
      10.58     27.563
      10.59     19.837
       10.6      12.72
      10.61      6.014
      10.62     -0.499
      10.63     -5.885
      10.64     -8.268
      10.65     -6.832
      10.66     -1.979
      10.67      5.037
      10.68     13.813
      10.69     24.405
       10.7     36.165
      10.71     47.321
      10.72       56.6
      10.73     63.687
      10.74      68.92
      10.75     71.838
      10.76     72.192
      10.77     70.088
      10.78     66.136
      10.79       60.6
       10.8     53.226
      10.81     43.465
      10.82     31.761
      10.83     18.432
      10.84      3.423
      10.85    -13.121
      10.86    -30.398
      10.87    -47.418
      10.88    -62.937
      10.89    -77.394
       10.9    -91.316
      10.91    -103.66
      10.92   -113.254
      10.93   -121.474
      10.94   -129.915
      10.95   -138.052
      10.96   -143.857
      10.97   -148.242
      10.98   -152.654
      10.99   -156.847
         11   -159.013
      11.01   -158.507
      11.02   -155.935
      11.03   -151.937
      11.04   -144.748
      11.05   -133.087
      11.06   -117.684
      11.07    -99.509
      11.08    -78.342
      11.09    -54.388
       11.1    -28.605
      11.11     -2.579
      11.12     22.881
      11.13     47.431
      11.14     71.353
      11.15     94.044
      11.16    115.095
      11.17    135.438
      11.18    156.451
      11.19    177.739
       11.2    199.209
      11.21    221.366
      11.22    244.827
      11.23    269.449
      11.24    294.831
      11.25    319.743
      11.26    343.376
      11.27    364.971
      11.28    383.454
      11.29    397.033
       11.3    403.991
      11.31    403.121
      11.32    395.174
      11.33    381.313
      11.34    361.696
      11.35    336.244
      11.36     307.24
      11.37    278.326
      11.38    251.703
      11.39    226.528
       11.4    203.105
      11.41    184.038
      11.42    171.399
      11.43    163.709
      11.44    158.854
      11.45    156.468
      11.46    157.459
      11.47    161.179
      11.48    165.715
      11.49    168.838
       11.5    170.323
      11.51     171.08
      11.52     171.44
      11.53    170.034
      11.54    166.095
      11.55    160.405
      11.56    154.753
      11.57    149.783
      11.58    144.725
      11.59    138.751
       11.6    133.138
      11.61    129.003
      11.62    125.875
      11.63    122.272
      11.64    118.039
      11.65    113.735
      11.66    109.894
      11.67    106.266
      11.68    102.858
      11.69      99.66
       11.7     96.655
      11.71     93.635
      11.72       90.8
      11.73     87.466
      11.74     82.274
      11.75      74.02
      11.76     63.417
      11.77     51.521
      11.78     38.311
      11.79     22.341
       11.8      3.903
      11.81    -14.597
      11.82     -31.58
      11.83    -48.992
      11.84    -68.609
      11.85    -89.483
      11.86   -109.915
      11.87   -130.716
      11.88   -153.997
      11.89   -180.456
       11.9   -208.282
      11.91   -235.728
      11.92   -262.671
      11.93   -289.556
      11.94   -315.042
      11.95     -337.1
      11.96   -353.636
      11.97   -364.284
      11.98   -369.886
      11.99   -370.119
         12   -363.093
      12.01   -349.306
      12.02   -330.613
      12.03     -308.3
      12.04   -282.988
      12.05   -256.353
      12.06   -229.786
      12.07   -204.699
      12.08   -182.585
      12.09   -164.655
       12.1   -150.458
      12.11   -139.681
      12.12   -132.082
      12.13   -127.257
      12.14   -123.849
      12.15   -121.155
      12.16   -118.003
      12.17   -113.609
      12.18   -108.019
      12.19     -101.6
       12.2    -94.495
      12.21    -87.324
      12.22    -80.612
      12.23    -75.333
      12.24    -72.269
      12.25    -71.791
      12.26    -73.418
      12.27    -76.127
      12.28    -79.061
      12.29    -82.155
       12.3    -84.722
      12.31    -85.067
      12.32    -81.708
      12.33    -75.337
      12.34    -66.471
      12.35    -54.826
      12.36    -39.708
      12.37    -21.355
      12.38     -0.681
      12.39     20.995
       12.4     43.624
      12.41     68.062
      12.42     94.433
      12.43    121.913
      12.44    150.799
      12.45    182.085
      12.46    216.951
      12.47    255.264
      12.48    295.734
      12.49    336.412
       12.5    375.636
      12.51    410.999
      12.52    439.549
      12.53    457.956
      12.54    464.137
      12.55    457.052
      12.56    437.021
      12.57    405.343
      12.58    363.907
      12.59    314.178
       12.6    258.719
      12.61    201.132
      12.62    144.611
      12.63     90.475
      12.64      39.92
      12.65     -5.619
      12.66    -43.885
      12.67    -73.506
      12.68    -95.066
      12.69   -110.316
       12.7   -118.975
      12.71   -119.973
      12.72   -114.113
      12.73   -105.031
      12.74     -94.82
      12.75    -82.909
      12.76    -69.088
      12.77    -56.366
      12.78    -47.104
      12.79    -40.824
       12.8     -36.57
      12.81    -35.151
      12.82    -36.846
      12.83    -41.759
      12.84    -49.507
      12.85    -59.096
      12.86    -69.531
      12.87    -81.013
      12.88    -93.415
      12.89   -105.778
       12.9   -116.817
      12.91   -125.916
      12.92   -133.107
      12.93   -138.743
      12.94   -142.201
      12.95   -143.509
      12.96   -143.143
      12.97   -142.134
      12.98    -141.19
      12.99   -140.887
         13   -141.572
      13.01   -143.634
      13.02   -147.226
      13.03   -152.787
      13.04   -160.064
      13.05   -168.711
      13.06   -178.371
      13.07   -189.414
      13.08   -202.393
      13.09   -217.821
       13.1   -235.739
      13.11   -256.668
      13.12   -281.208
      13.13   -309.614
      13.14   -340.089
      13.15   -371.263
      13.16   -401.484
      13.17   -428.317
      13.18   -449.334
      13.19   -463.022
       13.2   -468.043
      13.21   -464.282
      13.22   -452.307
      13.23   -433.368
      13.24   -408.546
      13.25   -379.287
      13.26   -346.815
      13.27    -312.39
      13.28   -276.294
      13.29   -238.528
       13.3   -199.739
      13.31   -161.529
      13.32    -124.28
      13.33    -88.207
      13.34    -54.392
      13.35    -25.245
      13.36      -1.68
      13.37     17.549
      13.38     33.265
      13.39     44.863
       13.4     52.821
      13.41     59.477
      13.42     67.269
      13.43     76.075
      13.44     85.075
      13.45     94.655
      13.46    105.281
      13.47    115.696
      13.48    124.597
      13.49    131.178
       13.5    135.354
      13.51    137.193
      13.52    137.189
      13.53    135.827
      13.54     134.03
      13.55    132.213
      13.56    130.707
      13.57    129.897
      13.58    130.545
      13.59    131.487
       13.6     131.27
      13.61    129.873
      13.62     128.53
      13.63    126.734
      13.64    123.252
      13.65    118.112
      13.66    113.127
      13.67    109.075
      13.68    105.255
      13.69    100.929
       13.7     96.971
      13.71     94.099
      13.72     92.438
      13.73     91.678
      13.74     91.913
      13.75      93.19
      13.76     95.971
      13.77    100.548
      13.78    106.662
      13.79    112.901
       13.8    118.439
      13.81    123.168
      13.82    127.094
      13.83     128.95
      13.84    127.087
      13.85    120.553
      13.86    110.627
      13.87     98.219
      13.88     82.536
      13.89     62.389
       13.9     39.346
      13.91      16.21
      13.92     -6.059
      13.93    -28.431
      13.94    -50.694
      13.95    -70.711
      13.96    -86.187
      13.97    -97.715
      13.98   -106.919
      13.99   -113.734
         14    -116.48
      14.01   -115.469
      14.02   -112.631
      14.03   -109.956
      14.04   -107.421
      14.05   -104.719
      14.06   -102.544
      14.07   -102.477
      14.08   -104.722
      14.09   -108.374
       14.1   -112.084
      14.11   -115.385
      14.12   -118.101
      14.13    -120.08
      14.14   -120.023
      14.15   -116.973
      14.16   -111.159
      14.17   -104.041
      14.18    -95.656
      14.19    -85.181
       14.2    -73.068
      14.21     -60.81
      14.22    -48.771
      14.23    -36.922
      14.24    -25.092
      14.25    -14.108
      14.26     -4.462
      14.27      3.928
      14.28     11.783
      14.29     19.045
       14.3     25.761
      14.31     32.216
      14.32     39.091
      14.33     46.518
      14.34     54.334
      14.35     62.154
      14.36     70.412
      14.37     79.156
      14.38     87.855
      14.39     95.761
       14.4    103.623
      14.41    111.759
      14.42    119.576
      14.43     126.34
      14.44    132.421
      14.45    138.151
      14.46    143.319
      14.47    146.917
      14.48    148.857
      14.49     149.78
       14.5    150.538
      14.51    150.574
      14.52    149.831
      14.53    148.949
      14.54    149.044
      14.55    149.939
      14.56    151.053
      14.57    152.047
      14.58    153.292
      14.59    155.052
       14.6     157.23
      14.61    159.249
      14.62    161.324
      14.63    163.899
      14.64     167.72
      14.65     172.26
      14.66     176.66
      14.67    180.416
      14.68     183.73
      14.69     186.41
       14.7    187.825
      14.71    187.063
      14.72    184.239
      14.73    180.256
      14.74    176.056
      14.75    171.282
      14.76    165.381
      14.77    158.601
      14.78    152.233
      14.79    146.647
       14.8    140.424
      14.81    132.263
      14.82    123.525
      14.83    115.789
      14.84    108.944
      14.85    101.915
      14.86     95.747
      14.87     92.718
      14.88     93.947
      14.89     98.585
       14.9    105.789
      14.91    115.072
      14.92    126.317
      14.93    137.774
      14.94    146.974
      14.95    151.449
      14.96    150.467
      14.97     143.88
      14.98    131.936
      14.99    114.728
         15     93.244
      15.01      69.14
      15.02     44.553
      15.03       20.7
      15.04      -1.97
      15.05    -24.141
      15.06    -45.799
      15.07    -66.134
      15.08    -84.841
      15.09   -102.945
       15.1   -120.724
      15.11   -136.875
      15.12    -149.97
      15.13   -160.121
      15.14   -168.037
      15.15   -174.197
      15.16   -178.204
      15.17   -180.297
      15.18   -181.228
      15.19   -181.854
       15.2   -182.372
      15.21   -182.373
      15.22    -181.15
      15.23   -179.086
      15.24   -176.382
      15.25   -173.011
      15.26   -168.955
      15.27   -164.464
      15.28   -159.623
      15.29   -154.943
       15.3   -150.998
      15.31   -147.761
      15.32    -144.43
      15.33   -140.974
      15.34   -137.455
      15.35   -134.069
      15.36   -130.392
      15.37   -126.063
      15.38   -120.905
      15.39   -115.906
       15.4   -111.766
      15.41   -108.452
      15.42   -105.715
      15.43   -103.923
      15.44   -103.435
      15.45   -104.536
      15.46   -106.545
      15.47   -108.398
      15.48   -109.363
      15.49   -110.043
       15.5   -110.367
      15.51   -109.392
      15.52   -106.465
      15.53   -102.749
      15.54    -98.964
      15.55    -95.294
      15.56    -91.437
      15.57    -87.705
      15.58    -84.158
      15.59    -80.559
       15.6    -76.118
      15.61    -70.318
      15.62    -62.229
      15.63    -51.091
      15.64    -36.885
      15.65    -20.326
      15.66     -1.655
      15.67     18.857
      15.68     40.058
      15.69     60.306
       15.7      78.56
      15.71     94.322
      15.72    107.432
      15.73    117.384
      15.74    123.937
      15.75    126.453
      15.76    125.149
      15.77    120.591
      15.78    113.242
      15.79    102.669
       15.8     89.193
      15.81     74.158
      15.82     59.376
      15.83     45.533
      15.84     32.893
      15.85     22.048
      15.86     14.401
      15.87     10.475
      15.88      9.932
      15.89     11.705
       15.9     15.582
      15.91     21.692
      15.92      29.54
      15.93     37.638
      15.94     45.198
      15.95     51.917
      15.96     57.898
      15.97     62.536
      15.98     65.528
      15.99     66.897
         16     66.939
      16.01     65.606
      16.02      62.98
      16.03     59.065
      16.04     54.004
      16.05     47.235
      16.06     39.053
      16.07      30.02
      16.08     20.822
      16.09     11.345
       16.1      2.028
      16.11     -5.987
      16.12    -11.703
      16.13    -14.933
      16.14    -15.811
      16.15    -14.637
      16.16     -10.84
      16.17     -4.761
      16.18      2.671
      16.19     10.553
       16.2     18.547
      16.21     26.145
      16.22     33.298
      16.23       39.4
      16.24     43.737
      16.25     46.137
      16.26     47.109
      16.27     46.626
      16.28     44.252
      16.29     39.865
       16.3     34.087
      16.31      27.51
      16.32     20.288
      16.33     12.345
      16.34      4.581
      16.35     -2.533
      16.36      -8.94
      16.37     -14.57
      16.38    -18.713
      16.39    -21.518
       16.4    -23.433
      16.41    -24.514
      16.42    -24.379
      16.43    -23.325
      16.44    -21.953
      16.45    -20.758
      16.46    -19.427
      16.47    -17.944
      16.48    -16.693
      16.49     -16.28
       16.5    -16.616
      16.51    -17.285
      16.52    -17.946
      16.53    -19.427
      16.54    -21.611
      16.55    -23.498
      16.56    -24.799
      16.57     -26.28
      16.58    -27.403
      16.59    -27.284
       16.6    -25.838
      16.61    -23.709
      16.62    -20.629
      16.63    -16.061
      16.64    -10.049
      16.65     -3.773
      16.66      2.313
      16.67       8.62
      16.68     15.106
      16.69     20.711
       16.7     25.057
      16.71     28.377
      16.72     31.247
      16.73     33.375
      16.74      34.53
      16.75     34.461
      16.76     33.733
      16.77     32.495
      16.78     30.581
      16.79      27.48
       16.8     23.326
      16.81     18.505
      16.82     13.339
      16.83      7.515
      16.84      0.886
      16.85     -6.229
      16.86    -13.004
      16.87    -19.553
      16.88     -26.01
      16.89    -32.038
       16.9    -36.637
      16.91    -39.718
      16.92    -41.262
      16.93    -40.929
      16.94    -38.165
      16.95    -33.212
      16.96    -26.389
      16.97    -18.171
      16.98     -9.022
      16.99      0.379
         17      9.181
      17.01     16.377
      17.02     21.608
      17.03     24.572
      17.04     25.317
      17.05     23.504
      17.06     19.395
      17.07     13.492
      17.08      6.478
      17.09     -1.647
       17.1    -10.517
      17.11    -19.513
      17.12    -27.931
      17.13    -35.633
      17.14    -41.938
      17.15    -46.331
      17.16    -48.698
      17.17    -49.257
      17.18    -47.678
      17.19    -44.118
       17.2    -39.511
      17.21     -34.67
      17.22    -29.452
      17.23     -24.22
      17.24      -19.5
      17.25    -15.557
      17.26    -12.251
      17.27     -9.444
      17.28     -6.987
      17.29      -4.94
       17.3     -3.321
      17.31     -2.216
      17.32     -1.405
      17.33     -0.873
      17.34     -0.354
      17.35      0.236
      17.36       0.84
      17.37      1.671
      17.38      3.527
      17.39       6.25
       17.4      9.436
      17.41     12.907
      17.42     17.075
      17.43     21.856
      17.44     26.917
      17.45     31.741
      17.46     36.572
      17.47     41.646
      17.48      46.93
      17.49      52.12
       17.5     57.129
      17.51     61.806
      17.52     65.988
      17.53     69.412
      17.54     72.165
      17.55      73.49
      17.56     73.232
      17.57      71.94
      17.58     70.175
      17.59     67.582
       17.6     64.257
      17.61     60.796
      17.62     58.019
      17.63     55.846
      17.64     53.988
      17.65     52.631
      17.66     52.341
      17.67      52.82
      17.68     53.705
      17.69     54.925
       17.7     56.674
      17.71     58.649
      17.72      60.55
      17.73     62.117
      17.74     63.712
      17.75     65.079
      17.76     65.777
      17.77     65.365
      17.78     63.931
      17.79     61.723
       17.8     58.536
      17.81     53.411
      17.82     46.515
      17.83     39.124
      17.84     31.543
      17.85     22.887
      17.86     13.303
      17.87       4.04
      17.88     -4.087
      17.89    -11.496
       17.9    -18.476
      17.91    -24.614
      17.92    -28.939
      17.93    -31.492
      17.94    -32.736
      17.95    -33.272
      17.96    -32.846
      17.97    -31.302
      17.98    -29.011
      17.99    -26.717
         18    -24.562
      18.01      -22.5
      18.02     -20.25
      18.03    -17.999
      18.04     -15.99
      18.05    -14.319
      18.06    -12.699
      18.07    -11.119
      18.08     -9.509
      18.09      -8.03
       18.1      -6.73
      18.11     -5.951
      18.12     -5.507
      18.13     -5.666
      18.14     -6.832
      18.15     -9.761
      18.16    -14.695
      18.17    -21.249
      18.18    -29.185
      18.19     -38.79
       18.2    -49.729
      18.21    -61.075
      18.22     -71.75
      18.23    -81.399
      18.24    -89.714
      18.25    -96.294
      18.26   -100.588
      18.27   -102.498
      18.28   -102.216
      18.29   -100.186
       18.3    -96.696
      18.31    -92.142
      18.32     -87.02
      18.33    -81.747
      18.34    -76.678
      18.35    -72.547
      18.36    -69.301
      18.37    -66.702
      18.38    -64.568
      18.39    -62.983
       18.4    -61.536
      18.41    -59.814
      18.42    -57.367
      18.43    -54.191
      18.44    -50.247
      18.45    -45.772
      18.46    -40.761
      18.47    -35.457
      18.48    -30.012
      18.49    -24.805
       18.5    -20.032
      18.51    -16.027
      18.52    -12.809
      18.53    -10.387
      18.54     -8.657
      18.55     -8.157
      18.56       -8.8
      18.57     -9.976
      18.58    -11.292
      18.59     -13.05
       18.6    -15.219
      18.61    -17.296
      18.62     -18.53
      18.63    -19.262
      18.64    -19.616
      18.65    -19.393
      18.66    -18.369
      18.67      -16.8
      18.68     -14.58
      18.69    -11.972
       18.7       -9.1
      18.71     -5.924
      18.72     -2.421
      18.73       1.34
      18.74      5.402
      18.75      9.165
      18.76     12.503
      18.77      15.54
      18.78     18.215
      18.79     19.757
       18.8     19.612
      18.81     18.019
      18.82     15.556
      18.83      11.68
      18.84      5.935
      18.85     -1.303
      18.86     -9.146
      18.87    -17.582
      18.88    -26.643
      18.89    -36.172
       18.9    -45.552
      18.91    -54.128
      18.92     -61.63
      18.93    -68.336
      18.94    -73.656
      18.95    -77.065
      18.96    -78.491
      18.97    -78.223
      18.98    -76.129
      18.99     -72.52
         19    -67.719
      19.01    -62.113
      19.02     -55.81
      19.03    -49.346
      19.04    -43.037
      19.05    -37.066
      19.06    -31.007
      19.07    -24.861
      19.08    -19.436
      19.09    -14.872
       19.1    -10.646
      19.11     -6.954
      19.12     -4.468
      19.13     -3.677
      19.14     -3.841
      19.15      -4.47
      19.16     -5.557
      19.17     -7.306
      19.18     -9.078
      19.19    -10.185
       19.2    -10.334
      19.21    -10.079
      19.22     -9.429
      19.23     -8.222
      19.24     -6.346
      19.25     -4.266
      19.26     -2.173
      19.27     -0.203
      19.28      1.506
      19.29      2.998
       19.3       4.51
      19.31      5.617
      19.32      6.132
      19.33      6.472
      19.34      7.318
      19.35      8.549
      19.36      9.798
      19.37     11.242
      19.38     13.888
      19.39     17.367
       19.4     21.086
      19.41     24.977
      19.42     29.546
      19.43     34.584
      19.44     39.676
      19.45     44.842
      19.46     50.461
      19.47     56.436
      19.48     62.566
      19.49     68.886
       19.5     75.503
      19.51     81.936
      19.52     87.805
      19.53     92.839
      19.54     96.887
      19.55     99.632
      19.56    100.878
      19.57    100.454
      19.58     99.032
      19.59      97.01
       19.6     94.543
      19.61     91.956
      19.62     89.774
      19.63     88.123
      19.64     86.733
      19.65     85.273
      19.66     83.771
      19.67     81.554
      19.68     78.366
      19.69     74.162
       19.7     69.012
      19.71     62.964
      19.72     56.215
      19.73     48.772
      19.74      41.31
      19.75     34.086
      19.76     27.161
      19.77     20.413
      19.78      14.22
      19.79      8.979
       19.8      4.544
      19.81      0.664
      19.82     -2.349
      19.83     -4.947
      19.84     -7.134
      19.85     -8.944
      19.86    -10.665
      19.87    -13.011
      19.88    -15.865
      19.89    -18.932
       19.9    -22.159
      19.91    -25.832
      19.92    -30.009
      19.93    -34.531
      19.94    -38.554
      19.95    -42.249
      19.96    -46.184
      19.97    -50.346
      19.98    -54.201
      19.99    -57.645
         20    -60.869
      20.01    -64.431
      20.02    -68.252
      20.03    -71.977
      20.04    -75.202
      20.05    -78.495
      20.06    -82.231
      20.07    -86.233
      20.08    -90.001
      20.09    -93.501
       20.1    -97.326
      20.11    -101.72
      20.12   -105.992
      20.13   -109.549
      20.14   -112.275
      20.15   -114.437
      20.16   -115.572
      20.17    -114.93
      20.18   -112.435
      20.19    -108.67
       20.2   -103.885
      20.21    -98.146
      20.22    -91.807
      20.23    -85.473
      20.24    -79.261
      20.25    -73.317
      20.26    -67.629
      20.27    -62.147
      20.28    -56.624
      20.29    -50.904
       20.3    -44.718
      20.31     -38.23
      20.32    -31.498
      20.33    -24.513
      20.34    -17.172
      20.35     -9.817
      20.36      -2.65
      20.37      4.355
      20.38     11.385
      20.39     18.381
       20.4     25.396
      20.41     32.435
      20.42      39.48
      20.43     46.294
      20.44     53.098
      20.45     59.859
      20.46     66.239
      20.47     71.849
      20.48     76.942
      20.49     82.009
       20.5     87.135
      20.51      91.59
      20.52      95.59
      20.53     99.987
      20.54     104.84
      20.55    109.337
      20.56    113.103
      20.57    116.647
      20.58    119.966
      20.59    122.483
       20.6     123.99
      20.61    124.471
      20.62    124.356
      20.63    123.642
      20.64    122.457
      20.65    120.865
      20.66    119.096
      20.67    117.304
      20.68    115.713
      20.69     114.25
       20.7    113.032
      20.71    111.999
      20.72    111.227
      20.73    110.659
      20.74    110.499
      20.75     110.53
      20.76    110.568
      20.77    110.489
      20.78    110.477
      20.79    110.386
       20.8     110.05
      20.81    109.285
      20.82    108.202
      20.83     106.87
      20.84    105.359
      20.85    103.497
      20.86    101.143
      20.87     98.399
      20.88     95.311
      20.89     91.717
       20.9     87.418
      20.91     82.283
      20.92       76.3
      20.93     69.477
      20.94     61.863
      20.95     53.432
      20.96     44.488
      20.97     35.096
      20.98     25.658
      20.99     16.562
         21      7.966
      21.01     -0.177
      21.02     -7.662
      21.03    -14.333
      21.04    -20.202
      21.05    -25.575
      21.06    -30.346
      21.07    -34.495
      21.08    -37.982
      21.09    -40.862
       21.1    -42.954
      21.11    -43.989
      21.12    -44.296
      21.13    -44.019
      21.14     -42.64
      21.15    -40.248
      21.16    -37.379
      21.17    -34.306
      21.18     -30.84
      21.19    -26.986
       21.2    -23.176
      21.21    -20.024
      21.22    -17.557
      21.23     -15.64
      21.24    -14.382
      21.25    -14.089
      21.26    -14.561
      21.27    -15.631
      21.28    -17.022
      21.29    -18.411
       21.3    -19.392
      21.31    -20.083
      21.32    -20.579
      21.33    -20.366
      21.34    -19.208
      21.35    -17.738
      21.36    -16.363
      21.37    -14.916
      21.38     -13.22
      21.39     -11.51
       21.4    -10.118
      21.41     -8.821
      21.42     -7.305
      21.43     -5.488
      21.44      -3.33
      21.45     -0.809
      21.46      2.142
      21.47       5.37
      21.48      8.824
      21.49      12.53
       21.5     16.365
      21.51     19.831
      21.52     22.894
      21.53     25.588
      21.54     27.977
      21.55     29.692
      21.56     30.459
      21.57     30.565
      21.58     30.168
      21.59     29.338
       21.6     27.984
      21.61     26.095
      21.62     24.161
      21.63     22.457
      21.64     21.055
      21.65     19.707
      21.66     18.801
      21.67     18.544
      21.68     18.677
      21.69     18.965
       21.7     19.468
      21.71     20.069
      21.72     20.429
      21.73     20.421
      21.74     20.208
      21.75     19.655
      21.76     18.738
      21.77      17.33
      21.78     15.681
      21.79     13.945
       21.8     12.002
      21.81      9.717
      21.82      7.147
      21.83      4.427
      21.84      1.691
      21.85     -1.327
      21.86     -4.664
      21.87     -7.963
      21.88    -11.162
      21.89    -14.257
       21.9    -17.099
      21.91    -19.712
      21.92    -21.897
      21.93    -23.631
      21.94    -24.885
      21.95    -25.729
      21.96    -26.381
      21.97     -26.86
      21.98    -27.186
      21.99    -27.533
         22    -28.196
      22.01    -29.187
      22.02    -30.466
      22.03    -32.067
      22.04    -33.948
      22.05    -36.162
      22.06    -38.616
      22.07    -41.131
      22.08    -43.649
      22.09    -46.314
       22.1    -49.023
      22.11    -51.685
      22.12    -54.224
      22.13    -56.785
      22.14    -59.355
      22.15    -61.771
      22.16    -63.962
      22.17    -66.056
      22.18    -68.022
      22.19    -69.804
       22.2     -71.24
      22.21    -72.381
      22.22    -73.181
      22.23    -73.571
      22.24    -73.444
      22.25    -72.654
      22.26    -71.092
      22.27    -68.762
      22.28     -65.79
      22.29    -62.133
       22.3    -57.721
      22.31    -52.811
      22.32    -47.746
      22.33    -42.711
      22.34    -37.734
      22.35    -32.884
      22.36    -28.301
      22.37    -24.167
      22.38    -20.318
      22.39    -16.593
       22.4    -12.853
      22.41      -9.08
      22.42     -5.236
      22.43     -1.333
      22.44      2.779
      22.45      7.091
      22.46     11.502
      22.47     15.733
      22.48     19.619
      22.49     23.308
       22.5     26.664
      22.51     29.523
      22.52     31.694
      22.53     33.326
      22.54      34.58
      22.55     35.475
      22.56     36.104
      22.57     36.505
      22.58     36.705
      22.59     36.859
       22.6     37.214
      22.61     37.683
      22.62     38.053
      22.63     38.279
      22.64      38.67
      22.65     39.235
      22.66     39.693
      22.67     39.789
      22.68     39.692
      22.69     39.666
       22.7     39.478
      22.71     38.981
      22.72     38.164
      22.73     37.178
      22.74     36.152
      22.75     35.017
      22.76     33.748
      22.77     32.418
      22.78     31.111
      22.79     29.986
       22.8     29.111
      22.81      28.42
      22.82     27.818
      22.83     27.317
      22.84     26.943
      22.85     26.573
      22.86     26.033
      22.87     25.089
      22.88      23.82
      22.89     22.344
       22.9     20.604
      22.91     18.583
      22.92     16.435
      22.93     14.248
      22.94     12.014
      22.95      9.845
      22.96      7.901
      22.97      5.888
      22.98      3.612
      22.99      1.277
         23     -1.127
      23.01     -3.913
      23.02     -7.147
      23.03    -11.058
      23.04    -15.487
      23.05    -20.142
      23.06    -25.167
      23.07    -30.693
      23.08    -36.527
      23.09    -42.172
       23.1    -47.371
      23.11     -52.13
      23.12    -56.439
      23.13    -60.117
      23.14    -62.683
      23.15    -64.029
      23.16    -64.491
      23.17    -64.241
      23.18    -63.287
      23.19    -61.462
       23.2    -58.885
      23.21    -56.027
      23.22    -53.244
      23.23    -50.452
      23.24    -47.345
      23.25    -44.335
      23.26    -41.923
      23.27    -40.109
      23.28    -38.717
      23.29    -37.734
       23.3    -37.357
      23.31    -37.747
      23.32    -38.781
      23.33    -40.216
      23.34    -41.828
      23.35    -43.646
      23.36    -45.641
      23.37    -47.569
      23.38    -49.118
      23.39      -50.1
       23.4    -50.647
      23.41    -50.679
      23.42    -50.065
      23.43    -48.907
      23.44    -47.275
      23.45    -45.304
      23.46    -43.007
      23.47    -40.442
      23.48    -37.716
      23.49    -34.931
       23.5    -31.836
      23.51    -28.382
      23.52    -24.893
      23.53    -21.545
      23.54    -18.118
      23.55    -14.503
      23.56    -11.037
      23.57     -7.992
      23.58     -5.371
      23.59     -2.775
       23.6     -0.136
      23.61      2.402
      23.62      4.637
      23.63      6.885
      23.64      9.618
      23.65     12.785
      23.66     16.014
      23.67     19.231
      23.68     22.783
      23.69     26.798
       23.7     30.912
      23.71     34.708
      23.72     38.363
      23.73     41.885
      23.74     45.194
      23.75     48.056
      23.76      50.16
      23.77     51.771
      23.78     52.776
      23.79     53.167
       23.8     52.922
      23.81     51.999
      23.82     50.595
      23.83      48.79
      23.84     46.763
      23.85     44.631
      23.86     42.551
      23.87     40.693
      23.88     39.098
      23.89      37.99
       23.9     37.421
      23.91     37.322
      23.92     37.619
      23.93      38.13
      23.94     38.853
      23.95     39.678
      23.96     40.334
      23.97     40.526
      23.98     40.206
      23.99     39.464
         24     38.264
      24.01     36.513
      24.02     34.135
      24.03     31.362
      24.04     28.446
      24.05     25.321
      24.06      21.94
      24.07     18.376
      24.08     14.811
      24.09      11.37
       24.1      7.914
      24.11      4.597
      24.12      1.583
      24.13     -1.182
      24.14     -3.738
      24.15     -5.898
      24.16     -7.731
      24.17     -9.452
      24.18    -11.315
      24.19    -13.134
       24.2    -14.887
      24.21    -16.836
      24.22    -19.086
      24.23    -21.475
      24.24    -23.743
      24.25     -25.82
      24.26    -27.788
      24.27    -29.529
      24.28    -30.992
      24.29    -32.042
       24.3    -32.792
      24.31    -33.391
      24.32    -34.011
      24.33    -34.645
      24.34      -35.3
      24.35     -36.09
      24.36    -37.125
      24.37    -38.271
      24.38    -39.509
      24.39    -40.818
       24.4     -41.96
      24.41    -42.788
      24.42    -43.367
      24.43    -43.653
      24.44    -43.395
      24.45    -42.555
      24.46     -41.27
      24.47    -39.643
      24.48    -37.744
      24.49    -35.651
       24.5    -33.459
      24.51    -31.237
      24.52     -29.26
      24.53    -27.654
      24.54    -26.468
      24.55    -25.628
      24.56     -25.19
      24.57    -25.438
      24.58    -26.507
      24.59    -28.128
       24.6    -30.054
      24.61    -32.398
      24.62    -35.237
      24.63    -38.306
      24.64    -41.093
      24.65    -43.322
      24.66     -45.01
      24.67    -46.176
      24.68     -46.52
      24.69    -45.755
       24.7    -44.038
      24.71    -41.583
      24.72    -38.627
      24.73    -35.227
      24.74    -31.425
      24.75    -27.412
      24.76    -23.523
      24.77    -19.948
      24.78    -16.711
      24.79    -13.565
       24.8    -10.527
      24.81     -7.866
      24.82     -5.563
      24.83     -3.325
      24.84     -0.985
      24.85       1.07
      24.86      2.515
      24.87      3.658
      24.88      4.422
      24.89      4.546
       24.9      4.021
      24.91      3.036
      24.92      1.755
      24.93       0.27
      24.94     -1.293
      24.95     -2.761
      24.96     -3.948
      24.97     -4.694
      24.98     -5.198
      24.99     -5.463
         25     -5.397
      25.01     -4.914
      25.02     -4.303
      25.03     -3.865
      25.04     -3.525
      25.05     -3.093
      25.06     -2.716
      25.07     -2.772
      25.08     -3.255
      25.09     -3.907
       25.1     -4.743
      25.11     -5.845
      25.12     -7.404
      25.13     -9.233
      25.14    -11.158
      25.15    -13.031
      25.16     -14.84
      25.17     -16.56
      25.18    -17.959
      25.19    -18.948
       25.2    -19.316
      25.21    -19.015
      25.22    -18.262
      25.23    -17.055
      25.24     -15.39
      25.25     -13.17
      25.26    -10.583
      25.27     -8.036
      25.28     -5.727
      25.29     -3.306
       25.3     -0.887
      25.31      1.067
      25.32      2.508
      25.33      3.601
      25.34      4.417
      25.35      4.984
      25.36      5.196
      25.37       5.11
      25.38      4.929
      25.39      4.759
       25.4      4.542
      25.41      4.443
      25.42      4.303
      25.43      4.153
      25.44      4.079
      25.45      4.188
      25.46      4.421
      25.47      4.688
      25.48      4.972
      25.49      5.532
       25.5       6.39
      25.51      7.393
      25.52       8.54
      25.53        9.8
      25.54     11.198
      25.55     12.927
      25.56     14.916
      25.57     16.887
      25.58      18.83
      25.59       21.2
       25.6     23.897
      25.61     26.621
      25.62     29.268
      25.63     32.025
      25.64      34.87
      25.65     37.589
      25.66     39.956
      25.67     41.935
      25.68     43.458
      25.69     44.594
       25.7     45.278
      25.71     45.485
      25.72     45.273
      25.73     44.793
      25.74      44.11
      25.75     43.282
      25.76     42.347
      25.77     41.363
      25.78     40.146
      25.79     38.755
       25.8     37.392
      25.81     35.901
      25.82     34.144
      25.83     32.095
      25.84     30.017
      25.85     28.081
      25.86     26.101
      25.87     24.056
      25.88     22.128
      25.89     20.563
       25.9     19.327
      25.91     18.342
      25.92      17.58
      25.93     17.147
      25.94     17.218
      25.95     17.615
      25.96     18.217
      25.97      19.08
      25.98     20.081
      25.99     21.148
         26     22.172
      26.01     23.127
      26.02     23.794
      26.03     24.081
      26.04     24.137
      26.05     23.929
      26.06     23.443
      26.07     22.632
      26.08     21.486
      26.09     20.178
       26.1     18.779
      26.11     17.129
      26.12     15.109
      26.13     12.909
      26.14     10.504
      26.15      7.949
      26.16      5.314
      26.17      2.622
      26.18     -0.094
      26.19     -2.534
       26.2     -4.638
      26.21     -6.439
      26.22     -7.996
      26.23     -9.361
      26.24    -10.434
      26.25    -11.214
      26.26    -12.041
      26.27    -13.023
      26.28    -14.098
      26.29     -15.25
       26.3    -16.627
      26.31     -18.24
      26.32     -20.13
      26.33    -22.189
      26.34    -24.267
      26.35     -26.33
      26.36    -28.446
      26.37    -30.445
      26.38    -32.138
      26.39    -33.504
       26.4     -34.59
      26.41    -35.202
      26.42    -35.302
      26.43    -34.978
      26.44    -34.359
      26.45    -33.347
      26.46    -31.957
      26.47    -30.464
      26.48    -29.144
      26.49    -27.726
       26.5    -26.232
      26.51    -24.882
      26.52    -23.692
      26.53    -22.462
      26.54    -21.126
      26.55    -19.629
      26.56    -18.024
      26.57    -16.317
      26.58    -14.505
      26.59    -12.602
       26.6    -10.806
      26.61     -9.269
      26.62      -7.93
      26.63     -6.991
      26.64     -6.452
      26.65     -6.049
      26.66     -5.905
      26.67     -5.884
      26.68     -5.689
      26.69     -5.256
       26.7      -4.62
      26.71     -3.607
      26.72     -2.145
      26.73     -0.283
      26.74      1.695
      26.75      3.866
      26.76      6.266
      26.77      8.743
      26.78     10.988
      26.79     12.995
       26.8     14.914
      26.81     16.757
      26.82     18.378
      26.83      19.72
      26.84     20.977
      26.85      22.42
      26.86     23.895
      26.87     25.392
      26.88      27.07
      26.89     28.919
       26.9     30.879
      26.91     32.991
      26.92     35.131
      26.93     37.128
      26.94     38.857
      26.95     40.374
      26.96     41.626
      26.97      42.42
      26.98     42.654
      26.99     42.503
         27     42.013
      27.01      41.25
      27.02     40.277
      27.03     39.126
      27.04     37.831
      27.05     36.641
      27.06     35.544
      27.07     34.422
      27.08     33.171
      27.09     31.774
       27.1     30.228
      27.11     28.616
      27.12     26.631
      27.13     24.171
      27.14     21.383
      27.15     18.477
      27.16     15.359
      27.17     11.977
      27.18      8.462
      27.19      5.069
       27.2      1.876
      27.21     -0.922
      27.22     -3.311
      27.23       -5.4
      27.24     -6.997
      27.25     -7.883
      27.26     -8.367
      27.27     -8.644
      27.28     -8.812
      27.29     -8.828
       27.3     -8.794
      27.31     -8.989
      27.32     -9.575
      27.33    -10.489
      27.34    -11.725
      27.35    -13.299
      27.36    -15.206
      27.37    -17.373
      27.38    -19.721
      27.39    -22.108
       27.4     -24.44
      27.41    -26.637
      27.42     -28.72
      27.43    -30.663
      27.44    -32.403
      27.45    -33.809
      27.46    -34.962
      27.47    -35.885
      27.48    -36.489
      27.49    -36.679
       27.5    -36.509
      27.51    -36.022
      27.52    -35.261
      27.53    -34.177
      27.54    -33.015
      27.55    -31.883
      27.56    -30.752
      27.57    -29.674
      27.58    -28.884
      27.59    -28.376
       27.6    -28.149
      27.61    -27.957
      27.62    -27.838
      27.63    -27.896
      27.64    -28.013
      27.65    -27.946
      27.66    -27.685
      27.67    -27.178
      27.68    -26.736
      27.69    -26.257
       27.7    -25.576
      27.71    -24.706
      27.72    -23.931
      27.73    -23.313
      27.74    -22.767
      27.75    -22.053
      27.76     -21.33
      27.77    -20.743
      27.78    -20.297
      27.79    -19.809
       27.8    -19.253
      27.81    -18.666
      27.82     -18.18
      27.83      -17.7
      27.84    -17.068
      27.85    -16.197
      27.86    -15.153
      27.87    -13.861
      27.88    -12.317
      27.89    -10.442
       27.9     -8.291
      27.91     -5.875
      27.92     -3.316
      27.93     -0.668
      27.94      1.942
      27.95      4.581
      27.96      7.288
      27.97     10.059
      27.98     12.615
      27.99     15.123
         28     17.785
      28.01     20.503
      28.02     22.909
      28.03     25.009
      28.04     26.871
      28.05     28.452
      28.06     29.539
      28.07     30.043
      28.08     30.087
      28.09     29.828
       28.1     29.245
      28.11     28.498
      28.12     27.643
      28.13     26.819
      28.14     25.996
      28.15     25.283
      28.16     24.755
      28.17     24.351
      28.18     23.872
      28.19     23.399
       28.2     23.117
      28.21     23.006
      28.22     22.726
      28.23     22.434
      28.24     22.261
      28.25     22.202
      28.26      22.01
      28.27     21.647
      28.28     21.156
      28.29     20.573
       28.3     19.724
      28.31     18.657
      28.32     17.462
      28.33     16.206
      28.34      14.85
      28.35      13.62
      28.36     12.579
      28.37     11.679
      28.38     10.833
      28.39     10.158
       28.4      9.521
      28.41      8.841
      28.42      7.881
      28.43      6.647
      28.44      5.116
      28.45      3.227
      28.46      0.848
      28.47     -1.817
      28.48     -4.719
      28.49     -7.764
       28.5    -10.904
      28.51    -13.979
      28.52     -16.86
      28.53    -19.296
      28.54    -21.425
      28.55    -23.338
      28.56    -24.628
      28.57    -25.192
      28.58    -25.423
      28.59     -25.39
       28.6    -24.968
      28.61    -24.056
      28.62    -23.103
      28.63    -22.252
      28.64    -21.548
      28.65    -20.896
      28.66    -20.438
      28.67    -20.094
      28.68    -19.902
      28.69     -19.74
       28.7    -19.436
      28.71    -18.825
      28.72    -17.845
      28.73    -16.554
      28.74    -14.969
      28.75    -12.975
      28.76    -10.622
      28.77         -8
      28.78     -5.433
      28.79     -2.906
       28.8     -0.475
      28.81      1.904
      28.82      4.049
      28.83      5.869
      28.84      7.329
      28.85       8.61
      28.86      9.802
      28.87     10.899
      28.88     11.713
      28.89     12.489
       28.9     13.344
      28.91     14.387
      28.92       15.5
      28.93     16.522
      28.94     17.513
      28.95     18.665
      28.96      19.86
      28.97     20.942
      28.98     21.824
      28.99     22.654
         29     23.546
      29.01     24.463
      29.02     25.272
      29.03     26.054
      29.04      26.79
      29.05      27.65
      29.06     28.528
      29.07     29.345
      29.08      30.06
      29.09     30.744
       29.1     31.336
      29.11     31.963
      29.12     32.466
      29.13     32.786
      29.14     33.014
      29.15     33.287
      29.16     33.494
      29.17     33.681
      29.18       33.7
      29.19     33.639
       29.2     33.576
      29.21     33.541
      29.22     33.297
      29.23     32.905
      29.24       32.4
      29.25     31.764
      29.26     30.999
      29.27      30.04
      29.28      28.76
      29.29     27.326
       29.3     25.722
      29.31     24.113
      29.32     22.357
      29.33     20.549
      29.34     18.717
      29.35     17.021
      29.36     15.421
      29.37     13.783
      29.38     11.981
      29.39     10.061
       29.4      7.968
      29.41      5.655
      29.42      3.012
      29.43      0.013
      29.44     -3.194
      29.45     -6.423
      29.46      -9.68
      29.47    -12.834
      29.48    -15.913
      29.49    -18.712
       29.5    -21.192
      29.51    -23.271
      29.52    -25.116
      29.53    -26.675
      29.54    -27.946
      29.55    -28.873
      29.56    -29.579
      29.57    -30.122
      29.58    -30.637
      29.59    -31.057
       29.6    -31.374
      29.61    -31.593
      29.62    -31.793
      29.63    -31.861
      29.64     -31.69
      29.65    -31.074
      29.66    -30.056
      29.67     -28.67
      29.68    -26.919
      29.69    -24.711
       29.7    -22.357
      29.71    -20.049
      29.72    -17.936
      29.73    -16.138
      29.74    -14.921
      29.75     -14.27
      29.76    -14.153
      29.77    -14.412
      29.78    -15.097
      29.79    -15.994
       29.8    -16.812
      29.81    -17.409
      29.82    -17.881
      29.83    -18.109
      29.84    -18.002
      29.85    -17.475
      29.86    -16.785
      29.87    -15.871
      29.88      -14.7
      29.89    -13.299
       29.9    -11.895
      29.91    -10.355
      29.92     -8.726
      29.93     -7.089
      29.94     -5.532
      29.95      -3.92
      29.96     -2.281
      29.97     -0.589
      29.98      1.149
      29.99      3.053
         30      5.035
      30.01      7.187
      30.02      9.491
      30.03     11.915
      30.04     14.276
      30.05     16.639
      30.06     18.961
      30.07     21.218
      30.08      23.25
      30.09      25.13
       30.1     26.872
      30.11     28.524
      30.12     30.047
      30.13     31.483
      30.14     32.758
      30.15     33.928
      30.16     34.976
      30.17     35.927
      30.18     36.647
      30.19     37.215
       30.2     37.583
      30.21     37.858
      30.22     38.063
      30.23     38.208
      30.24     38.238
      30.25     38.265
      30.26     38.254
      30.27     38.333
      30.28     38.335
      30.29     38.199
       30.3      37.98
      30.31     37.899
      30.32     37.804
      30.33     37.666
      30.34     37.441
      30.35     37.298
      30.36      37.16
      30.37     36.991
      30.38      36.57
      30.39     36.004
       30.4     35.333
      30.41     34.581
      30.42      33.71
      30.43     32.796
      30.44     31.866
      30.45     31.034
      30.46     30.216
      30.47     29.477
      30.48     28.651
      30.49     27.677
       30.5     26.493
      30.51     25.105
      30.52     23.441
      30.53     21.485
      30.54     19.103
      30.55     16.464
      30.56      13.75
      30.57      10.95
      30.58      7.952
      30.59      4.976
       30.6      2.149
      30.61     -0.401
      30.62     -2.816
      30.63     -5.016
      30.64      -6.99
      30.65     -8.652
      30.66    -10.125
      30.67     -11.41
      30.68    -12.615
      30.69    -13.711
       30.7    -14.729
      30.71     -15.63
      30.72    -16.518
      30.73    -17.315
      30.74    -18.057
      30.75    -18.748
      30.76    -19.385
      30.77    -19.866
      30.78      -20.3
      30.79    -20.793
       30.8    -21.324
      30.81    -21.667
      30.82    -22.042
      30.83    -22.549
      30.84    -23.132
      30.85    -23.637
      30.86    -24.148
      30.87    -24.621
      30.88    -25.081
      30.89    -25.437
       30.9    -25.635
      30.91    -25.551
      30.92    -25.296
      30.93    -24.831
      30.94    -24.164
      30.95    -23.244
      30.96    -22.138
      30.97    -20.877
      30.98    -19.558
      30.99    -18.133
         31    -16.718
      31.01    -15.291
      31.02    -13.933
      31.03     -12.65
      31.04    -11.606
      31.05     -10.74
      31.06    -10.071
      31.07     -9.536
      31.08     -9.206
      31.09     -9.023
       31.1     -8.959
      31.11     -8.747
      31.12     -8.348
      31.13     -7.843
      31.14     -7.201
      31.15     -6.193
      31.16     -4.841
      31.17     -3.221
      31.18     -1.464
      31.19      0.419
       31.2      2.448
      31.21      4.599
      31.22      6.675
      31.23      8.596
      31.24     10.329
      31.25     11.993
      31.26     13.451
      31.27     14.615
      31.28     15.471
      31.29      16.14
       31.3      16.56
      31.31     16.759
      31.32     16.767
      31.33     16.646
      31.34     16.361
      31.35     16.102
      31.36     15.855
      31.37     15.623
      31.38     15.386
      31.39     15.255
       31.4     15.195
      31.41     15.198
      31.42     15.167
      31.43     15.265
      31.44       15.4
      31.45     15.533
      31.46     15.678
      31.47     15.954
      31.48     16.206
      31.49     16.382
       31.5     16.519
      31.51     16.665
      31.52     16.683
      31.53     16.581
      31.54     16.351
      31.55     16.065
      31.56     15.674
      31.57     15.223
      31.58     14.693
      31.59     14.181
       31.6     13.601
      31.61     13.045
      31.62     12.525
      31.63     12.095
      31.64     11.681
      31.65     11.318
      31.66     11.056
      31.67     10.952
      31.68     10.878
      31.69     10.814
       31.7     10.754
      31.71     10.767
      31.72     10.737
      31.73     10.565
      31.74     10.221
      31.75      9.813
      31.76      9.207
      31.77       8.36
      31.78      7.274
      31.79      6.049
       31.8      4.602
      31.81       2.97
      31.82      1.192
      31.83     -0.571
      31.84     -2.351
      31.85     -4.185
      31.86     -5.955
      31.87     -7.472
      31.88       -8.9
      31.89    -10.225
       31.9    -11.381
      31.91    -12.313
      31.92    -13.062
      31.93    -13.577
      31.94     -13.93
      31.95    -14.051
      31.96     -13.99
      31.97    -13.703
      31.98    -13.265
      31.99    -12.757
         32    -12.284
      32.01     -11.79
      32.02    -11.362
      32.03    -11.019
      32.04    -10.912
      32.05    -11.015
      32.06    -11.234
      32.07    -11.511
      32.08    -11.958
      32.09    -12.438
       32.1    -12.956
      32.11    -13.319
      32.12     -13.56
      32.13    -13.671
      32.14    -13.708
      32.15    -13.635
      32.16     -13.45
      32.17    -13.208
      32.18    -13.035
      32.19    -12.896
       32.2    -12.877
      32.21    -12.877
      32.22    -12.885
      32.23    -12.923
      32.24    -13.004
      32.25    -13.008
      32.26    -12.902
      32.27    -12.643
      32.28     -12.39
      32.29     -12.07
       32.3    -11.704
      32.31    -11.296
      32.32    -10.989
      32.33    -10.755
      32.34    -10.571
      32.35    -10.483
      32.36    -10.517
      32.37     -10.54
      32.38    -10.541
      32.39    -10.476
       32.4    -10.442
      32.41    -10.268
      32.42     -9.847
      32.43     -9.295
      32.44     -8.749
      32.45      -8.09
      32.46     -7.317
      32.47     -6.475
      32.48     -5.765
      32.49     -5.185
       32.5     -4.695
      32.51     -4.277
      32.52     -4.109
      32.53     -4.175
      32.54     -4.398
      32.55     -4.765
      32.56      -5.37
      32.57     -6.133
      32.58     -7.053
      32.59     -8.089
       32.6     -9.324
      32.61    -10.689
      32.62    -12.175
      32.63    -13.721
      32.64    -15.386
      32.65     -17.12
      32.66    -18.865
      32.67    -20.576
      32.68    -22.209
      32.69    -23.677
       32.7    -25.008
      32.71    -26.082
      32.72    -26.763
      32.73    -26.966
      32.74    -26.819
      32.75     -26.21
      32.76    -25.153
      32.77    -23.642
      32.78    -21.906
      32.79    -20.022
       32.8    -18.133
      32.81    -16.346
      32.82    -14.789
      32.83    -13.486
      32.84    -12.554
      32.85    -11.937
      32.86    -11.593
      32.87    -11.359
      32.88    -11.219
      32.89    -11.067
       32.9     -10.88
      32.91    -10.578
      32.92    -10.148
      32.93      -9.56
      32.94     -8.947
      32.95     -8.349
      32.96     -7.787
      32.97     -7.157
      32.98     -6.596
      32.99     -6.119
         33     -5.755
      33.01     -5.403
      33.02     -5.058
      33.03     -4.696
      33.04     -4.449
      33.05      -4.24
      33.06     -3.994
      33.07     -3.681
      33.08     -3.408
      33.09     -3.175
       33.1     -2.962
      33.11     -2.726
      33.12     -2.552
      33.13     -2.421
      33.14     -2.398
      33.15     -2.456
      33.16     -2.569
      33.17     -2.676
      33.18     -2.784
      33.19     -2.838
       33.2     -2.832
      33.21     -2.684
      33.22     -2.349
      33.23     -1.775
      33.24      -1.08
      33.25     -0.304
      33.26      0.617
      33.27      1.696
      33.28      2.741
      33.29      3.674
       33.3      4.498
      33.31      5.247
      33.32       5.84
      33.33      6.241
      33.34      6.423
      33.35      6.497
      33.36       6.42
      33.37      6.239
      33.38       5.97
      33.39      5.677
       33.4      5.283
      33.41      4.857
      33.42      4.501
      33.43      4.216
      33.44      3.865
      33.45      3.528
      33.46      3.257
      33.47      3.091
      33.48      2.876
      33.49      2.618
       33.5      2.347
      33.51      2.139
      33.52      1.905
      33.53      1.674
      33.54      1.482
      33.55      1.377
      33.56      1.343
      33.57      1.442
      33.58      1.642
      33.59      1.924
       33.6      2.256
      33.61      2.642
      33.62      3.051
      33.63      3.458
      33.64      3.796
      33.65      4.118
      33.66      4.382
      33.67      4.593
      33.68      4.812
      33.69      5.028
       33.7      5.108
      33.71      5.182
      33.72      5.251
      33.73      5.265
      33.74      5.133
      33.75      4.883
      33.76       4.54
      33.77      4.138
      33.78      3.598
      33.79      2.944
       33.8      2.218
      33.81      1.472
      33.82       0.68
      33.83     -0.112
      33.84     -0.929
      33.85     -1.749
      33.86     -2.546
      33.87     -3.285
      33.88     -4.032
      33.89      -4.72
       33.9     -5.374
      33.91     -5.944
      33.92      -6.49
      33.93     -6.946
      33.94     -7.316
      33.95     -7.621
      33.96     -7.902
      33.97     -8.063
      33.98     -8.122
      33.99     -8.084
         34     -8.018
      34.01     -7.854
      34.02     -7.576
      34.03      -7.19
      34.04      -6.77
      34.05     -6.285
      34.06     -5.785
      34.07     -5.226
      34.08     -4.689
      34.09     -4.239
       34.1     -3.925
      34.11     -3.775
      34.12     -3.813
      34.13     -4.061
      34.14     -4.577
      34.15     -5.291
      34.16     -6.214
      34.17     -7.248
      34.18     -8.369
      34.19     -9.493
       34.2    -10.626
      34.21    -11.687
      34.22    -12.628
      34.23    -13.382
      34.24    -13.972
      34.25     -14.39
      34.26     -14.59
      34.27    -14.529
      34.28    -14.255
      34.29     -13.76
       34.3    -13.113
      34.31    -12.327
      34.32    -11.418
      34.33    -10.442
      34.34     -9.531
      34.35     -8.624
      34.36     -7.756
      34.37     -6.985
      34.38     -6.336
      34.39     -5.705
       34.4     -5.145
      34.41     -4.661
      34.42     -4.302
      34.43     -4.033
      34.44      -3.83
      34.45      -3.69
      34.46     -3.756
      34.47     -4.017
      34.48     -4.298
      34.49     -4.544
       34.5     -4.875
      34.51     -5.244
      34.52     -5.551
      34.53     -5.692
      34.54      -5.71
      34.55     -5.615
      34.56     -5.495
      34.57     -5.365
      34.58     -5.159
      34.59     -4.721
       34.6      -4.31
      34.61     -4.123
      34.62     -3.975
      34.63     -3.525
      34.64      -2.99
      34.65     -2.729
      34.66     -2.624
      34.67     -2.196
      34.68     -1.538
      34.69     -0.957
       34.7     -0.495
      34.71      0.152
      34.72      1.022
      34.73      1.934
      34.74      2.751
      34.75      3.556
      34.76      4.336
      34.77      5.114
      34.78      5.869
      34.79      6.588
       34.8      7.139
      34.81      7.585
      34.82      8.078
      34.83      8.656
      34.84      9.138
      34.85      9.504
      34.86      9.879
      34.87     10.445
      34.88     11.075
      34.89     11.645
       34.9     12.129
      34.91     12.703
      34.92     13.404
      34.93     14.092
      34.94     14.635
      34.95     15.128
      34.96     15.644
      34.97     16.182
      34.98     16.621
      34.99     16.999
         35     17.315
      35.01     17.628
      35.02      17.91
      35.03     18.199
      35.04     18.413
      35.05     18.511
      35.06     18.524
      35.07     18.587
      35.08     18.602
      35.09     18.427
       35.1     18.093
      35.11     17.821
      35.12     17.561
      35.13     17.156
      35.14     16.646
      35.15     16.193
      35.16     15.811
      35.17     15.374
      35.18     14.883
      35.19     14.484
       35.2     14.093
      35.21     13.648
      35.22     13.158
      35.23     12.713
      35.24     12.206
      35.25       11.6
      35.26     10.951
      35.27     10.303
      35.28      9.592
      35.29      8.896
       35.3      8.211
      35.31      7.527
      35.32      6.869
      35.33      6.318
      35.34      5.787
      35.35      5.216
      35.36      4.652
      35.37      4.065
      35.38      3.399
      35.39      2.687
       35.4      1.887
      35.41       0.93
      35.42     -0.153
      35.43     -1.209
      35.44     -2.267
      35.45     -3.452
      35.46     -4.704
      35.47     -5.802
      35.48     -6.747
      35.49     -7.649
       35.5     -8.587
      35.51     -9.334
      35.52     -9.856
      35.53    -10.319
      35.54    -10.754
      35.55    -11.013
      35.56    -11.136
      35.57    -11.232
      35.58    -11.248
      35.59    -11.096
       35.6    -10.924
      35.61    -10.796
      35.62    -10.599
      35.63     -10.23
      35.64     -9.868
      35.65     -9.558
      35.66     -9.217
      35.67      -8.78
      35.68     -8.347
      35.69     -7.969
       35.7     -7.684
      35.71      -7.48
      35.72     -7.348
      35.73     -7.285
      35.74     -7.376
      35.75     -7.617
      35.76     -7.944
      35.77     -8.264
      35.78     -8.636
      35.79     -8.977
       35.8     -9.255
      35.81     -9.468
      35.82      -9.58
      35.83     -9.495
      35.84     -9.311
      35.85     -9.081
      35.86     -8.787
      35.87      -8.35
      35.88     -7.809
      35.89      -7.24
       35.9     -6.665
      35.91     -6.014
      35.92     -5.317
      35.93     -4.563
      35.94      -3.81
      35.95     -3.076
      35.96     -2.347
      35.97     -1.591
      35.98     -0.846
      35.99     -0.104
         36      0.587
      36.01      1.206
      36.02       1.79
      36.03      2.424
      36.04       2.99
      36.05      3.467
      36.06      3.928
      36.07       4.44
      36.08      4.974
      36.09      5.515
       36.1      6.028
      36.11      6.563
      36.12      7.124
      36.13      7.726
      36.14      8.296
      36.15      8.808
      36.16      9.227
      36.17      9.636
      36.18     10.014
      36.19     10.293
       36.2     10.441
      36.21     10.548
      36.22     10.659
      36.23     10.799
      36.24     10.885
      36.25     10.926
      36.26     10.986
      36.27     11.074
      36.28     11.144
      36.29      11.18
       36.3     11.146
      36.31      11.12
      36.32     11.103
      36.33     11.072
      36.34     10.991
      36.35     10.876
      36.36     10.714
      36.37     10.528
      36.38     10.305
      36.39      10.04
       36.4      9.703
      36.41       9.38
      36.42      9.067
      36.43      8.767
      36.44      8.456
      36.45      8.125
      36.46      7.735
      36.47      7.304
      36.48      6.769
      36.49      6.115
       36.5      5.314
      36.51      4.381
      36.52       3.32
      36.53      2.207
      36.54      1.053
      36.55     -0.128
      36.56     -1.308
      36.57     -2.385
      36.58     -3.324
      36.59     -4.116
       36.6      -4.84
      36.61     -5.414
      36.62     -5.825
      36.63      -6.14
      36.64      -6.44
      36.65     -6.743
      36.66     -7.067
      36.67     -7.444
      36.68     -7.927
      36.69     -8.469
       36.7     -9.082
      36.71     -9.738
      36.72    -10.408
      36.73    -10.994
      36.74     -11.49
      36.75     -11.87
      36.76    -12.148
      36.77    -12.274
      36.78    -12.258
      36.79    -12.114
       36.8    -11.908
      36.81    -11.698
      36.82     -11.48
      36.83    -11.224
      36.84     -10.99
      36.85    -10.817
      36.86    -10.724
      36.87    -10.625
      36.88    -10.487
      36.89    -10.346
       36.9    -10.244
      36.91    -10.115
      36.92     -9.923
      36.93     -9.656
      36.94     -9.352
      36.95     -9.027
      36.96     -8.678
      36.97     -8.254
      36.98       -7.8
      36.99     -7.357
         37     -6.969
      37.01     -6.611
      37.02     -6.315
      37.03     -6.064
      37.04     -5.882
      37.05     -5.747
      37.06     -5.667
      37.07     -5.564
      37.08     -5.406
      37.09     -5.171
       37.1     -4.893
      37.11     -4.527
      37.12     -4.048
      37.13      -3.46
      37.14     -2.812
      37.15     -2.129
      37.16     -1.432
      37.17     -0.724
      37.18     -0.035
      37.19      0.627
       37.2      1.207
      37.21       1.71
      37.22      2.148
      37.23      2.551
      37.24      2.881
      37.25      3.153
      37.26      3.368
      37.27      3.559
      37.28       3.72
      37.29      3.882
       37.3      3.998
      37.31      4.071
      37.32      4.105
      37.33       4.13
      37.34      4.126
      37.35      4.066
      37.36      3.934
      37.37       3.77
      37.38      3.582
      37.39      3.386
       37.4      3.126
      37.41      2.829
      37.42      2.517
      37.43      2.238
      37.44      1.986
      37.45      1.755
      37.46       1.54
      37.47      1.412
      37.48      1.393
      37.49      1.487
       37.5       1.63
      37.51      1.835
      37.52      2.127
      37.53      2.498
      37.54       2.88
      37.55      3.241
      37.56      3.571
      37.57      3.868
      37.58       4.12
      37.59       4.34
       37.6      4.484
      37.61      4.562
      37.62      4.592
      37.63      4.629
      37.64      4.642
      37.65      4.609
      37.66      4.525
      37.67      4.443
      37.68      4.355
      37.69       4.25
       37.7      4.093
      37.71      3.911
      37.72      3.695
      37.73      3.469
      37.74      3.235
      37.75      2.951
      37.76      2.605
      37.77      2.248
      37.78      1.871
      37.79      1.498
       37.8      1.078
      37.81      0.626
      37.82      0.193
      37.83     -0.178
      37.84     -0.527
      37.85     -0.838
      37.86     -1.099
      37.87     -1.281
      37.88     -1.389
      37.89     -1.409
       37.9     -1.392
      37.91     -1.347
      37.92     -1.261
      37.93     -1.121
      37.94     -0.964
      37.95     -0.814
      37.96     -0.687
      37.97     -0.537
      37.98     -0.387
      37.99     -0.226
         38     -0.081
      38.01      0.041
      38.02       0.15
      38.03      0.281
      38.04      0.395
      38.05      0.483
      38.06      0.524
      38.07      0.556
      38.08      0.584
      38.09      0.605
       38.1      0.586
      38.11       0.55
      38.12      0.499
      38.13      0.476
      38.14       0.46
      38.15      0.441
      38.16       0.42
      38.17      0.435
      38.18      0.498
      38.19      0.603
       38.2       0.73
      38.21      0.893
      38.22      1.097
      38.23      1.357
      38.24      1.648
      38.25      1.961
      38.26      2.269
      38.27      2.589
      38.28      2.912
      38.29       3.23
       38.3      3.516
      38.31      3.768
      38.32      3.979
      38.33      4.164
      38.34      4.341
      38.35      4.499
      38.36      4.604
      38.37      4.706
      38.38      4.833
      38.39      4.987
       38.4      5.129
      38.41      5.268
      38.42      5.411
      38.43      5.562
      38.44      5.699
      38.45      5.805
      38.46      5.848
      38.47       5.83
      38.48      5.765
      38.49      5.669
       38.5      5.493
      38.51      5.236
      38.52      4.924
      38.53      4.591
      38.54      4.227
      38.55      3.818
      38.56      3.362
      38.57       2.89
      38.58      2.419
      38.59      1.967
       38.6      1.509
      38.61      1.043
      38.62      0.598
      38.63       0.22
      38.64     -0.117
      38.65     -0.429
      38.66     -0.717
      38.67     -0.959
      38.68     -1.159
      38.69     -1.315
       38.7     -1.462
      38.71      -1.61
      38.72     -1.744
      38.73      -1.85
      38.74     -1.943
      38.75     -2.034
      38.76     -2.149
      38.77     -2.258
      38.78     -2.361
      38.79     -2.453
       38.8     -2.572
      38.81     -2.728
      38.82     -2.899
      38.83     -3.062
      38.84     -3.237
      38.85     -3.435
      38.86     -3.655
      38.87     -3.863
      38.88      -4.05
      38.89      -4.21
       38.9     -4.362
      38.91     -4.497
      38.92     -4.606
      38.93     -4.672
      38.94     -4.712
      38.95     -4.741
      38.96     -4.772
      38.97     -4.797
      38.98     -4.809
      38.99     -4.812
         39     -4.838
      39.01     -4.882
      39.02      -4.93
      39.03     -4.961
      39.04     -4.985
      39.05     -5.003
      39.06     -5.013
      39.07     -4.981
      39.08     -4.901
      39.09     -4.772
       39.1     -4.609
      39.11     -4.404
      39.12     -4.153
      39.13     -3.858
      39.14     -3.542
      39.15      -3.21
      39.16     -2.874
      39.17     -2.538
      39.18     -2.209
      39.19     -1.884
       39.2     -1.577
      39.21     -1.287
      39.22     -1.021
      39.23     -0.766
      39.24     -0.521
      39.25     -0.287
      39.26     -0.072
      39.27      0.125
      39.28      0.311
      39.29      0.502
       39.3      0.687
      39.31      0.852
      39.32      0.998
      39.33      1.146
      39.34      1.298
      39.35       1.44
      39.36      1.554
      39.37      1.654
      39.38      1.745
      39.39       1.83
       39.4      1.892
      39.41      1.926
      39.42      1.935
      39.43      1.936
      39.44      1.936
      39.45      1.929
      39.46      1.904
      39.47      1.882
      39.48       1.88
      39.49      1.903
       39.5      1.932
      39.51       1.97
      39.52       2.02
      39.53      2.091
      39.54       2.17
      39.55      2.246
      39.56      2.309
      39.57      2.361
      39.58      2.401
      39.59       2.43
       39.6      2.437
      39.61      2.419
      39.62       2.38
      39.63      2.331
      39.64      2.272
      39.65      2.199
      39.66      2.112
      39.67      2.019
      39.68      1.925
      39.69      1.834
       39.7      1.741
      39.71      1.645
      39.72      1.547
      39.73      1.452
      39.74      1.359
      39.75      1.265
      39.76      1.163
      39.77      1.056
      39.78      0.947
      39.79       0.84
       39.8       0.73
      39.81      0.618
      39.82      0.507
      39.83      0.406
      39.84      0.315
      39.85      0.235
      39.86      0.164
      39.87      0.104
      39.88       0.06
      39.89      0.029
       39.9      0.007
      39.91     -0.007
      39.92     -0.015
      39.93     -0.017
      39.94     -0.015
      39.95     -0.013
      39.96      -0.01
      39.97     -0.007
      39.98     -0.004
      39.99          0
