          0      0.606
       0.01      1.112
       0.02      1.609
       0.03      2.143
       0.04      2.724
       0.05      2.913
       0.06      2.436
       0.07      2.169
       0.08      2.076
       0.09      1.838
        0.1      0.957
       0.11       0.45
       0.12     -0.153
       0.13     -0.432
       0.14     -1.676
       0.15      -2.76
       0.16     -3.346
       0.17     -4.155
       0.18     -5.742
       0.19     -6.681
        0.2     -8.328
       0.21     -7.518
       0.22     -8.533
       0.23    -10.646
       0.24     -9.972
       0.25     -9.374
       0.26     -9.467
       0.27    -10.489
       0.28    -10.317
       0.29     -10.24
        0.3     -9.363
       0.31     -9.919
       0.32    -10.446
       0.33    -10.634
       0.34     -9.531
       0.35     -9.067
       0.36      -8.69
       0.37     -8.305
       0.38     -6.931
       0.39     -5.405
        0.4     -4.007
       0.41     -3.389
       0.42     -0.611
       0.43     -1.208
       0.44     -0.642
       0.45      1.956
       0.46      3.263
       0.47      1.974
       0.48      2.264
       0.49      3.484
        0.5      6.079
       0.51      7.021
       0.52      4.112
       0.53      5.707
       0.54      8.187
       0.55       9.97
       0.56      7.425
       0.57      5.422
       0.58      7.208
       0.59      7.012
        0.6      7.573
       0.61      2.091
       0.62      0.328
       0.63      2.236
       0.64      1.489
       0.65     -1.504
       0.66     -3.973
       0.67     -4.594
       0.68     -2.498
       0.69     -4.296
        0.7     -5.839
       0.71     -8.157
       0.72     -7.436
       0.73      -7.97
       0.74     -9.898
       0.75    -10.715
       0.76     -13.92
       0.77    -14.093
       0.78    -10.961
       0.79    -10.685
        0.8    -12.935
       0.81     -8.926
       0.82      0.074
       0.83     -0.072
       0.84      5.647
       0.85     11.342
       0.86     17.057
       0.87     18.253
       0.88     23.889
       0.89     25.148
        0.9     20.167
       0.91     23.234
       0.92      19.26
       0.93      14.48
       0.94     11.036
       0.95      7.949
       0.96       7.96
       0.97      2.458
       0.98      4.541
       0.99     14.064
          1      9.859
       1.01     16.097
       1.02     23.277
       1.03       35.1
       1.04     33.895
       1.05     35.255
       1.06     44.128
       1.07     46.591
       1.08     42.447
       1.09     40.604
        1.1     38.383
       1.11     33.368
       1.12     36.238
       1.13     28.806
       1.14     18.514
       1.15     24.094
       1.16     27.281
       1.17     17.568
       1.18     15.624
       1.19     18.622
        1.2     20.106
       1.21     11.898
       1.22       9.08
       1.23      7.059
       1.24     -1.965
       1.25      -3.69
       1.26    -11.587
       1.27    -23.218
       1.28    -27.378
       1.29    -30.075
        1.3    -35.598
       1.31    -48.606
       1.32    -48.804
       1.33    -45.779
       1.34     -51.81
       1.35    -61.419
       1.36    -55.537
       1.37    -55.192
       1.38    -58.444
       1.39    -60.652
        1.4    -55.779
       1.41    -53.617
       1.42    -54.771
       1.43    -45.534
       1.44     -41.19
       1.45    -39.046
       1.46    -27.021
       1.47    -22.508
       1.48    -11.951
       1.49     -6.684
        1.5     -0.453
       1.51      7.615
       1.52     10.572
       1.53     18.427
       1.54     20.974
       1.55     22.578
       1.56     25.223
       1.57     32.651
       1.58     40.039
       1.59     39.499
        1.6      43.97
       1.61      58.64
       1.62     64.785
       1.63     73.068
       1.64     77.912
       1.65     82.889
       1.66     96.624
       1.67      93.51
       1.68     97.343
       1.69     93.569
        1.7     88.455
       1.71     87.707
       1.72     82.892
       1.73     71.921
       1.74      62.14
       1.75     62.575
       1.76     54.819
       1.77     53.609
       1.78     46.715
       1.79     47.042
        1.8      44.99
       1.81     41.887
       1.82      44.59
       1.83     37.278
       1.84      25.56
       1.85     21.966
       1.86     15.512
       1.87      4.205
       1.88    -13.654
       1.89    -24.111
        1.9    -32.048
       1.91    -42.265
       1.92     -51.72
       1.93    -55.042
       1.94    -66.028
       1.95     -65.89
       1.96    -60.252
       1.97    -61.936
       1.98     -66.88
       1.99    -70.283
          2      -61.9
       2.01    -61.683
       2.02    -67.354
       2.03    -74.779
       2.04    -76.041
       2.05     -74.26
       2.06    -73.389
       2.07    -77.545
       2.08     -83.78
       2.09     -78.95
        2.1    -64.339
       2.11     -58.99
       2.12    -59.599
       2.13    -53.228
       2.14    -34.604
       2.15    -21.361
       2.16    -12.563
       2.17    -12.724
       2.18     -0.954
       2.19     17.759
        2.2     21.911
       2.21     28.721
       2.22      35.92
       2.23     43.785
       2.24     62.796
       2.25     72.566
       2.26     84.776
       2.27     95.382
       2.28    111.138
       2.29    132.277
        2.3    145.684
       2.31    154.408
       2.32    161.547
       2.33    176.158
       2.34    180.272
       2.35    186.387
       2.36      180.1
       2.37    173.696
       2.38    178.048
       2.39    172.467
        2.4    158.717
       2.41    152.849
       2.42    143.463
       2.43    138.206
       2.44    125.556
       2.45    118.662
       2.46    107.502
       2.47     92.205
       2.48     87.614
       2.49     74.911
        2.5     62.406
       2.51     49.253
       2.52     40.967
       2.53     32.142
       2.54     23.705
       2.55     16.684
       2.56       14.9
       2.57      9.189
       2.58      5.721
       2.59      9.927
        2.6      8.463
       2.61       4.54
       2.62      3.863
       2.63      3.849
       2.64      3.709
       2.65      1.337
       2.66     -0.156
       2.67      2.261
       2.68      5.596
       2.69     14.195
        2.7     27.404
       2.71     39.459
       2.72     58.114
       2.73     80.948
       2.74    105.158
       2.75     132.93
       2.76    156.724
       2.77    175.334
       2.78    194.494
       2.79    217.997
        2.8    233.941
       2.81     232.75
       2.82    232.738
       2.83    245.792
       2.84    251.894
       2.85    246.507
       2.86    239.447
       2.87    249.087
       2.88    262.756
       2.89    270.099
        2.9    274.725
       2.91    282.442
       2.92    300.913
       2.93    314.935
       2.94    317.308
       2.95    313.123
       2.96    309.207
       2.97    300.982
       2.98    280.038
       2.99    249.297
          3    213.318
       3.01    168.763
       3.02    123.736
       3.03     74.504
       3.04     24.391
       3.05    -31.986
       3.06    -86.547
       3.07   -130.638
       3.08   -165.598
       3.09   -210.461
        3.1   -255.807
       3.11   -278.644
       3.12   -295.736
       3.13   -318.674
       3.14   -342.185
       3.15   -350.239
       3.16   -355.111
       3.17   -360.165
       3.18   -365.448
       3.19    -368.75
        3.2   -370.064
       3.21   -368.561
       3.22   -366.552
       3.23   -369.101
       3.24   -369.509
       3.25    -369.56
       3.26   -370.736
       3.27   -374.754
       3.28   -381.515
       3.29   -386.216
        3.3   -391.385
       3.31    -400.21
       3.32   -403.812
       3.33    -398.74
       3.34   -387.501
       3.35   -370.712
       3.36   -348.482
       3.37   -292.409
       3.38   -239.702
       3.39   -191.583
        3.4   -131.774
       3.41    -71.138
       3.42     -23.35
       3.43     14.249
       3.44     45.907
       3.45     67.799
       3.46     85.901
       3.47    103.267
       3.48    120.655
       3.49    138.506
        3.5     164.99
       3.51    203.484
       3.52    246.308
       3.53    288.124
       3.54    333.065
       3.55     378.43
       3.56    412.256
       3.57    438.349
       3.58    454.374
       3.59    462.701
        3.6    466.748
       3.61     463.88
       3.62    452.922
       3.63    444.873
       3.64    440.109
       3.65     424.49
       3.66    411.891
       3.67    410.446
       3.68     400.76
       3.69    392.449
        3.7    388.012
       3.71    379.143
       3.72    364.672
       3.73    347.245
       3.74    329.694
       3.75     288.46
       3.76    248.311
       3.77    207.379
       3.78     163.73
       3.79    122.867
        3.8      78.58
       3.81     48.286
       3.82     28.866
       3.83     21.942
       3.84      6.841
       3.85      6.303
       3.86      9.596
       3.87     16.621
       3.88     13.976
       3.89      7.509
        3.9     -8.631
       3.91    -27.016
       3.92    -53.807
       3.93    -88.815
       3.94   -127.601
       3.95   -171.079
       3.96   -208.635
       3.97   -236.891
       3.98   -266.477
       3.99   -288.834
          4   -299.888
       4.01   -302.909
       4.02   -302.613
       4.03   -300.661
       4.04   -301.226
       4.05   -301.944
       4.06   -307.496
       4.07   -317.126
       4.08   -326.035
       4.09   -342.172
        4.1   -365.352
       4.11   -384.451
       4.12   -397.045
       4.13   -414.766
       4.14   -435.373
       4.15   -451.486
       4.16   -462.439
       4.17   -471.084
       4.18    -479.76
       4.19   -491.132
        4.2   -503.731
       4.21   -509.882
       4.22   -513.167
       4.23   -521.476
       4.24   -534.998
       4.25   -540.769
       4.26   -543.468
       4.27   -543.543
       4.28   -539.812
       4.29    -532.82
        4.3   -523.711
       4.31   -505.204
       4.32   -465.311
       4.33   -419.493
       4.34   -388.625
       4.35   -342.327
       4.36     -270.2
       4.37   -208.505
       4.38    -182.08
       4.39    -161.85
        4.4   -137.919
       4.41   -116.438
       4.42   -131.096
       4.43   -164.628
       4.44   -169.777
       4.45   -173.535
       4.46   -192.502
       4.47    -201.22
       4.48   -193.292
       4.49   -175.646
        4.5   -154.789
       4.51   -128.134
       4.52   -102.419
       4.53    -70.772
       4.54    -42.615
       4.55    -26.502
       4.56    -17.828
       4.57    -10.536
       4.58    -11.359
       4.59    -24.413
        4.6     -44.38
       4.61    -59.553
       4.62    -74.596
       4.63    -93.947
       4.64   -112.892
       4.65    -124.42
       4.66   -129.362
       4.67   -136.337
       4.68   -138.349
       4.69   -139.236
        4.7   -137.865
       4.71   -140.015
       4.72   -135.308
       4.73   -125.277
       4.74    -117.29
       4.75     -114.4
       4.76   -101.379
       4.77    -59.721
       4.78    -30.356
       4.79     -1.116
        4.8     43.497
       4.81     107.82
       4.82     176.53
       4.83    233.985
       4.84    285.278
       4.85    349.038
       4.86    403.461
       4.87    456.611
       4.88    496.604
       4.89    529.926
        4.9    570.821
       4.91    617.433
       4.92    650.302
       4.93    673.813
       4.94    695.604
       4.95    713.551
       4.96    728.154
       4.97    736.334
       4.98    733.516
       4.99    721.222
          5    710.032
       5.01    705.163
       5.02    695.383
       5.03    664.552
       5.04    629.288
       5.05    597.206
       5.06     552.75
       5.07    479.526
       5.08    392.958
       5.09    246.399
        5.1    135.772
       5.11     17.817
       5.12   -117.435
       5.13   -236.924
       5.14   -310.085
       5.15   -353.146
       5.16   -372.173
       5.17   -363.735
       5.18   -346.851
       5.19   -324.883
        5.2   -239.079
       5.21   -146.587
       5.22   -105.077
       5.23    -45.753
       5.24     52.349
       5.25    120.636
       5.26    154.896
       5.27    181.647
       5.28    208.797
       5.29     229.73
        5.3    241.413
       5.31    227.837
       5.32    217.099
       5.33    224.346
       5.34    218.682
       5.35    205.179
       5.36    202.362
       5.37    205.821
       5.38    204.282
       5.39    191.476
        5.4    194.273
       5.41    198.179
       5.42    183.579
       5.43    164.426
       5.44    155.347
       5.45    141.106
       5.46    119.832
       5.47     92.759
       5.48      64.59
       5.49     39.163
        5.5     18.491
       5.51     -3.448
       5.52    -34.166
       5.53    -56.976
       5.54    -69.794
       5.55    -82.709
       5.56    -89.497
       5.57   -106.844
       5.58   -111.846
       5.59   -107.024
        5.6   -100.478
       5.61    -99.435
       5.62    -96.656
       5.63    -89.874
       5.64    -80.034
       5.65    -74.137
       5.66    -76.811
       5.67    -86.783
       5.68    -99.187
       5.69   -114.899
        5.7   -137.404
       5.71   -167.441
       5.72   -205.609
       5.73   -241.477
       5.74   -268.152
       5.75   -295.465
       5.76   -316.208
       5.77   -346.745
       5.78   -349.557
       5.79    -340.66
        5.8   -336.242
       5.81   -337.579
       5.82   -325.633
       5.83   -312.196
       5.84   -300.286
       5.85   -291.768
       5.86   -296.272
       5.87   -296.637
       5.88   -286.354
       5.89   -276.021
        5.9   -287.676
       5.91   -281.568
       5.92   -260.889
       5.93   -236.197
       5.94   -214.106
       5.95   -190.861
       5.96   -149.159
       5.97     -99.95
       5.98    -63.437
       5.99    -33.372
          6      7.154
       6.01     45.534
       6.02     62.022
       6.03     74.329
       6.04     99.464
       6.05    101.321
       6.06     99.846
       6.07    113.529
       6.08    119.961
       6.09    114.006
        6.1    124.896
       6.11    138.784
       6.12    143.826
       6.13    142.872
       6.14    146.188
       6.15    142.954
       6.16    128.551
       6.17    109.835
       6.18     72.917
       6.19     35.933
        6.2      -5.78
       6.21    -55.204
       6.22   -109.375
       6.23   -162.858
       6.24   -211.735
       6.25   -249.657
       6.26   -282.415
       6.27   -317.907
       6.28   -335.138
       6.29   -345.061
        6.3   -345.393
       6.31   -347.574
       6.32    -344.82
       6.33   -335.368
       6.34   -308.548
       6.35   -282.435
       6.36   -259.654
       6.37   -226.079
       6.38   -183.485
       6.39   -144.337
        6.4   -106.385
       6.41    -66.092
       6.42    -26.949
       6.43      4.705
       6.44     43.554
       6.45     83.684
       6.46    110.911
       6.47    136.589
       6.48    172.031
       6.49    209.133
        6.5    243.801
       6.51    265.461
       6.52    287.712
       6.53    329.382
       6.54    347.646
       6.55     360.95
       6.56     375.13
       6.57    387.671
       6.58    399.789
       6.59    411.729
        6.6    418.375
       6.61    410.454
       6.62     407.59
       6.63    410.038
       6.64    389.975
       6.65    356.747
       6.66    315.568
       6.67     286.52
       6.68    245.742
       6.69    198.188
        6.7    157.009
       6.71    130.754
       6.72    121.585
       6.73    100.006
       6.74     79.976
       6.75     88.437
       6.76     79.239
       6.77     48.143
       6.78     44.045
       6.79     20.494
        6.8    -23.899
       6.81    -57.789
       6.82   -100.154
       6.83   -141.387
       6.84   -178.873
       6.85    -218.69
       6.86   -245.975
       6.87   -259.378
       6.88   -269.223
       6.89   -269.827
        6.9   -254.855
       6.91   -240.326
       6.92   -220.295
       6.93   -189.875
       6.94   -164.184
       6.95    -137.31
       6.96   -109.338
       6.97    -93.281
       6.98    -76.762
       6.99    -47.308
          7    -22.777
       7.01    -39.903
       7.02    -26.004
       7.03      8.882
       7.04      8.424
       7.05     -3.092
       7.06      8.369
       7.07     18.572
       7.08     20.404
       7.09     24.201
        7.1     30.532
       7.11     36.944
       7.12     35.898
       7.13     57.093
       7.14     91.575
       7.15     98.374
       7.16     96.211
       7.17    120.577
       7.18    170.971
       7.19    185.404
        7.2    172.495
       7.21    157.237
       7.22    180.973
       7.23    215.399
       7.24    174.304
       7.25    105.198
       7.26    120.655
       7.27    136.793
       7.28    105.456
       7.29     59.915
        7.3     39.664
       7.31     55.861
       7.32     67.271
       7.33     46.106
       7.34     18.766
       7.35     15.455
       7.36     11.832
       7.37      0.948
       7.38    -31.642
       7.39    -94.403
        7.4   -131.177
       7.41   -151.549
       7.42   -196.242
       7.43   -241.212
       7.44   -272.152
       7.45   -290.059
       7.46   -280.353
       7.47   -236.447
       7.48   -202.853
       7.49    -190.85
        7.5   -120.247
       7.51    -19.638
       7.52     41.148
       7.53     69.459
       7.54     95.988
       7.55    137.122
       7.56    171.787
       7.57    132.018
       7.58     82.962
       7.59     50.895
        7.6     13.912
       7.61    -38.176
       7.62    -84.781
       7.63   -124.892
       7.64   -146.542
       7.65   -151.833
       7.66   -136.355
       7.67   -107.939
       7.68    -89.318
       7.69    -74.663
        7.7    -24.076
       7.71     26.033
       7.72     35.911
       7.73      31.61
       7.74     29.857
       7.75     51.347
       7.76     49.508
       7.77      14.58
       7.78     -5.806
       7.79      3.263
        7.8     16.363
       7.81     22.449
       7.82     38.578
       7.83     63.828
       7.84     100.01
       7.85    143.953
       7.86    177.994
       7.87    190.876
       7.88    194.068
       7.89    200.986
        7.9    187.182
       7.91    154.045
       7.92     98.919
       7.93     48.537
       7.94      -4.88
       7.95    -55.694
       7.96    -98.812
       7.97   -139.851
       7.98   -177.054
       7.99   -179.523
          8   -167.686
       8.01   -168.108
       8.02   -164.852
       8.03   -148.277
       8.04   -123.973
       8.05   -114.204
       8.06   -133.519
       8.07   -138.197
       8.08   -132.585
       8.09   -163.406
        8.1   -189.718
       8.11   -194.004
       8.12   -192.806
       8.13   -198.078
       8.14   -189.174
       8.15   -155.479
       8.16   -105.049
       8.17    -54.799
       8.18     -6.091
       8.19      50.29
        8.2    120.672
       8.21    189.518
       8.22    225.013
       8.23    252.722
       8.24    292.415
       8.25    315.685
       8.26    322.691
       8.27    320.498
       8.28    304.438
       8.29    291.773
        8.3    283.256
       8.31    261.592
       8.32     216.73
       8.33    174.896
       8.34    145.906
       8.35    112.906
       8.36     51.803
       8.37     -9.581
       8.38    -62.483
       8.39   -114.507
        8.4    -168.84
       8.41   -227.674
       8.42   -284.612
       8.43   -325.764
       8.44   -349.995
       8.45   -371.187
       8.46   -380.448
       8.47   -375.384
       8.48     -356.3
       8.49   -315.907
        8.5   -257.607
       8.51   -198.847
       8.52   -148.187
       8.53    -74.201
       8.54     23.377
       8.55     88.179
       8.56    135.696
       8.57    196.411
       8.58    253.319
       8.59    288.685
        8.6    301.661
       8.61    301.356
       8.62    301.444
       8.63    287.776
       8.64    259.157
       8.65    223.979
       8.66    178.609
       8.67    137.227
       8.68    103.896
       8.69     62.332
        8.7     16.191
       8.71    -14.655
       8.72    -30.509
       8.73    -42.251
       8.74    -54.927
       8.75    -54.367
       8.76    -35.218
       8.77     -1.522
       8.78     31.413
       8.79     57.668
        8.8     110.28
       8.81    177.668
       8.82    220.796
       8.83     256.25
       8.84     302.61
       8.85    351.833
       8.86    368.621
       8.87     377.68
       8.88    386.388
       8.89    393.372
        8.9    388.424
       8.91    368.871
       8.92    343.549
       8.93    317.774
       8.94    264.689
       8.95    207.609
       8.96    149.942
       8.97      83.76
       8.98     16.684
       8.99    -38.866
          9     -76.47
       9.01   -106.736
       9.02   -135.173
       9.03   -146.451
       9.04   -132.987
       9.05   -119.846
       9.06   -114.843
       9.07    -102.25
       9.08    -85.902
       9.09    -75.765
        9.1    -72.757
       9.11    -82.974
       9.12    -93.306
       9.13   -100.738
       9.14   -109.873
       9.15   -123.416
       9.16   -131.521
       9.17   -130.387
       9.18   -121.327
       9.19   -104.067
        9.2    -83.176
       9.21    -64.088
       9.22    -34.401
       9.23     -1.137
       9.24     20.209
       9.25     36.195
       9.26     51.747
       9.27      56.81
       9.28     52.742
       9.29     47.417
        9.3     31.235
       9.31      5.497
       9.32    -13.027
       9.33    -36.647
       9.34    -64.131
       9.35    -86.572
       9.36   -113.104
       9.37   -133.972
       9.38   -150.026
       9.39   -165.569
        9.4   -186.427
       9.41    -200.52
       9.42   -206.147
       9.43   -216.863
       9.44   -225.429
       9.45   -226.368
       9.46   -228.845
       9.47   -226.122
       9.48   -215.273
       9.49   -209.096
        9.5   -203.932
       9.51   -196.149
       9.52   -188.281
       9.53    -185.84
       9.54   -192.163
       9.55   -202.466
       9.56   -214.913
       9.57   -228.788
       9.58    -243.62
       9.59    -258.49
        9.6   -266.894
       9.61   -265.656
       9.62   -250.974
       9.63   -225.404
       9.64   -189.476
       9.65   -150.814
       9.66   -106.681
       9.67    -50.106
       9.68      1.302
       9.69     20.492
        9.7     27.884
       9.71     44.294
       9.72     35.127
       9.73    -17.143
       9.74    -71.158
       9.75   -123.357
       9.76   -180.223
       9.77   -239.102
       9.78   -297.954
       9.79   -330.781
        9.8   -350.229
       9.81   -353.545
       9.82   -342.389
       9.83   -319.302
       9.84   -281.515
       9.85     -219.2
       9.86   -148.962
       9.87    -74.162
       9.88     -4.548
       9.89     62.651
        9.9    129.342
       9.91    187.173
       9.92    223.365
       9.93    245.165
       9.94    262.215
       9.95    276.029
       9.96    282.471
       9.97     275.43
       9.98    266.793
       9.99    263.451
         10    264.696
      10.01    263.788
      10.02     252.33
      10.03    240.743
      10.04    235.523
      10.05    224.555
      10.06    207.349
      10.07    173.293
      10.08    138.944
      10.09    112.599
       10.1     77.945
      10.11     34.779
      10.12     -4.833
      10.13    -37.109
      10.14    -60.411
      10.15    -80.403
      10.16    -98.418
      10.17   -108.857
      10.18   -107.114
      10.19    -100.27
       10.2    -94.593
      10.21    -85.368
      10.22    -71.316
      10.23    -55.913
      10.24    -41.904
      10.25    -26.291
      10.26     -6.696
      10.27      9.666
      10.28     25.457
      10.29     45.536
       10.3     66.481
      10.31     83.692
      10.32     96.593
      10.33    107.934
      10.34    119.284
      10.35    122.416
      10.36    120.766
      10.37    113.125
      10.38     98.619
      10.39     84.821
       10.4     69.481
      10.41     48.028
      10.42     26.231
      10.43      8.093
      10.44     -3.857
      10.45    -12.787
      10.46    -22.907
      10.47    -28.181
      10.48     -25.86
      10.49    -22.568
       10.5    -20.207
      10.51    -16.469
      10.52    -17.496
      10.53    -19.965
      10.54    -19.747
      10.55    -28.025
      10.56    -40.418
      10.57    -51.482
      10.58    -64.182
      10.59    -75.491
       10.6    -80.183
      10.61    -86.247
      10.62    -90.022
      10.63    -81.196
      10.64    -63.495
      10.65    -47.236
      10.66    -28.952
      10.67     -4.005
      10.68     24.884
      10.69     50.704
       10.7     71.307
      10.71      86.18
      10.72       98.4
      10.73    109.986
      10.74    111.888
      10.75    104.582
      10.76     96.324
      10.77     89.739
      10.78      79.29
      10.79     64.411
       10.8     49.663
      10.81     36.477
      10.82     24.469
      10.83     10.519
      10.84      -8.69
      10.85    -27.412
      10.86    -46.898
      10.87    -70.285
      10.88    -98.005
      10.89   -127.112
       10.9   -156.911
      10.91   -189.422
      10.92   -217.198
      10.93   -242.838
      10.94    -271.12
      10.95   -289.212
      10.96    -300.82
      10.97   -308.388
      10.98   -310.938
      10.99    -306.89
         11   -296.237
      11.01   -280.043
      11.02   -261.274
      11.03   -238.927
      11.04   -213.287
      11.05   -186.858
      11.06   -157.639
      11.07   -124.941
      11.08    -93.771
      11.09    -65.199
       11.1    -31.783
      11.11      5.846
      11.12     39.083
      11.13      68.46
      11.14     99.851
      11.15    133.233
      11.16    162.511
      11.17    185.496
      11.18    202.539
      11.19     218.46
       11.2    231.284
      11.21    235.597
      11.22    231.404
      11.23    222.565
      11.24    213.213
      11.25    199.509
      11.26    179.807
      11.27    157.613
      11.28    138.544
      11.29    122.035
       11.3    103.352
      11.31     88.073
      11.32     79.529
      11.33     71.508
      11.34     65.699
      11.35     63.828
      11.36     65.335
      11.37     65.387
      11.38     61.243
      11.39     57.991
       11.4     54.274
      11.41      46.57
      11.42     31.802
      11.43     13.325
      11.44     -4.543
      11.45    -22.081
      11.46     -42.45
      11.47    -65.579
      11.48    -84.916
      11.49    -97.209
       11.5    -106.19
      11.51   -113.379
      11.52   -117.783
      11.53   -117.856
      11.54   -110.316
      11.55   -100.186
      11.56    -95.134
      11.57    -90.953
      11.58    -80.629
      11.59     -72.48
       11.6    -70.212
      11.61    -68.454
      11.62    -67.934
      11.63    -69.565
      11.64    -66.622
      11.65    -63.833
      11.66    -65.242
      11.67    -63.218
      11.68    -51.433
      11.69    -40.521
       11.7    -28.275
      11.71    -15.795
      11.72      1.135
      11.73     23.706
      11.74     41.889
      11.75     57.304
      11.76     76.361
      11.77     94.108
      11.78    109.728
      11.79    125.038
       11.8    138.775
      11.81    151.968
      11.82    165.917
      11.83    180.567
      11.84    194.974
      11.85    207.727
      11.86     219.45
      11.87    231.748
      11.88    240.782
      11.89    244.851
       11.9    243.667
      11.91    236.852
      11.92    226.506
      11.93    208.213
      11.94    182.963
      11.95    153.164
      11.96     121.86
      11.97     87.309
      11.98     52.523
      11.99     18.029
         12    -14.031
      12.01    -37.864
      12.02    -60.269
      12.03    -81.181
      12.04    -90.176
      12.05    -97.629
      12.06    -105.87
      12.07   -105.846
      12.08   -105.538
      12.09    -109.47
       12.1   -109.372
      12.11   -108.877
      12.12   -113.405
      12.13   -116.139
      12.14   -117.531
      12.15   -121.698
      12.16   -121.213
      12.17   -116.596
      12.18   -114.895
      12.19   -107.472
       12.2    -93.742
      12.21    -78.792
      12.22    -63.378
      12.23    -47.881
      12.24    -29.455
      12.25    -10.545
      12.26      1.656
      12.27     10.601
      12.28      17.27
      12.29     19.394
       12.3     18.107
      12.31      12.31
      12.32     -0.062
      12.33    -10.887
      12.34    -18.844
      12.35     -31.44
      12.36     -43.53
      12.37    -50.968
      12.38    -55.849
      12.39    -57.477
       12.4    -58.253
      12.41     -59.99
      12.42    -58.176
      12.43    -52.882
      12.44      -49.9
      12.45    -51.776
      12.46    -50.883
      12.47    -48.362
      12.48    -46.329
      12.49    -48.294
       12.5    -48.526
      12.51    -43.922
      12.52    -40.255
      12.53    -35.244
      12.54    -27.745
      12.55     -21.72
      12.56    -12.582
      12.57     -1.253
      12.58      6.411
      12.59     12.508
       12.6     18.067
      12.61     22.885
      12.62     26.704
      12.63     24.278
      12.64     20.966
      12.65     18.144
      12.66     13.066
      12.67      6.852
      12.68      0.159
      12.69       -7.2
       12.7    -14.949
      12.71     -18.12
      12.72    -22.352
      12.73    -29.806
      12.74     -33.19
      12.75     -34.37
      12.76    -37.988
      12.77     -40.42
      12.78    -43.814
      12.79     -47.45
       12.8    -51.011
      12.81    -53.958
      12.82    -58.349
      12.83    -63.024
      12.84    -68.158
      12.85     -71.24
      12.86    -70.952
      12.87    -73.222
      12.88     -73.15
      12.89    -69.582
       12.9    -64.888
      12.91    -54.801
      12.92    -45.968
      12.93    -37.697
      12.94    -22.185
      12.95     -6.769
      12.96      5.836
      12.97     22.047
      12.98     37.512
      12.99     48.617
         13     61.889
      13.01     75.829
      13.02     83.458
      13.03     88.546
      13.04     93.751
      13.05     98.895
      13.06    102.785
      13.07    101.069
      13.08     97.784
      13.09    100.938
       13.1    101.944
      13.11     98.201
      13.12     96.873
      13.13      95.94
      13.14     95.783
      13.15     94.285
      13.16     89.667
      13.17     84.881
      13.18     81.168
      13.19     73.323
       13.2     64.721
      13.21     55.706
      13.22     44.392
      13.23     34.944
      13.24     25.558
      13.25     13.262
      13.26      6.714
      13.27      2.143
      13.28     -4.331
      13.29     -9.064
       13.3     -9.917
      13.31      -7.11
      13.32     -6.846
      13.33    -10.404
      13.34     -7.976
      13.35     -4.525
      13.36     -8.036
      13.37    -10.823
      13.38    -13.895
      13.39    -20.617
       13.4    -24.915
      13.41    -30.851
      13.42    -41.085
      13.43    -48.584
      13.44    -55.286
      13.45    -62.628
      13.46    -67.011
      13.47    -72.984
      13.48    -82.011
      13.49     -83.66
       13.5    -85.717
      13.51    -91.351
      13.52    -96.838
      13.53   -102.308
      13.54   -105.521
      13.55   -107.709
      13.56   -112.963
      13.57   -119.322
      13.58   -120.545
      13.59    -117.54
       13.6   -117.581
      13.61    -116.47
      13.62   -109.118
      13.63     -101.5
      13.64    -92.406
      13.65    -81.371
      13.66    -67.974
      13.67    -56.302
      13.68    -43.308
      13.69    -27.766
       13.7    -11.875
      13.71      1.572
      13.72     15.309
      13.73     32.749
      13.74     48.958
      13.75     63.821
      13.76     81.769
      13.77     98.742
      13.78    112.788
      13.79    130.084
       13.8    147.717
      13.81    160.471
      13.82    170.411
      13.83    181.625
      13.84    189.933
      13.85     195.18
      13.86    195.951
      13.87    192.455
      13.88    189.156
      13.89    183.586
       13.9    173.279
      13.91     160.85
      13.92    148.928
      13.93    135.062
      13.94     122.74
      13.95    111.002
      13.96     96.944
      13.97     84.824
      13.98      76.74
      13.99     67.956
         14     58.635
      14.01     51.311
      14.02     44.029
      14.03     37.056
      14.04     31.081
      14.05     24.186
      14.06     17.024
      14.07     10.783
      14.08      4.072
      14.09     -0.707
       14.1     -3.624
      14.11     -9.332
      14.12     -12.82
      14.13    -12.225
      14.14    -12.692
      14.15     -12.41
      14.16    -11.319
      14.17    -10.867
      14.18     -6.891
      14.19     -2.714
       14.2     -1.759
      14.21      1.254
      14.22      6.794
      14.23      9.485
      14.24     15.027
      14.25     20.596
      14.26     23.178
      14.27     29.153
      14.28     37.104
      14.29     40.537
       14.3     44.176
      14.31     50.107
      14.32     53.512
      14.33       56.3
      14.34     58.782
      14.35     57.976
      14.36     59.218
      14.37     60.645
      14.38     56.914
      14.39     53.836
       14.4     54.935
      14.41       53.1
      14.42     47.771
      14.43     47.872
      14.44     47.778
      14.45     46.465
      14.46     48.208
      14.47     48.029
      14.48     50.475
      14.49     54.556
       14.5     56.501
      14.51     58.455
      14.52     62.196
      14.53     63.019
      14.54     61.188
      14.55      61.61
      14.56     60.202
      14.57     53.138
      14.58     44.981
      14.59     40.644
       14.6     35.438
      14.61     22.419
      14.62     11.704
      14.63      8.572
      14.64      0.902
      14.65     -8.958
      14.66    -13.489
      14.67    -16.657
      14.68    -20.289
      14.69    -23.399
       14.7    -23.784
      14.71    -24.702
      14.72    -26.537
      14.73    -26.732
      14.74    -27.135
      14.75    -28.171
      14.76    -30.027
      14.77    -33.783
      14.78     -35.94
      14.79    -36.961
       14.8    -41.193
      14.81    -45.193
      14.82    -46.842
      14.83    -47.287
      14.84    -47.786
      14.85    -46.408
      14.86    -43.535
      14.87    -39.389
      14.88    -32.468
      14.89     -25.17
       14.9    -15.262
      14.91     -7.837
      14.92     -0.245
      14.93     10.873
      14.94     19.216
      14.95     23.085
      14.96      27.77
      14.97     32.256
      14.98     33.514
      14.99     35.659
         15     33.548
      15.01     31.321
      15.02     33.349
      15.03     32.384
      15.04     29.926
      15.05     30.184
      15.06     30.889
      15.07     31.973
      15.08     32.124
      15.09      30.91
       15.1     31.861
      15.11     32.869
      15.12     29.414
      15.13     26.424
      15.14     26.141
      15.15     23.281
      15.16     17.941
      15.17     14.516
      15.18     11.983
      15.19       8.96
       15.2      5.708
      15.21      1.274
      15.22     -1.743
      15.23     -3.235
      15.24     -7.038
      15.25    -12.598
      15.26    -17.735
      15.27    -22.034
      15.28    -27.686
      15.29    -35.804
       15.3    -43.667
      15.31     -49.52
      15.32    -56.479
      15.33    -62.766
      15.34    -67.609
      15.35    -72.147
      15.36    -72.805
      15.37    -72.068
      15.38    -72.087
      15.39    -67.761
       15.4    -60.624
      15.41    -54.809
      15.42    -47.027
      15.43    -35.566
      15.44    -26.294
      15.45    -16.504
      15.46     -4.395
      15.47      5.553
      15.48     14.327
      15.49     24.296
       15.5     31.573
      15.51     37.313
      15.52      42.91
      15.53      46.32
      15.54     47.588
      15.55     49.301
      15.56     49.289
      15.57     48.432
      15.58     46.824
      15.59     45.651
       15.6     45.282
      15.61     43.524
      15.62     41.979
      15.63     41.815
      15.64     41.917
      15.65     40.612
      15.66     39.796
      15.67     39.481
      15.68     38.767
      15.69     37.039
       15.7      35.61
      15.71     35.266
      15.72     33.996
      15.73     32.739
      15.74     32.854
      15.75     34.149
      15.76     35.773
      15.77     37.349
      15.78     39.622
      15.79     44.347
       15.8     48.345
      15.81      51.35
      15.82     54.864
      15.83     57.977
      15.84     61.339
      15.85     62.927
      15.86     62.901
      15.87     63.348
      15.88     62.951
      15.89     61.931
       15.9     60.405
      15.91     58.752
      15.92     57.813
      15.93      55.84
      15.94     54.902
      15.95      54.19
      15.96      52.29
      15.97     49.406
      15.98      45.17
      15.99     41.027
         16     33.747
      16.01     23.698
      16.02     11.085
      16.03     -2.734
      16.04    -16.898
      16.05    -33.977
      16.06    -51.686
      16.07    -67.645
      16.08    -81.768
      16.09    -93.038
       16.1   -102.393
      16.11   -108.451
      16.12   -109.825
      16.13   -107.711
      16.14   -103.363
      16.15    -95.582
      16.16    -87.354
      16.17    -78.859
      16.18    -69.902
      16.19    -61.377
       16.2    -54.236
      16.21    -51.164
      16.22    -49.481
      16.23    -47.256
      16.24     -45.75
      16.25     -46.84
      16.26    -47.699
      16.27     -47.35
      16.28    -43.211
      16.29     -37.83
       16.3    -32.439
      16.31    -26.129
      16.32    -16.916
      16.33     -5.444
      16.34       5.15
      16.35      11.97
      16.36     16.866
      16.37     23.877
      16.38      28.62
      16.39     27.493
       16.4     23.774
      16.41     20.063
      16.42     16.075
      16.43     11.546
      16.44      4.762
      16.45     -3.733
      16.46     -7.807
      16.47     -9.785
      16.48    -15.012
      16.49    -20.396
       16.5     -23.22
      16.51    -26.135
      16.52    -30.854
      16.53    -36.099
      16.54    -42.242
      16.55     -48.57
      16.56    -55.248
      16.57    -61.888
      16.58    -68.378
      16.59    -72.725
       16.6    -76.093
      16.61    -78.844
      16.62    -78.422
      16.63    -74.285
      16.64    -70.724
      16.65    -67.038
      16.66    -59.021
      16.67    -52.067
      16.68    -45.187
      16.69    -37.049
       16.7    -32.605
      16.71     -26.78
      16.72    -19.669
      16.73    -14.939
      16.74     -9.851
      16.75     -4.563
      16.76      1.201
      16.77      9.642
      16.78     17.646
      16.79     25.692
       16.8     34.289
      16.81     42.518
      16.82     51.564
      16.83     59.195
      16.84     62.861
      16.85     64.384
      16.86     64.704
      16.87     62.773
      16.88     58.788
      16.89     49.165
       16.9     39.782
      16.91     31.696
      16.92     22.856
      16.93     13.235
      16.94      6.063
      16.95     -0.144
      16.96     -3.454
      16.97     -1.495
      16.98      0.295
      16.99      2.332
         17      6.968
      17.01     15.132
      17.02     24.458
      17.03     29.234
      17.04     32.108
      17.05     37.261
      17.06     41.674
      17.07     42.067
      17.08     38.034
      17.09     32.946
       17.1     29.592
      17.11     25.723
      17.12     18.322
      17.13      9.732
      17.14      5.413
      17.15      2.214
      17.16     -0.879
      17.17     -3.884
      17.18     -6.567
      17.19     -7.139
       17.2     -6.598
      17.21     -9.232
      17.22    -12.889
      17.23    -16.586
      17.24    -21.721
      17.25    -29.403
      17.26    -37.663
      17.27    -46.004
      17.28    -54.967
      17.29    -63.835
       17.3    -71.431
      17.31    -75.193
      17.32    -76.805
      17.33     -79.25
      17.34     -78.34
      17.35    -72.375
      17.36      -65.1
      17.37    -59.659
      17.38    -54.165
      17.39     -46.15
       17.4    -37.085
      17.41    -32.256
      17.42    -28.842
      17.43    -24.932
      17.44    -20.126
      17.45    -17.808
      17.46    -15.083
      17.47    -11.605
      17.48     -8.226
      17.49     -3.387
       17.5      3.279
      17.51      9.738
      17.52     15.315
      17.53     21.778
      17.54     28.418
      17.55     33.791
      17.56     36.784
      17.57     37.056
      17.58     36.309
      17.59     35.068
       17.6     29.688
      17.61     22.969
      17.62     16.172
      17.63      8.948
      17.64      1.911
      17.65     -5.395
      17.66    -11.062
      17.67    -14.809
      17.68    -18.146
      17.69    -20.844
       17.7    -21.229
      17.71    -20.491
      17.72    -20.405
      17.73    -20.038
      17.74    -19.219
      17.75    -17.939
      17.76     -15.41
      17.77    -15.473
      17.78    -15.109
      17.79    -12.332
       17.8     -9.114
      17.81     -6.315
      17.82     -4.885
      17.83     -0.932
      17.84      3.964
      17.85      7.955
      17.86     11.085
      17.87     13.211
      17.88      16.34
      17.89     19.761
       17.9     19.822
      17.91     19.154
      17.92     20.424
      17.93     19.454
      17.94     16.261
      17.95     15.505
      17.96     14.145
      17.97     10.007
      17.98      6.369
      17.99      3.748
         18      0.353
      18.01     -3.506
      18.02    -10.139
      18.03    -16.425
      18.04    -20.087
      18.05    -26.159
      18.06     -34.67
      18.07    -42.514
      18.08     -47.56
      18.09    -52.514
       18.1    -57.753
      18.11    -62.806
      18.12    -64.385
      18.13    -63.379
      18.14    -60.749
      18.15    -58.611
      18.16    -54.386
      18.17    -47.641
      18.18    -40.118
      18.19    -34.367
       18.2     -28.82
      18.21    -23.623
      18.22    -18.998
      18.23     -15.94
      18.24    -14.164
      18.25    -13.813
      18.26    -13.359
      18.27     -11.76
      18.28    -11.482
      18.29    -10.397
       18.3     -7.173
      18.31     -3.487
      18.32      0.489
      18.33      6.768
      18.34     11.767
      18.35     16.208
      18.36     21.374
      18.37     23.906
      18.38     24.377
      18.39     22.337
       18.4      18.38
      18.41     12.721
      18.42      3.816
      18.43     -7.443
      18.44    -17.624
      18.45    -27.611
      18.46    -39.395
      18.47    -49.459
      18.48    -55.323
      18.49    -60.601
       18.5    -63.836
      18.51    -63.556
      18.52    -61.744
      18.53    -58.033
      18.54    -51.987
      18.55    -46.733
      18.56    -41.933
      18.57    -35.226
      18.58    -30.132
      18.59     -27.66
       18.6    -24.515
      18.61    -21.784
      18.62    -20.133
      18.63    -17.887
      18.64     -15.87
      18.65    -12.667
      18.66     -6.779
      18.67     -0.499
      18.68      5.232
      18.69     13.803
       18.7     23.528
      18.71     31.556
      18.72     38.702
      18.73     45.085
      18.74     48.891
      18.75     51.891
      18.76     51.073
      18.77     47.345
      18.78     41.801
      18.79     35.349
       18.8     27.194
      18.81     17.807
      18.82      8.077
      18.83     -0.186
      18.84     -6.838
      18.85    -12.639
      18.86     -17.34
      18.87    -19.597
      18.88     -19.85
      18.89    -18.881
       18.9    -16.904
      18.91    -14.623
      18.92    -11.681
      18.93     -8.851
      18.94     -6.695
      18.95     -4.187
      18.96     -3.785
      18.97     -3.592
      18.98     -3.059
      18.99     -3.638
         19     -4.282
      19.01     -4.635
      19.02     -5.969
      19.03     -6.133
      19.04      -5.93
      19.05     -6.196
      19.06      -7.04
      19.07     -7.211
      19.08     -7.335
      19.09      -8.04
       19.1     -8.584
      19.11     -9.739
      19.12    -11.247
      19.13    -11.186
      19.14    -11.649
      19.15    -12.783
      19.16    -13.015
      19.17     -12.81
      19.18    -12.759
      19.19    -12.874
       19.2    -13.303
      19.21    -14.445
      19.22    -15.731
      19.23    -17.495
      19.24    -20.142
      19.25    -23.672
      19.26    -26.952
      19.27    -29.864
      19.28    -33.199
      19.29    -35.322
       19.3    -36.456
      19.31    -37.154
      19.32    -35.739
      19.33    -32.961
      19.34    -29.636
      19.35    -25.903
      19.36    -20.166
      19.37    -14.729
      19.38    -10.217
      19.39     -4.927
       19.4     -1.583
      19.41      1.104
      19.42      4.031
      19.43      4.431
      19.44      3.038
      19.45      2.996
      19.46      2.195
      19.47      0.108
      19.48      -1.07
      19.49     -1.773
       19.5     -1.824
      19.51      0.088
      19.52      1.981
      19.53      3.476
      19.54      7.074
      19.55     11.082
      19.56     14.285
      19.57      16.36
      19.58     18.157
      19.59     19.075
       19.6      19.17
      19.61     18.529
      19.62     16.618
      19.63     13.103
      19.64     11.647
      19.65     10.574
      19.66      9.773
      19.67       7.54
      19.68      8.315
      19.69     11.862
       19.7      15.21
      19.71     16.854
      19.72     20.687
      19.73     27.157
      19.74     30.353
      19.75     33.387
      19.76     36.351
      19.77     38.511
      19.78     39.226
      19.79     37.713
       19.8     36.615
      19.81       34.7
      19.82     30.704
      19.83     25.898
      19.84     22.167
      19.85     19.326
      19.86      14.96
      19.87     10.006
      19.88      7.717
      19.89      6.368
       19.9      4.039
      19.91      2.056
      19.92      0.292
      19.93     -1.334
      19.94     -2.019
      19.95     -4.105
      19.96     -7.349
      19.97    -10.182
      19.98    -12.647
      19.99    -14.746
         20    -16.826
      20.01    -19.755
      20.02    -20.724
      20.03     -18.63
      20.04    -16.892
      20.05    -15.501
      20.06    -10.858
      20.07      -5.62
      20.08     -0.145
      20.09      5.342
       20.1     10.662
      20.11     16.811
      20.12     20.031
      20.13     23.957
      20.14     28.015
      20.15     29.598
      20.16     30.076
      20.17     30.985
      20.18     32.619
      20.19      32.32
       20.2     31.277
      20.21      31.05
      20.22     31.462
      20.23      30.41
      20.24     29.289
      20.25     28.415
      20.26     26.462
      20.27     25.468
      20.28     23.286
      20.29      20.99
       20.3       18.6
      20.31     16.029
      20.32     13.702
      20.33     11.389
      20.34      8.811
      20.35      5.884
      20.36      3.861
      20.37       2.76
      20.38     -0.651
      20.39     -2.533
       20.4     -4.516
      20.41     -6.938
      20.42     -8.915
      20.43    -12.634
      20.44    -16.312
      20.45    -18.831
      20.46    -22.346
      20.47    -27.512
      20.48    -30.806
      20.49    -33.305
       20.5    -35.929
      20.51    -37.122
      20.52    -37.123
      20.53     -34.79
      20.54    -31.486
      20.55    -26.487
      20.56    -20.286
      20.57    -13.121
      20.58     -5.204
      20.59      1.703
       20.6      8.911
      20.61       15.8
      20.62     20.804
      20.63     24.491
      20.64     27.812
      20.65     30.431
      20.66     32.328
      20.67     33.363
      20.68     34.629
      20.69     35.813
       20.7     38.307
      20.71     39.865
      20.72     40.658
      20.73     42.671
      20.74     43.329
      20.75      43.48
      20.76     43.224
      20.77     39.736
      20.78     36.812
      20.79     33.328
       20.8     26.969
      20.81      21.04
      20.82     15.367
      20.83      7.902
      20.84        2.1
      20.85     -2.643
      20.86     -7.378
      20.87    -10.339
      20.88    -12.846
      20.89    -13.818
       20.9    -12.294
      20.91    -11.299
      20.92     -9.886
      20.93     -8.196
      20.94      -5.87
      20.95     -2.897
      20.96     -1.997
      20.97      -2.21
      20.98     -1.889
      20.99     -1.755
         21     -1.015
      21.01     -1.806
      21.02     -3.085
      21.03     -1.976
      21.04      1.383
      21.05      3.795
      21.06      6.014
      21.07      9.508
      21.08     15.016
      21.09     19.727
       21.1     22.681
      21.11     24.795
      21.12     26.345
      21.13     26.055
      21.14     24.251
      21.15     21.876
      21.16     15.945
      21.17     10.055
      21.18      5.213
      21.19      0.536
       21.2     -4.041
      21.21      -9.35
      21.22    -11.453
      21.23    -10.657
      21.24     -9.904
      21.25      -8.36
      21.26     -7.479
      21.27     -4.316
      21.28      0.533
      21.29      1.928
       21.3      1.545
      21.31      1.373
      21.32      1.003
      21.33      0.294
      21.34     -3.394
      21.35      -7.85
      21.36    -10.381
      21.37    -11.376
      21.38    -12.047
      21.39    -13.637
       21.4    -13.144
      21.41    -10.022
      21.42      -5.36
      21.43     -1.247
      21.44      1.385
      21.45      4.816
      21.46     10.592
      21.47     13.626
      21.48     13.017
      21.49     13.186
       21.5     12.507
      21.51     10.422
      21.52      7.734
      21.53      2.821
      21.54     -2.233
      21.55     -6.253
      21.56     -9.752
      21.57    -13.967
      21.58    -18.719
      21.59    -22.999
       21.6    -24.355
      21.61    -25.848
      21.62    -28.916
      21.63    -31.222
      21.64    -32.158
      21.65    -31.468
      21.66    -32.027
      21.67    -32.992
      21.68    -32.796
      21.69    -31.876
       21.7    -29.966
      21.71    -28.428
      21.72    -27.473
      21.73    -25.813
      21.74    -22.244
      21.75    -18.856
      21.76    -16.454
      21.77    -13.521
      21.78     -9.834
      21.79     -6.068
       21.8     -1.803
      21.81      1.396
      21.82      4.215
      21.83      8.288
      21.84     11.806
      21.85     14.464
      21.86     17.093
      21.87     19.563
      21.88     21.277
      21.89     22.282
       21.9     23.253
      21.91     24.067
      21.92     22.796
      21.93      20.54
      21.94     19.108
      21.95      17.45
      21.96     13.822
      21.97      8.976
      21.98      5.946
      21.99      3.211
         22     -0.462
      22.01     -3.436
      22.02     -5.542
      22.03      -7.23
      22.04     -7.451
      22.05     -7.666
      22.06     -7.636
      22.07     -7.739
      22.08     -7.805
      22.09     -7.779
       22.1      -8.17
      22.11    -10.208
      22.12    -12.592
      22.13    -15.602
      22.14    -17.492
      22.15    -20.237
      22.16    -23.639
      22.17    -25.498
      22.18    -25.899
      22.19    -25.166
       22.2    -23.932
      22.21    -21.784
      22.22    -17.979
      22.23    -13.297
      22.24     -9.404
      22.25     -5.321
      22.26     -1.508
      22.27      1.185
      22.28      1.951
      22.29      1.947
       22.3      1.507
      22.31     -1.379
      22.32     -5.057
      22.33     -8.627
      22.34    -12.492
      22.35    -15.495
      22.36    -18.515
      22.37     -20.78
      22.38    -21.574
      22.39    -20.508
       22.4    -18.918
      22.41    -17.394
      22.42    -15.048
      22.43    -11.421
      22.44     -8.842
      22.45     -7.496
      22.46     -5.709
      22.47       -4.7
      22.48     -5.036
      22.49     -6.005
       22.5     -6.238
      22.51     -6.829
      22.52     -8.131
      22.53     -8.093
      22.54     -7.324
      22.55     -5.951
      22.56     -3.721
      22.57     -1.225
      22.58      1.328
      22.59       4.25
       22.6      7.986
      22.61      9.968
      22.62     11.415
      22.63     12.524
      22.64     12.519
      22.65     13.165
      22.66     12.692
      22.67     10.703
      22.68      9.865
      22.69        9.4
       22.7      9.253
      22.71      8.955
      22.72      8.381
      22.73      7.926
      22.74       8.74
      22.75      9.304
      22.76      8.687
      22.77      6.698
      22.78       5.38
      22.79      4.876
       22.8      2.796
      22.81     -0.441
      22.82     -2.796
      22.83     -4.838
      22.84     -6.359
      22.85     -7.028
      22.86      -7.93
      22.87     -8.847
      22.88     -8.173
      22.89     -6.231
       22.9     -5.262
      22.91     -4.527
      22.92     -4.655
      22.93     -3.718
      22.94     -3.386
      22.95      -3.88
      22.96     -6.015
      22.97     -8.492
      22.98     -9.464
      22.99    -10.923
         23    -12.713
      23.01    -14.345
      23.02    -15.189
      23.03    -14.299
      23.04    -12.371
      23.05    -11.132
      23.06     -9.693
      23.07     -6.839
      23.08     -3.676
      23.09     -1.311
       23.1      0.179
      23.11      1.115
      23.12      2.477
      23.13      2.129
      23.14       1.13
      23.15      0.571
      23.16     -1.218
      23.17     -3.476
      23.18      -5.62
      23.19     -6.611
       23.2     -7.983
      23.21    -10.217
      23.22    -11.607
      23.23    -11.595
      23.24    -11.312
      23.25    -11.913
      23.26    -11.866
      23.27     -10.42
      23.28     -9.735
      23.29     -8.589
       23.3     -6.968
      23.31     -5.997
      23.32     -5.256
      23.33     -4.606
      23.34     -3.937
      23.35     -3.464
      23.36     -4.561
      23.37      -5.69
      23.38     -6.909
      23.39     -7.508
       23.4      -8.12
      23.41    -10.068
      23.42    -10.662
      23.43    -10.339
      23.44     -8.284
      23.45     -6.574
      23.46     -4.949
      23.47     -2.122
      23.48      2.841
      23.49       7.47
       23.5     11.156
      23.51     14.692
      23.52     18.944
      23.53     22.367
      23.54     25.268
      23.55     26.793
      23.56     26.976
      23.57     26.559
      23.58         26
      23.59     24.957
       23.6     21.809
      23.61     18.222
      23.62     15.697
      23.63     12.774
      23.64     10.981
      23.65      7.967
      23.66       5.22
      23.67      4.986
      23.68       5.94
      23.69      5.323
       23.7      6.289
      23.71      7.533
      23.72      9.344
      23.73     12.035
      23.74     13.043
      23.75     13.917
      23.76     15.094
      23.77     15.822
      23.78     15.351
      23.79     15.127
       23.8         14
      23.81     12.238
      23.82     11.412
      23.83     10.888
      23.84      9.968
      23.85      9.242
      23.86     10.208
      23.87     11.604
      23.88     13.659
      23.89     16.365
       23.9     19.122
      23.91     22.245
      23.92     25.956
      23.93     28.801
      23.94     30.187
      23.95     31.694
      23.96     31.711
      23.97     30.358
      23.98     28.221
      23.99     24.917
         24     21.116
      24.01     16.706
      24.02     12.462
      24.03      9.186
      24.04      6.054
      24.05      3.612
      24.06      2.859
      24.07      3.167
      24.08       3.95
      24.09      5.262
       24.1      7.313
      24.11      9.012
      24.12     10.274
      24.13     10.904
      24.14     10.008
      24.15      9.275
      24.16      6.936
      24.17      2.755
      24.18     -0.225
      24.19     -3.758
       24.2     -8.029
      24.21    -11.349
      24.22    -13.621
      24.23    -14.783
      24.24    -15.323
      24.25    -14.899
      24.26    -12.941
      24.27    -11.061
      24.28     -8.313
      24.29     -5.147
       24.3     -3.345
      24.31     -1.351
      24.32      0.211
      24.33      0.526
      24.34     -0.033
      24.35     -1.045
      24.36     -3.109
      24.37     -4.743
      24.38     -7.174
      24.39     -8.958
       24.4    -10.799
      24.41    -11.781
      24.42    -11.734
      24.43    -11.605
      24.44     -10.39
      24.45     -9.048
      24.46     -6.817
      24.47     -4.448
      24.48     -2.358
      24.49     -0.496
       24.5      1.466
      24.51      3.335
      24.52      4.542
      24.53      5.273
      24.54      5.994
      24.55      7.306
      24.56      8.222
      24.57      8.862
      24.58     10.055
      24.59     12.118
       24.6     13.602
      24.61     16.242
      24.62     18.158
      24.63     20.102
      24.64     23.171
      24.65     25.642
      24.66     26.647
      24.67     28.632
      24.68     29.874
      24.69     30.678
       24.7     30.929
      24.71     30.685
      24.72     30.462
      24.73      29.67
      24.74     29.227
      24.75     28.047
      24.76     27.148
      24.77     26.566
      24.78     25.591
      24.79      24.52
       24.8     24.143
      24.81      23.31
      24.82     22.226
      24.83      21.05
      24.84      20.37
      24.85      19.51
      24.86     18.141
      24.87     16.749
      24.88     16.455
      24.89     15.854
       24.9     15.351
      24.91     15.359
      24.92     15.739
      24.93     16.493
      24.94     17.868
      24.95     18.773
      24.96     19.778
      24.97     21.513
      24.98     22.728
      24.99     23.457
         25     24.151
      25.01     24.925
      25.02     25.229
      25.03     25.849
      25.04     25.761
      25.05     26.433
      25.06     27.683
      25.07     28.444
      25.08     29.693
      25.09     31.665
       25.1     33.655
      25.11     35.071
      25.12     36.869
      25.13     38.505
      25.14     38.907
      25.15     38.862
      25.16     38.226
      25.17      37.55
      25.18     35.148
      25.19      32.41
       25.2     30.098
      25.21     27.894
      25.22     25.703
      25.23     23.086
      25.24      21.46
      25.25     21.129
      25.26     21.426
      25.27     20.184
      25.28     20.197
      25.29     20.947
       25.3     20.528
      25.31     20.061
      25.32      18.83
      25.33     16.313
      25.34     14.709
      25.35     12.192
      25.36      8.956
      25.37      6.127
      25.38      3.064
      25.39      1.241
       25.4      0.388
      25.41     -0.047
      25.42     -0.526
      25.43      0.847
      25.44      3.633
      25.45      6.211
      25.46      8.544
      25.47      11.22
      25.48     13.876
      25.49     16.846
       25.5     18.098
      25.51     18.359
      25.52     19.008
      25.53     18.862
      25.54     17.771
      25.55     16.607
      25.56     15.622
      25.57     13.736
      25.58     12.576
      25.59     12.526
       25.6     11.202
      25.61     10.283
      25.62       10.8
      25.63     10.398
      25.64     10.222
      25.65     10.271
      25.66     10.061
      25.67      9.972
      25.68      9.681
      25.69      9.506
       25.7      9.218
      25.71      9.304
      25.72      9.361
      25.73      9.211
      25.74      9.717
      25.75     10.672
      25.76      11.08
      25.77     11.505
      25.78     12.286
      25.79     13.322
       25.8     13.849
      25.81     13.573
      25.82     13.861
      25.83     14.353
      25.84     13.773
      25.85     13.073
      25.86     12.876
      25.87     12.861
      25.88     12.181
      25.89     11.656
       25.9     12.064
      25.91     12.396
      25.92     12.333
      25.93      12.82
      25.94      13.52
      25.95     13.976
      25.96     14.297
      25.97     14.768
      25.98     14.471
      25.99     14.157
         26     13.682
      26.01     12.712
      26.02      11.68
      26.03     10.295
      26.04      8.663
      26.05      7.296
      26.06      6.532
      26.07      5.401
      26.08      4.221
      26.09      3.192
       26.1      4.137
      26.11      4.291
      26.12      3.924
      26.13       4.22
      26.14       5.91
      26.15      6.781
      26.16      7.278
      26.17      8.356
      26.18      9.355
      26.19       9.96
       26.2     10.973
      26.21     11.294
      26.22     11.681
      26.23     11.394
      26.24     11.287
      26.25       11.1
      26.26     10.694
      26.27     10.085
      26.28       8.66
      26.29      8.376
       26.3      8.461
      26.31      8.223
      26.32      7.665
      26.33      7.478
      26.34      8.757
      26.35      9.959
      26.36       9.99
      26.37      10.43
      26.38     12.105
      26.39     12.217
       26.4     12.556
      26.41     13.279
      26.42     12.393
      26.43     11.804
      26.44     11.811
      26.45     11.096
      26.46     10.675
      26.47      9.942
      26.48      9.196
      26.49      9.923
       26.5     10.616
      26.51     10.646
      26.52     11.212
      26.53     12.056
      26.54     13.007
      26.55     14.132
      26.56     14.518
      26.57     13.765
      26.58     13.912
      26.59     14.359
       26.6     13.555
      26.61     12.309
      26.62     11.579
      26.63     10.953
      26.64     10.744
      26.65     10.664
      26.66      9.691
      26.67        9.7
      26.68     10.005
      26.69      9.792
       26.7      9.375
      26.71      8.544
      26.72      6.988
      26.73      5.266
      26.74      3.253
      26.75      0.625
      26.76     -2.392
      26.77     -6.068
      26.78     -8.604
      26.79    -10.729
       26.8    -12.715
      26.81    -14.468
      26.82     -15.38
      26.83    -14.654
      26.84     -13.29
      26.85    -12.939
      26.86    -11.645
      26.87     -9.475
      26.88     -8.696
      26.89     -7.958
       26.9     -7.692
      26.91     -7.977
      26.92     -9.515
      26.93    -10.824
      26.94    -12.285
      26.95    -14.271
      26.96    -15.723
      26.97    -17.493
      26.98    -18.324
      26.99    -17.694
         27    -17.567
      27.01    -17.206
      27.02    -15.703
      27.03    -14.274
      27.04    -12.373
      27.05    -11.265
      27.06    -10.493
      27.07    -10.091
      27.08     -9.679
      27.09     -9.278
       27.1    -10.572
      27.11    -11.415
      27.12     -12.33
      27.13    -13.021
      27.14    -13.531
      27.15    -14.586
      27.16    -15.463
      27.17    -15.364
      27.18    -15.039
      27.19    -15.248
       27.2    -15.425
      27.21     -14.97
      27.22    -14.673
      27.23     -14.16
      27.24    -13.968
      27.25    -13.847
      27.26    -13.067
      27.27    -12.767
      27.28    -12.285
      27.29    -11.433
       27.3    -11.055
      27.31    -10.754
      27.32    -10.082
      27.33      -9.41
      27.34     -9.387
      27.35     -9.694
      27.36     -9.336
      27.37     -9.513
      27.38    -10.164
      27.39    -10.481
       27.4    -10.846
      27.41    -11.471
      27.42    -11.655
      27.43    -11.896
      27.44     -12.14
      27.45    -11.739
      27.46     -11.68
      27.47    -11.399
      27.48    -10.552
      27.49    -10.358
       27.5      -9.84
      27.51     -9.341
      27.52     -9.327
      27.53     -9.285
      27.54     -9.233
      27.55      -9.68
      27.56    -10.091
      27.57    -10.629
      27.58    -10.729
      27.59    -10.719
       27.6    -11.047
      27.61    -10.521
      27.62     -9.543
      27.63     -8.394
      27.64     -7.122
      27.65     -5.647
      27.66     -3.922
      27.67     -2.009
      27.68     -0.827
      27.69      0.379
       27.7      1.166
      27.71      1.449
      27.72      1.591
      27.73      1.471
      27.74      0.335
      27.75     -0.502
      27.76     -0.986
      27.77     -1.786
      27.78     -2.642
      27.79     -3.304
       27.8     -3.611
      27.81     -3.357
      27.82     -3.477
      27.83     -3.725
      27.84     -3.986
      27.85     -3.865
      27.86     -4.128
      27.87     -4.893
      27.88     -6.136
      27.89     -7.044
       27.9     -7.661
      27.91     -8.981
      27.92    -10.152
      27.93    -10.741
      27.94    -10.879
      27.95    -10.984
      27.96    -10.702
      27.97     -9.878
      27.98     -8.994
      27.99     -8.157
         28     -7.258
      28.01     -6.367
      28.02     -6.197
      28.03      -6.35
      28.04     -7.245
      28.05     -8.342
      28.06     -9.649
      28.07    -11.888
      28.08    -14.398
      28.09     -16.56
       28.1    -18.475
      28.11    -20.226
      28.12    -22.206
      28.13    -23.223
      28.14     -23.69
      28.15    -23.481
      28.16    -23.472
      28.17    -23.076
      28.18    -21.914
      28.19    -20.788
       28.2    -19.913
      28.21    -19.025
      28.22    -17.694
      28.23    -17.008
      28.24    -16.304
      28.25    -15.439
      28.26     -14.85
      28.27     -14.18
      28.28    -13.364
      28.29    -13.118
       28.3    -12.486
      28.31    -11.299
      28.32    -11.101
      28.33     -10.58
      28.34    -10.192
      28.35     -9.835
      28.36     -9.104
      28.37      -9.18
      28.38     -9.401
      28.39     -9.211
       28.4     -8.906
      28.41      -9.02
      28.42     -9.075
      28.43     -9.235
      28.44     -9.531
      28.45     -9.085
      28.46     -9.382
      28.47     -9.642
      28.48    -10.328
      28.49    -10.412
       28.5    -10.356
      28.51    -10.821
      28.52    -11.237
      28.53    -11.216
      28.54    -11.048
      28.55    -10.184
      28.56     -9.744
      28.57      -9.15
      28.58     -7.822
      28.59      -6.63
       28.6     -5.547
      28.61     -4.287
      28.62     -3.421
      28.63     -3.235
      28.64     -2.463
      28.65     -2.296
      28.66     -2.699
      28.67     -3.219
      28.68     -4.065
      28.69     -4.582
       28.7     -5.228
      28.71     -6.069
      28.72     -7.087
      28.73      -7.61
      28.74     -7.928
      28.75     -8.709
      28.76     -9.292
      28.77     -9.811
      28.78    -10.655
      28.79    -11.475
       28.8    -12.089
      28.81    -12.861
      28.82    -13.786
      28.83    -14.494
      28.84    -14.906
      28.85    -14.575
      28.86    -14.476
      28.87    -14.203
      28.88    -13.321
      28.89    -11.878
       28.9    -10.682
      28.91     -9.557
      28.92     -8.477
      28.93     -7.627
      28.94      -7.02
      28.95     -6.704
      28.96     -7.063
      28.97     -7.567
      28.98     -8.499
      28.99     -9.147
         29     -9.915
      29.01    -10.597
      29.02     -11.08
      29.03    -11.218
      29.04    -10.758
      29.05    -10.035
      29.06     -9.245
      29.07     -8.503
      29.08     -7.588
      29.09     -6.667
       29.1     -6.277
      29.11     -6.212
      29.12     -6.754
      29.13     -7.511
      29.14     -8.621
      29.15     -9.998
      29.16    -11.631
      29.17    -13.182
      29.18    -15.033
      29.19    -16.074
       29.2    -17.115
      29.21    -17.711
      29.22    -18.507
      29.23    -18.753
      29.24    -18.582
      29.25    -18.365
      29.26    -18.279
      29.27    -18.429
      29.28    -18.695
      29.29    -18.284
       29.3    -18.527
      29.31    -18.904
      29.32    -19.336
      29.33    -19.468
      29.34    -19.207
      29.35     -18.85
      29.36    -18.673
      29.37    -18.302
      29.38    -17.361
      29.39    -16.262
       29.4    -15.258
      29.41    -14.842
      29.42    -14.357
      29.43    -13.644
      29.44    -13.043
      29.45    -13.347
      29.46    -13.655
      29.47    -13.646
      29.48    -13.597
      29.49    -13.553
       29.5    -13.433
      29.51    -12.872
      29.52    -12.091
      29.53    -10.818
      29.54     -9.476
      29.55     -8.051
      29.56     -6.569
      29.57     -5.373
      29.58     -3.992
      29.59     -3.056
       29.6     -2.505
      29.61     -2.461
      29.62     -2.312
      29.63     -2.372
      29.64     -2.609
      29.65     -2.869
      29.66     -3.041
      29.67     -2.781
      29.68       -2.4
      29.69     -1.946
       29.7     -1.167
      29.71     -0.418
      29.72      0.147
      29.73      0.916
      29.74      1.306
      29.75      1.296
      29.76      1.094
      29.77      0.539
      29.78      0.128
      29.79     -0.453
       29.8     -1.204
      29.81     -1.845
      29.82     -1.669
      29.83     -1.358
      29.84     -0.947
      29.85     -0.385
      29.86      0.952
      29.87      2.169
      29.88      3.093
      29.89      3.975
       29.9      4.541
      29.91      4.662
      29.92      4.653
      29.93      4.009
      29.94      2.974
      29.95      1.869
      29.96      1.044
      29.97      0.134
      29.98     -0.696
      29.99     -1.148
         30     -0.879
      30.01      -0.06
      30.02      0.346
      30.03      1.472
      30.04      2.799
      30.05      4.029
      30.06      4.812
      30.07      5.353
      30.08      5.742
      30.09      5.591
       30.1      5.024
      30.11      4.105
      30.12      3.168
      30.13      2.209
      30.14      1.083
      30.15      0.578
      30.16      0.057
      30.17     -0.047
      30.18      0.509
      30.19      1.273
       30.2      2.124
      30.21      3.142
      30.22      4.497
      30.23      6.009
      30.24      6.601
      30.25       7.23
      30.26       8.01
      30.27       8.36
      30.28      8.475
      30.29      7.914
       30.3      7.793
      30.31      7.857
      30.32      7.627
      30.33      7.478
      30.34      7.509
      30.35      7.536
      30.36       8.27
      30.37      8.975
      30.38      8.929
      30.39      9.286
       30.4     10.287
      30.41     10.587
      30.42     10.819
      30.43     10.753
      30.44     10.873
      30.45     11.215
      30.46     11.151
      30.47     10.965
      30.48     10.891
      30.49     11.042
       30.5     11.196
      30.51     11.244
      30.52     11.209
      30.53      11.29
      30.54      11.32
      30.55      11.46
      30.56     11.168
      30.57     10.767
      30.58      10.95
      30.59     10.352
       30.6      9.921
      30.61     10.018
      30.62      9.654
      30.63      9.652
      30.64      9.899
      30.65     10.019
      30.66     10.727
      30.67     11.431
      30.68      12.02
      30.69     12.812
       30.7     13.548
      30.71     14.167
      30.72     14.846
      30.73     15.093
      30.74     14.707
      30.75     14.756
      30.76     14.744
      30.77     13.984
      30.78     13.114
      30.79     12.484
       30.8     12.077
      30.81     11.382
      30.82      11.07
      30.83     10.394
      30.84     10.233
      30.85     10.431
      30.86     10.475
      30.87     10.274
      30.88     10.399
      30.89     10.415
       30.9     10.477
      30.91     10.445
      30.92     10.089
      30.93      9.712
      30.94      9.413
      30.95      9.215
      30.96      8.944
      30.97      8.461
      30.98       8.32
      30.99      8.284
         31      8.661
      31.01      8.678
      31.02      8.938
      31.03      9.307
      31.04     10.021
      31.05     10.281
      31.06     10.643
      31.07     11.096
      31.08      11.16
      31.09     11.365
       31.1     11.468
      31.11     11.153
      31.12     11.085
      31.13     10.993
      31.14     10.526
      31.15      10.35
      31.16     10.335
      31.17     10.099
      31.18     10.109
      31.19     10.139
       31.2     10.355
      31.21     10.578
      31.22     10.939
      31.23     11.454
      31.24     11.472
      31.25     12.063
      31.26     12.694
      31.27     12.918
      31.28     13.142
      31.29     13.512
       31.3     13.695
      31.31     14.022
      31.32     14.178
      31.33     14.024
      31.34      13.93
      31.35      14.13
      31.36     14.209
      31.37     14.033
      31.38     13.648
      31.39     13.933
       31.4     14.189
      31.41     14.188
      31.42     14.288
      31.43     14.771
      31.44     15.199
      31.45     15.603
      31.46     16.468
      31.47     16.796
      31.48     17.142
      31.49      17.86
       31.5     18.114
      31.51     18.358
      31.52     18.085
      31.53     17.876
      31.54     17.544
      31.55     17.024
      31.56     16.227
      31.57     15.313
      31.58     14.725
      31.59         14
       31.6     13.483
      31.61     13.051
      31.62     12.799
      31.63     12.976
      31.64     13.232
      31.65     13.545
      31.66       13.9
      31.67     14.654
      31.68     15.023
      31.69     15.227
       31.7     15.281
      31.71      15.35
      31.72     14.944
      31.73     14.261
      31.74     13.389
      31.75     12.473
      31.76      11.58
      31.77     10.558
      31.78      9.615
      31.79      8.821
       31.8      8.341
      31.81      8.256
      31.82      8.111
      31.83      8.037
      31.84      8.415
      31.85      8.662
      31.86      9.205
      31.87      9.268
      31.88       9.16
      31.89      9.242
       31.9      9.129
      31.91      8.664
      31.92      7.948
      31.93      7.301
      31.94      6.723
      31.95      5.984
      31.96      5.202
      31.97      4.707
      31.98      4.212
      31.99      3.885
         32      3.541
      32.01      3.654
      32.02      3.679
      32.03      3.494
      32.04      3.706
      32.05      3.852
      32.06      3.944
      32.07      3.947
      32.08      3.574
      32.09      3.497
       32.1      3.408
      32.11      2.892
      32.12      2.278
      32.13      1.839
      32.14      1.311
      32.15      0.975
      32.16      0.379
      32.17     -0.094
      32.18     -0.399
      32.19     -0.352
       32.2     -0.532
      32.21     -0.691
      32.22     -0.531
      32.23     -0.375
      32.24      -0.23
      32.25     -0.142
      32.26     -0.098
      32.27      0.043
      32.28     -0.101
      32.29       0.03
       32.3     -0.072
      32.31     -0.292
      32.32     -0.393
      32.33     -0.132
      32.34     -0.136
      32.35     -0.157
      32.36      0.108
      32.37      0.679
      32.38      1.078
      32.39      1.423
       32.4      1.942
      32.41       2.44
      32.42      2.909
      32.43      3.267
      32.44      3.426
      32.45      3.482
      32.46      3.573
      32.47      3.763
      32.48      3.558
      32.49      3.439
       32.5      3.431
      32.51      3.752
      32.52      3.768
      32.53      3.865
      32.54      4.291
      32.55      4.625
      32.56      4.823
      32.57      5.155
      32.58      5.395
      32.59      5.435
       32.6        5.4
      32.61      5.349
      32.62      5.213
      32.63      5.185
      32.64      5.044
      32.65      4.847
      32.66      5.031
      32.67      5.503
      32.68      5.721
      32.69          6
       32.7      6.524
      32.71      7.019
      32.72      7.397
      32.73      7.579
      32.74       7.27
      32.75      7.022
      32.76      6.705
      32.77       5.92
      32.78      4.978
      32.79       4.05
       32.8      3.114
      32.81      2.462
      32.82      1.849
      32.83      1.271
      32.84      0.998
      32.85       0.83
      32.86      0.913
      32.87      0.967
      32.88      0.725
      32.89      0.361
       32.9      0.029
      32.91     -0.706
      32.92     -1.638
      32.93     -2.929
      32.94     -4.416
      32.95     -5.693
      32.96     -7.119
      32.97     -8.317
      32.98     -9.393
      32.99    -10.324
         33    -10.503
      33.01    -10.678
      33.02    -10.491
      33.03    -10.057
      33.04      -9.61
      33.05     -9.043
      33.06     -8.393
      33.07     -7.988
      33.08     -7.721
      33.09     -7.669
       33.1     -7.877
      33.11     -7.784
      33.12     -7.986
      33.13     -8.313
      33.14     -8.415
      33.15     -8.298
      33.16     -8.071
      33.17     -7.428
      33.18      -7.04
      33.19     -6.472
       33.2     -5.734
      33.21     -5.152
      33.22     -4.583
      33.23     -4.565
      33.24     -4.874
      33.25      -5.17
      33.26     -5.556
      33.27      -6.37
      33.28     -7.349
      33.29     -8.224
       33.3     -8.792
      33.31     -9.058
      33.32     -9.117
      33.33     -9.195
      33.34     -9.001
      33.35      -8.02
      33.36     -7.165
      33.37     -6.486
      33.38     -6.059
      33.39     -5.438
       33.4     -4.818
      33.41     -4.549
      33.42     -4.936
      33.43     -5.112
      33.44     -5.289
      33.45     -5.346
      33.46     -5.705
      33.47     -5.853
      33.48     -5.627
      33.49     -5.318
       33.5     -4.816
      33.51     -4.166
      33.52     -3.542
      33.53     -2.934
      33.54     -2.184
      33.55     -1.725
      33.56     -1.439
      33.57     -1.318
      33.58     -1.189
      33.59     -1.493
       33.6      -1.67
      33.61      -1.88
      33.62     -2.109
      33.63     -2.239
      33.64     -2.348
      33.65      -2.28
      33.66     -1.892
      33.67       -1.6
      33.68     -1.314
      33.69     -0.903
       33.7     -0.435
      33.71     -0.018
      33.72      0.201
      33.73      0.257
      33.74      0.382
      33.75      0.517
      33.76      0.361
      33.77      0.343
      33.78      0.351
      33.79      0.356
       33.8      0.551
      33.81      0.766
      33.82      1.091
      33.83      1.538
      33.84       1.87
      33.85      2.324
      33.86      2.812
      33.87       3.18
      33.88       3.27
      33.89      3.471
       33.9      3.483
      33.91      3.377
      33.92      3.247
      33.93      2.743
      33.94      2.487
      33.95      2.126
      33.96       1.51
      33.97      1.163
      33.98      0.632
      33.99     -0.013
         34     -0.444
      34.01     -0.993
      34.02     -1.681
      34.03     -2.182
      34.04     -2.793
      34.05     -3.508
      34.06     -4.039
      34.07     -4.468
      34.08     -5.105
      34.09     -5.615
       34.1     -5.992
      34.11     -6.308
      34.12     -6.628
      34.13     -6.928
      34.14     -7.261
      34.15     -7.499
      34.16     -7.649
      34.17     -7.975
      34.18     -8.177
      34.19     -8.508
       34.2      -8.72
      34.21      -8.69
      34.22     -8.814
      34.23     -9.014
      34.24     -8.745
      34.25     -8.478
      34.26      -8.27
      34.27     -7.946
      34.28     -7.463
      34.29     -7.003
       34.3     -6.616
      34.31     -6.301
      34.32     -5.906
      34.33     -5.568
      34.34      -5.48
      34.35     -5.368
      34.36     -5.168
      34.37     -5.109
      34.38     -4.988
      34.39     -4.711
       34.4     -4.583
      34.41     -4.344
      34.42     -3.636
      34.43     -3.192
      34.44     -2.655
      34.45      -2.06
      34.46     -1.254
      34.47     -0.586
      34.48       0.12
      34.49      0.655
       34.5      1.142
      34.51      1.607
      34.52      2.128
      34.53      2.434
      34.54       2.54
      34.55      2.839
      34.56       2.97
      34.57      3.206
      34.58      3.537
      34.59      3.525
       34.6      3.567
      34.61      3.832
      34.62      4.144
      34.63      4.182
      34.64       4.14
      34.65      4.036
      34.66      4.144
      34.67      4.248
      34.68       4.09
      34.69      3.733
       34.7      3.395
      34.71      3.604
      34.72       3.44
      34.73      3.076
      34.74       2.67
      34.75      2.538
      34.76      2.507
      34.77       2.45
      34.78      1.943
      34.79       1.56
       34.8      1.693
      34.81      1.604
      34.82      1.457
      34.83      1.277
      34.84      1.273
      34.85      1.392
      34.86       1.72
      34.87      1.967
      34.88      1.879
      34.89      2.253
       34.9      2.669
      34.91      2.918
      34.92      2.998
      34.93      3.099
      34.94      3.144
      34.95      3.259
      34.96      3.205
      34.97      3.115
      34.98       3.09
      34.99      3.121
         35      3.192
      35.01      3.485
      35.02       3.73
      35.03      4.094
      35.04      4.534
      35.05      5.035
      35.06      5.448
      35.07       5.82
      35.08       6.19
      35.09       6.12
       35.1      5.951
      35.11      5.876
      35.12      5.416
      35.13      4.732
      35.14      4.013
      35.15      3.277
      35.16      2.705
      35.17          2
      35.18      1.476
      35.19      1.002
       35.2      0.714
      35.21      0.737
      35.22      0.636
      35.23      0.591
      35.24      0.581
      35.25      0.499
      35.26      0.488
      35.27       0.23
      35.28     -0.275
      35.29     -0.722
       35.3     -1.361
      35.31     -2.058
      35.32      -2.62
      35.33     -3.369
      35.34     -4.005
      35.35     -4.554
      35.36     -4.752
      35.37     -4.889
      35.38     -5.175
      35.39     -5.118
       35.4     -5.058
      35.41     -4.855
      35.42     -4.737
      35.43     -4.752
      35.44     -4.906
      35.45     -4.875
      35.46     -5.019
      35.47     -5.302
      35.48     -5.696
      35.49     -5.914
       35.5     -6.331
      35.51     -6.468
      35.52     -6.649
      35.53     -6.857
      35.54     -6.924
      35.55     -6.888
      35.56     -6.772
      35.57     -6.645
      35.58     -6.534
      35.59     -6.488
       35.6     -6.351
      35.61     -6.135
      35.62     -6.102
      35.63     -6.025
      35.64     -5.995
      35.65     -5.894
      35.66     -5.724
      35.67     -5.503
      35.68     -5.405
      35.69      -5.18
       35.7     -4.783
      35.71     -4.512
      35.72     -4.138
      35.73     -3.669
      35.74     -3.433
      35.75     -3.129
      35.76     -2.729
      35.77     -2.435
      35.78     -2.291
      35.79      -2.23
       35.8     -2.234
      35.81     -2.181
      35.82     -2.232
      35.83     -2.381
      35.84     -2.712
      35.85     -2.942
      35.86     -3.045
      35.87     -3.163
      35.88     -3.445
      35.89     -3.656
       35.9     -3.741
      35.91     -3.586
      35.92     -3.609
      35.93     -3.623
      35.94      -3.53
      35.95     -3.553
      35.96     -3.341
      35.97     -3.231
      35.98     -3.336
      35.99     -3.528
         36     -3.522
      36.01     -3.563
      36.02     -3.689
      36.03     -3.951
      36.04     -4.112
      36.05     -4.146
      36.06     -4.095
      36.07     -4.087
      36.08     -3.913
      36.09     -3.827
       36.1     -3.616
      36.11     -3.182
      36.12     -2.722
      36.13     -2.593
      36.14     -2.361
      36.15     -2.097
      36.16     -1.747
      36.17     -1.611
      36.18     -1.688
      36.19     -1.749
       36.2     -1.745
      36.21     -1.626
      36.22     -1.564
      36.23     -1.671
      36.24      -1.77
      36.25     -1.313
      36.26     -0.838
      36.27     -0.634
      36.28     -0.305
      36.29      0.244
       36.3      0.861
      36.31      1.443
      36.32        1.8
      36.33      2.192
      36.34      2.456
      36.35      2.749
      36.36      3.049
      36.37      3.063
      36.38      2.954
      36.39       2.91
       36.4       3.11
      36.41      3.185
      36.42      3.041
      36.43      3.086
      36.44      3.238
      36.45      3.542
      36.46      3.704
      36.47      3.722
      36.48      3.853
      36.49      4.098
       36.5      4.122
      36.51      4.055
      36.52      4.015
      36.53      3.803
      36.54      3.667
      36.55      3.524
      36.56      3.339
      36.57      3.147
      36.58      3.082
      36.59      2.995
       36.6       3.09
      36.61      3.243
      36.62      3.274
      36.63      3.385
      36.64       3.56
      36.65       3.75
      36.66      3.779
      36.67      3.723
      36.68      3.615
      36.69      3.627
       36.7      3.464
      36.71      3.211
      36.72      3.083
      36.73      2.848
      36.74      2.788
      36.75      2.708
      36.76      2.638
      36.77      2.519
      36.78      2.501
      36.79      2.624
       36.8      2.537
      36.81      2.407
      36.82      2.299
      36.83      2.264
      36.84       2.18
      36.85      1.989
      36.86      1.801
      36.87      1.767
      36.88      1.862
      36.89      1.946
       36.9      2.045
      36.91      2.257
      36.92      2.759
      36.93      3.224
      36.94      3.655
      36.95      4.148
      36.96      4.566
      36.97      5.108
      36.98       5.54
      36.99       5.67
         37      5.736
      37.01       5.92
      37.02      5.871
      37.03       5.78
      37.04      5.563
      37.05      5.425
      37.06      5.493
      37.07      5.439
      37.08      5.482
      37.09      5.727
       37.1      6.024
      37.11      6.301
      37.12      6.692
      37.13      7.026
      37.14        7.3
      37.15      7.503
      37.16      7.477
      37.17      7.367
      37.18      7.317
      37.19      6.969
       37.2       6.49
      37.21      6.147
      37.22       5.84
      37.23      5.533
      37.24      5.434
      37.25      5.249
      37.26      5.221
      37.27      5.506
      37.28      5.855
      37.29      5.976
       37.3      6.118
      37.31      6.481
      37.32      6.688
      37.33      6.752
      37.34      6.689
      37.35      6.595
      37.36      6.425
      37.37      6.375
      37.38      6.259
      37.39      6.121
       37.4       6.01
      37.41      6.093
      37.42      6.441
      37.43      6.685
      37.44      6.947
      37.45      7.296
      37.46      7.743
      37.47      8.238
      37.48      8.619
      37.49      8.728
       37.5      8.835
      37.51      8.968
      37.52      9.013
      37.53      8.872
      37.54      8.523
      37.55      8.233
      37.56      8.116
      37.57      7.953
      37.58      7.706
      37.59      7.471
       37.6      7.365
      37.61      7.426
      37.62      7.462
      37.63      7.374
      37.64      7.295
      37.65      7.174
      37.66      7.065
      37.67      6.915
      37.68      6.572
      37.69      6.036
       37.7      5.529
      37.71      5.162
      37.72      4.674
      37.73      4.046
      37.74      3.476
      37.75      3.025
      37.76      2.719
      37.77      2.377
      37.78      2.046
      37.79      1.721
       37.8      1.468
      37.81      1.361
      37.82       1.18
      37.83      0.891
      37.84       0.54
      37.85      0.282
      37.86      0.077
      37.87     -0.232
      37.88     -0.669
      37.89     -1.096
       37.9     -1.428
      37.91      -1.72
      37.92     -2.061
      37.93       -2.5
      37.94     -2.889
      37.95     -3.119
      37.96     -3.382
      37.97     -3.655
      37.98     -3.932
      37.99     -4.238
         38      -4.41
      38.01     -4.542
      38.02     -4.791
      38.03     -5.043
      38.04     -5.244
      38.05      -5.45
      38.06     -5.609
      38.07     -5.813
      38.08     -6.045
      38.09     -6.249
       38.1     -6.349
      38.11     -6.438
      38.12     -6.529
      38.13      -6.59
      38.14     -6.559
      38.15     -6.511
      38.16     -6.415
      38.17     -6.285
      38.18      -6.12
      38.19     -6.012
       38.2     -5.829
      38.21     -5.635
      38.22      -5.46
      38.23     -5.244
      38.24     -5.161
      38.25     -4.992
      38.26     -4.812
      38.27     -4.646
      38.28     -4.485
      38.29     -4.441
       38.3     -4.328
      38.31     -4.128
      38.32     -4.024
      38.33     -3.934
      38.34     -3.887
      38.35     -3.806
      38.36     -3.674
      38.37     -3.541
      38.38     -3.526
      38.39     -3.529
       38.4     -3.393
      38.41     -3.307
      38.42     -3.226
      38.43     -3.181
      38.44     -3.172
      38.45     -3.036
      38.46     -2.896
      38.47     -2.803
      38.48     -2.735
      38.49     -2.576
       38.5     -2.405
      38.51     -2.227
      38.52     -2.045
      38.53     -1.828
      38.54     -1.655
      38.55     -1.444
      38.56      -1.16
      38.57      -0.95
      38.58     -0.755
      38.59     -0.554
       38.6     -0.338
      38.61     -0.149
      38.62       0.02
      38.63      0.143
      38.64      0.259
      38.65      0.343
      38.66      0.421
      38.67      0.499
      38.68      0.525
      38.69      0.502
       38.7      0.539
      38.71      0.561
      38.72      0.562
      38.73      0.539
      38.74      0.561
      38.75       0.52
      38.76      0.522
      38.77      0.522
      38.78      0.475
      38.79      0.453
       38.8      0.365
      38.81      0.287
      38.82      0.253
      38.83      0.167
      38.84       0.04
      38.85      -0.13
      38.86      -0.21
      38.87     -0.291
      38.88     -0.426
      38.89     -0.605
       38.9     -0.754
      38.91     -0.826
      38.92     -0.932
      38.93     -1.049
      38.94     -1.197
      38.95      -1.34
      38.96     -1.373
      38.97     -1.424
      38.98     -1.549
      38.99     -1.663
         39     -1.752
      39.01     -1.767
      39.02     -1.809
      39.03     -1.949
      39.04      -2.07
      39.05     -2.143
      39.06       -2.2
      39.07     -2.338
      39.08     -2.484
      39.09     -2.655
       39.1     -2.773
      39.11     -2.897
      39.12     -3.025
      39.13       -3.2
      39.14     -3.321
      39.15     -3.403
      39.16     -3.476
      39.17     -3.507
      39.18     -3.584
      39.19     -3.605
       39.2     -3.585
      39.21     -3.546
      39.22     -3.535
      39.23     -3.511
      39.24      -3.48
      39.25     -3.435
      39.26     -3.373
      39.27     -3.345
      39.28     -3.302
      39.29     -3.225
       39.3      -3.17
      39.31     -3.086
      39.32     -2.969
      39.33     -2.843
      39.34     -2.732
      39.35     -2.589
      39.36     -2.413
      39.37      -2.22
      39.38     -2.052
      39.39     -1.899
       39.4     -1.718
      39.41     -1.523
      39.42     -1.343
      39.43     -1.201
      39.44     -1.048
      39.45     -0.894
      39.46     -0.736
      39.47     -0.584
      39.48     -0.449
      39.49     -0.327
       39.5       -0.2
      39.51     -0.064
      39.52       0.07
      39.53      0.164
      39.54      0.226
      39.55      0.318
      39.56      0.399
      39.57      0.444
      39.58       0.46
      39.59      0.467
       39.6      0.478
      39.61      0.488
      39.62      0.468
      39.63      0.445
      39.64      0.419
      39.65      0.407
      39.66      0.399
      39.67      0.387
      39.68      0.374
      39.69      0.359
       39.7      0.356
      39.71      0.363
      39.72      0.354
      39.73      0.339
      39.74      0.322
      39.75      0.307
      39.76      0.297
      39.77      0.272
      39.78      0.241
      39.79      0.221
       39.8      0.198
      39.81       0.18
      39.82      0.165
      39.83       0.15
      39.84      0.138
      39.85      0.131
      39.86      0.129
      39.87      0.124
      39.88      0.115
      39.89      0.106
       39.9      0.095
      39.91      0.084
      39.92      0.069
      39.93      0.054
      39.94      0.036
      39.95      0.022
      39.96      0.013
      39.97      0.007
      39.98      0.002
      39.99          0
