0.01 -0.0195095
0.02 -0.0195095
0.03 -0.0189433
0.04 -0.0195095
0.05 -0.0195095
0.06 -0.0193207
0.07 -0.0193207
0.08 -0.0187545
0.09 -0.0193207
0.1 -0.0185658
0.11 -0.0185658
0.12 -0.0181883
0.13 -0.0189433
0.14 -0.019132
0.15 -0.0193207
0.16 -0.0183771
0.17 -0.0176221
0.18 -0.0176221
0.19 -0.0176221
0.2 -0.0170559
0.21 -0.0172447
0.22 -0.0179996
0.23 -0.016301
0.24 -0.016301
0.25 -0.0155461
0.26 -0.0161123
0.27 -0.016301
0.28 -0.0166785
0.29 -0.0155461
0.3 -0.0146024
0.31 -0.0140362
0.32 -0.0142249
0.33 -0.0149799
0.34 -0.0130925
0.35 -0.0129038
0.36 -0.0127151
0.37 -0.0127151
0.38 -0.0132813
0.39 -0.0112052
0.4 -0.0117714
0.41 -0.0104503
0.42 -0.0110165
0.43 -0.00988406
0.44 -0.00988406
0.45 -0.00950659
0.46 -0.00969532
0.47 -0.00818545
0.48 -0.00667558
0.49 -0.00761925
0.5 -0.00705305
0.51 -0.00667558
0.52 -0.00667558
0.53 -0.00592065
0.54 -0.00516571
0.55 -0.00497698
0.56 -0.00459951
0.57 -0.00403331
0.58 -0.00403331
0.59 -0.00290091
0.6 -0.00271217
0.61 -0.00271217
0.62 -0.00157977
0.63 -0.00101357
0.64 -0.00101357
0.65 -0.000447369
0.66 0.000307567
0.67 0.0004963
0.68 0.00143997
0.69 0.0016287
0.7 0.000873768
0.71 0.00181744
0.72 0.00276111
0.73 0.00238364
0.74 0.00313857
0.75 0.00313857
0.76 0.00294984
0.77 0.00445971
0.78 0.00483718
0.79 0.00502591
0.8 0.00540338
0.81 0.00540338
0.82 0.00634705
0.83 0.00729072
0.84 0.00766818
0.85 0.00710198
0.86 0.00917805
0.87 0.0106879
0.88 0.00936679
0.89 0.0131415
0.9 0.0123865
0.91 0.0146513
0.92 0.0144626
0.93 0.0138964
0.94 0.0167274
0.95 0.0167274
0.96 0.018426
0.97 0.0182373
0.98 0.0171049
0.99 0.0197471
1 0.0208795
1.01 0.0208795
1.02 0.0206908
1.03 0.021257
1.04 0.0205021
1.05 0.0197471
1.06 0.0225781
1.07 0.0235218
1.08 0.0225781
1.09 0.0227669
1.1 0.0233331
1.11 0.024088
1.12 0.0238993
1.13 0.0237106
1.14 0.0233331
1.15 0.0235218
1.16 0.024088
1.17 0.0237106
1.18 0.0238993
1.19 0.0242768
1.2 0.024088
1.21 0.0237106
1.22 0.024088
1.23 0.0235218
1.24 0.0233331
1.25 0.0238993
1.26 0.0229556
1.27 0.0225781
1.28 0.0216345
1.29 0.0214457
1.3 0.0206908
1.31 0.0206908
1.32 0.0201246
1.33 0.0189922
1.34 0.0182373
1.35 0.0180485
1.36 0.0172936
1.37 0.0169161
1.38 0.0150288
1.39 0.015595
1.4 0.0146513
1.41 0.0135189
1.42 0.0133302
1.43 0.00974425
1.44 0.00936679
1.45 0.00955552
1.46 0.00710198
1.47 0.00710198
1.48 0.00653578
1.49 0.00672451
1.5 0.00634705
1.51 0.00445971
1.52 0.00521464
1.53 0.00502591
1.54 0.00427098
1.55 0.00408224
1.56 0.00445971
1.57 0.00408224
1.58 0.00389351
1.59 0.00389351
1.6 0.00332731
1.61 0.00294984
1.62 0.00276111
1.63 0.00238364
1.64 0.00143997
1.65 0.000873768
1.66 0.0010625
1.67 0.00125124
1.68 0.00125124
1.69 0.000873768
1.7 0.00181744
1.71 0.000685034
1.72 -6.9901e-05
1.73 0.000307567
1.74 0.0004963
1.75 0.000307567
1.76 -0.000258635
1.77 -0.00101357
1.78 -0.000824836
1.79 -0.0012023
1.8 -0.00101357
1.81 -0.00157977
1.82 -0.0012023
1.83 -0.00139104
1.84 -0.00195724
1.85 -0.00195724
1.86 -0.00290091
1.87 -0.00233471
1.88 -0.00271217
1.89 -0.00271217
1.9 -0.00290091
1.91 -0.00327837
1.92 -0.00308964
1.93 -0.00290091
1.94 -0.00308964
1.95 -0.00384458
1.96 -0.00308964
1.97 -0.00422204
1.98 -0.00422204
1.99 -0.00441078
2 -0.00459951
2.01 -0.00459951
2.02 -0.00516571
2.03 -0.00441078
2.04 -0.00554318
2.05 -0.00610938
2.06 -0.00610938
2.07 -0.00686432
2.08 -0.00705305
2.09 -0.00648685
2.1 -0.00686432
2.11 -0.00761925
2.12 -0.00837419
2.13 -0.00818545
2.14 -0.00780798
2.15 -0.00837419
2.16 -0.00856292
2.17 -0.00856292
2.18 -0.00837419
2.19 -0.00875165
2.2 -0.00875165
2.21 -0.00894039
2.22 -0.00950659
2.23 -0.00912912
2.24 -0.00969532
2.25 -0.00988406
2.26 -0.00988406
2.27 -0.0104503
2.28 -0.0108277
2.29 -0.0104503
2.3 -0.0108277
2.31 -0.0110165
2.32 -0.0110165
2.33 -0.0112052
2.34 -0.0112052
2.35 -0.0119601
2.36 -0.0121489
2.37 -0.0132813
2.38 -0.01347
2.39 -0.0127151
2.4 -0.0129038
2.41 -0.0130925
2.42 -0.0138475
2.43 -0.0142249
2.44 -0.0144137
2.45 -0.0140362
2.46 -0.0142249
2.47 -0.0144137
2.48 -0.0138475
2.49 -0.0136587
2.5 -0.0142249
2.51 -0.0140362
2.52 -0.0138475
2.53 -0.01347
2.54 -0.0146024
2.55 -0.0140362
2.56 -0.0142249
2.57 -0.0142249
2.58 -0.0127151
2.59 -0.0132813
2.6 -0.0123376
2.61 -0.0119601
2.62 -0.0125263
2.63 -0.0129038
2.64 -0.0129038
2.65 -0.0108277
2.66 -0.0115827
2.67 -0.0100728
2.68 -0.0108277
2.69 -0.010639
2.7 -0.0112052
2.71 -0.00931786
2.72 -0.00969532
2.73 -0.00856292
2.74 -0.00912912
2.75 -0.00912912
2.76 -0.00837419
2.77 -0.00818545
2.78 -0.00837419
2.79 -0.00780798
2.8 -0.00818545
2.81 -0.00667558
2.82 -0.00667558
2.83 -0.00554318
2.84 -0.00629811
2.85 -0.00535445
2.86 -0.00441078
2.87 -0.00497698
2.88 -0.00365584
2.89 -0.00384458
2.9 -0.00403331
2.91 -0.00252344
2.92 -0.00195724
2.93 -0.00233471
2.94 -0.000824836
2.95 -0.000824836
2.96 -0.00139104
2.97 -0.000447369
2.98 -6.9901e-05
2.99 -0.000636102
3 0.000873768
3.01 0.000873768
3.02 0.00125124
3.03 0.00125124
3.04 0.00125124
3.05 0.00257237
3.06 0.0021949
3.07 0.00313857
3.08 0.00276111
3.09 0.00257237
3.1 0.00313857
3.11 0.00313857
3.12 0.00389351
3.13 0.00332731
3.14 0.00351604
3.15 0.00370477
3.16 0.00445971
3.17 0.00445971
3.18 0.00540338
3.19 0.00521464
3.2 0.00483718
3.21 0.00502591
3.22 0.00483718
3.23 0.00596958
3.24 0.00540338
3.25 0.00540338
3.26 0.00596958
3.27 0.00653578
3.28 0.00615831
3.29 0.00596958
3.3 0.00521464
3.31 0.00672451
3.32 0.00691325
3.33 0.00596958
3.34 0.00747945
3.35 0.00729072
3.36 0.00672451
3.37 0.00747945
3.38 0.00672451
3.39 0.00634705
3.4 0.00842312
3.41 0.00804565
3.42 0.00861185
3.43 0.00842312
3.44 0.00785692
3.45 0.0101217
3.46 0.00936679
3.47 0.00974425
3.48 0.00974425
3.49 0.0103105
3.5 0.00936679
3.51 0.00974425
3.52 0.0103105
3.53 0.00861185
3.54 0.00842312
3.55 0.0112541
3.56 0.0114429
3.57 0.0112541
3.58 0.0108767
3.59 0.0116316
3.6 0.0123865
3.61 0.0129527
3.62 0.0125753
3.63 0.0118203
3.64 0.0129527
3.65 0.0121978
3.66 0.0114429
3.67 0.0131415
3.68 0.0131415
3.69 0.0137077
3.7 0.0133302
3.71 0.0131415
3.72 0.0135189
3.73 0.0135189
3.74 0.0148401
3.75 0.0137077
3.76 0.0146513
3.77 0.0148401
3.78 0.0146513
3.79 0.0146513
3.8 0.0137077
3.81 0.0137077
3.82 0.015595
3.83 0.015595
3.84 0.015595
3.85 0.0163499
3.86 0.0163499
3.87 0.015595
3.88 0.0171049
3.89 0.0165387
3.9 0.0165387
3.91 0.0165387
3.92 0.0171049
3.93 0.0167274
3.94 0.0165387
3.95 0.0172936
3.96 0.0171049
3.97 0.0169161
3.98 0.0169161
3.99 0.0169161
4 0.0169161
4.01 0.0167274
4.02 0.0171049
4.03 0.0163499
4.04 0.0167274
4.05 0.0167274
4.06 0.0171049
4.07 0.0165387
4.08 0.0171049
4.09 0.0159725
4.1 0.0152175
4.11 0.0146513
4.12 0.0138964
4.13 0.0131415
4.14 0.0123865
4.15 0.0121978
4.16 0.00804565
4.17 0.00804565
4.18 0.00634705
4.19 0.00596958
4.2 0.00596958
4.21 0.00653578
4.22 0.00427098
4.23 0.00445971
4.24 0.00408224
4.25 0.00313857
4.26 0.00294984
4.27 0.0021949
4.28 0.00238364
4.29 0.0004963
4.3 0.000873768
4.31 0.000685034
4.32 -0.000447369
4.33 -0.000824836
4.34 -0.00157977
4.35 -0.00157977
4.36 -0.0017685
4.37 -0.00290091
4.38 -0.00327837
4.39 -0.00365584
4.4 -0.00346711
4.41 -0.00365584
4.42 -0.00441078
4.43 -0.00535445
4.44 -0.00516571
4.45 -0.00516571
4.46 -0.00648685
4.47 -0.00648685
4.48 -0.00610938
4.49 -0.00648685
4.5 -0.00629811
4.51 -0.00705305
4.52 -0.00705305
4.53 -0.00780798
4.54 -0.00856292
4.55 -0.00875165
4.56 -0.00875165
4.57 -0.00875165
4.58 -0.00931786
4.59 -0.00950659
4.6 -0.00969532
4.61 -0.00988406
4.62 -0.0102615
4.63 -0.0110165
4.64 -0.0115827
4.65 -0.0115827
4.66 -0.0127151
4.67 -0.0119601
4.68 -0.0123376
4.69 -0.0127151
4.7 -0.0132813
4.71 -0.0144137
4.72 -0.0144137
4.73 -0.0153573
4.74 -0.0151686
4.75 -0.0153573
4.76 -0.0149799
4.77 -0.0157348
4.78 -0.0172447
4.79 -0.0172447
4.8 -0.0181883
4.81 -0.0181883
4.82 -0.0181883
4.83 -0.0181883
4.84 -0.0185658
4.85 -0.0189433
4.86 -0.0200757
4.87 -0.0196982
4.88 -0.0202644
4.89 -0.0215855
4.9 -0.0210193
4.91 -0.0210193
4.92 -0.0217743
4.93 -0.0217743
4.94 -0.0225292
4.95 -0.0225292
4.96 -0.0229067
4.97 -0.0240391
4.98 -0.024794
4.99 -0.0246053
5 -0.025549
5.01 -0.025549
5.02 -0.0257377
5.03 -0.0261152
5.04 -0.0263039
5.05 -0.0263039
5.06 -0.0259264
5.07 -0.0261152
5.08 -0.0268701
5.09 -0.0259264
5.1 -0.0259264
5.11 -0.0266814
5.12 -0.0270588
5.13 -0.0232842
5.14 -0.0225292
5.15 -0.0208306
5.16 -0.0213968
5.17 -0.0213968
5.18 -0.0198869
5.19 -0.0195095
5.2 -0.0185658
5.21 -0.019132
5.22 -0.0179996
5.23 -0.0176221
5.24 -0.0176221
5.25 -0.016301
5.26 -0.0161123
5.27 -0.0161123
5.28 -0.0142249
5.29 -0.0138475
5.3 -0.01347
5.31 -0.0129038
5.32 -0.0121489
5.33 -0.0129038
5.34 -0.0113939
5.35 -0.010639
5.36 -0.010639
5.37 -0.00912912
5.38 -0.00856292
5.39 -0.00818545
5.4 -0.00705305
5.41 -0.00686432
5.42 -0.00724178
5.43 -0.00459951
5.44 -0.00478824
5.45 -0.00478824
5.46 -0.00365584
5.47 -0.00308964
5.48 -0.00290091
5.49 -0.0017685
5.5 -0.0012023
5.51 -0.0012023
5.52 -0.000636102
5.53 0.0004963
5.54 0.0004963
5.55 0.0010625
5.56 0.000685034
5.57 0.00143997
5.58 0.0021949
5.59 0.0016287
5.6 0.00313857
5.61 0.00294984
5.62 0.00257237
5.63 0.00332731
5.64 0.00351604
5.65 0.00389351
5.66 0.00427098
5.67 0.00351604
5.68 0.00483718
5.69 0.00502591
5.7 0.00483718
5.71 0.00540338
5.72 0.00445971
5.73 0.00464844
5.74 0.00427098
5.75 0.00596958
5.76 0.00521464
5.77 0.00578085
5.78 0.00596958
5.79 0.00540338
5.8 0.00540338
5.81 0.00559211
5.82 0.00596958
5.83 0.00521464
5.84 0.00521464
5.85 0.00540338
5.86 0.00540338
5.87 0.00578085
5.88 0.00540338
5.89 0.00502591
5.9 0.00427098
5.91 0.00483718
5.92 0.00521464
5.93 0.00483718
5.94 0.00445971
5.95 0.00427098
5.96 0.00445971
5.97 0.00408224
5.98 0.00370477
5.99 0.00332731
6 0.00313857
6.01 0.00332731
6.02 0.00238364
6.03 0.00257237
6.04 0.0021949
6.05 0.00125124
6.06 0.00125124
6.07 0.00143997
6.08 0.0010625
6.09 0.000685034
6.1 0.000118833
6.11 -0.000447369
6.12 -0.000447369
6.13 -0.000636102
6.14 -0.000447369
6.15 -0.000824836
6.16 -0.00195724
6.17 -0.0012023
6.18 -0.00157977
6.19 -0.00195724
6.2 -0.00233471
6.21 -0.00290091
6.22 -0.00290091
6.23 -0.00252344
6.24 -0.00214597
6.25 -0.00271217
6.26 -0.00290091
6.27 -0.00252344
6.28 -0.00252344
6.29 -0.00271217
6.3 -0.00233471
6.31 -0.00290091
6.32 -0.00290091
6.33 -0.00252344
6.34 -0.00271217
6.35 -0.00308964
6.36 -0.00290091
6.37 -0.00271217
6.38 -0.00308964
6.39 -0.00327837
6.4 -0.00271217
6.41 -0.00252344
6.42 -0.00195724
6.43 -0.00195724
6.44 -0.00139104
6.45 -0.00157977
6.46 -0.00157977
6.47 -0.00139104
6.48 -0.00139104
6.49 -6.9901e-05
6.5 -6.9901e-05
6.51 -0.000824836
6.52 0.000685034
6.53 0.0004963
6.54 0.000873768
6.55 0.00143997
6.56 0.00125124
6.57 0.00143997
6.58 0.00200617
6.59 0.0021949
6.6 0.0021949
6.61 0.00200617
6.62 0.00351604
6.63 0.00313857
6.64 0.00408224
6.65 0.00427098
6.66 0.00408224
6.67 0.00464844
6.68 0.00521464
6.69 0.00521464
6.7 0.00596958
6.71 0.00521464
6.72 0.00596958
6.73 0.00596958
6.74 0.00747945
6.75 0.00729072
6.76 0.00615831
6.77 0.00880059
6.78 0.00936679
6.79 0.0110654
6.8 0.0106879
6.81 0.00993299
6.82 0.0133302
6.83 0.0135189
6.84 0.0146513
6.85 0.0148401
6.86 0.0148401
6.87 0.0133302
6.88 0.0163499
6.89 0.0165387
6.9 0.0163499
6.91 0.0178598
6.92 0.0178598
6.93 0.0176711
6.94 0.0172936
6.95 0.0167274
6.96 0.0159725
6.97 0.0186147
6.98 0.0186147
6.99 0.0180485
7 0.0188035
7.01 0.0191809
7.02 0.0188035
7.03 0.018426
7.04 0.018426
7.05 0.0186147
7.06 0.0176711
7.07 0.0189922
7.08 0.0161612
7.09 0.0167274
7.1 0.0163499
7.11 0.0163499
7.12 0.0171049
7.13 0.0165387
7.14 0.0165387
7.15 0.0163499
7.16 0.015595
7.17 0.0146513
7.18 0.0148401
7.19 0.0142739
7.2 0.0148401
7.21 0.0138964
7.22 0.0138964
7.23 0.0133302
7.24 0.0133302
7.25 0.0131415
7.26 0.0133302
7.27 0.0125753
7.28 0.0129527
7.29 0.0123865
7.3 0.0121978
7.31 0.012764
7.32 0.0116316
7.33 0.0112541
7.34 0.0110654
7.35 0.0118203
7.36 0.0104992
7.37 0.0103105
7.38 0.00974425
7.39 0.00917805
7.4 0.00861185
7.41 0.00842312
7.42 0.00898932
7.43 0.00766818
7.44 0.00766818
7.45 0.00634705
7.46 0.00653578
7.47 0.00634705
7.48 0.00615831
7.49 0.00578085
7.5 0.00521464
7.51 0.00540338
7.52 0.00596958
7.53 0.00578085
7.54 0.00596958
7.55 0.00464844
7.56 0.00445971
7.57 0.00464844
7.58 0.00427098
7.59 0.00445971
7.6 0.00427098
7.61 0.00370477
7.62 0.00389351
7.63 0.00445971
7.64 0.00427098
7.65 0.00332731
7.66 0.00370477
7.67 0.00257237
7.68 0.00238364
7.69 0.00276111
7.7 0.00294984
7.71 0.00313857
7.72 0.00294984
7.73 0.00238364
7.74 0.00181744
7.75 0.00200617
7.76 0.00238364
7.77 0.00200617
7.78 0.0004963
7.79 0.000873768
7.8 -0.000258635
7.81 -0.000636102
7.82 -0.000258635
7.83 -6.9901e-05
7.84 -0.0012023
7.85 -0.00157977
7.86 -0.00195724
7.87 -0.00195724
7.88 -0.00233471
7.89 -0.00252344
7.9 -0.00403331
7.91 -0.00403331
7.92 -0.00516571
7.93 -0.00478824
7.94 -0.00497698
7.95 -0.00610938
7.96 -0.00648685
7.97 -0.00761925
7.98 -0.00686432
7.99 -0.00743052
8 -0.00931786
8.01 -0.00856292
8.02 -0.00912912
8.03 -0.0102615
8.04 -0.00969532
8.05 -0.0100728
8.06 -0.0115827
8.07 -0.0113939
8.08 -0.0119601
8.09 -0.0123376
8.1 -0.0127151
8.11 -0.0129038
8.12 -0.0142249
8.13 -0.0140362
8.14 -0.0149799
8.15 -0.0153573
8.16 -0.0157348
8.17 -0.0157348
8.18 -0.0155461
8.19 -0.0170559
8.2 -0.0178109
8.21 -0.0178109
8.22 -0.0179996
8.23 -0.0178109
8.24 -0.0181883
8.25 -0.0189433
8.26 -0.0200757
8.27 -0.0193207
8.28 -0.0196982
8.29 -0.0208306
8.3 -0.0204531
8.31 -0.0202644
8.32 -0.0208306
8.33 -0.0210193
8.34 -0.0210193
8.35 -0.0217743
8.36 -0.0223405
8.37 -0.0223405
8.38 -0.022718
8.39 -0.0234729
8.4 -0.0229067
8.41 -0.0229067
8.42 -0.0232842
8.43 -0.0229067
8.44 -0.0230954
8.45 -0.0232842
8.46 -0.0229067
8.47 -0.0230954
8.48 -0.0232842
8.49 -0.0234729
8.5 -0.0208306
8.51 -0.0210193
8.52 -0.0196982
8.53 -0.0195095
8.54 -0.0200757
8.55 -0.0181883
8.56 -0.0176221
8.57 -0.0179996
8.58 -0.0161123
8.59 -0.0157348
8.6 -0.0161123
8.61 -0.0144137
8.62 -0.0136587
8.63 -0.0142249
8.64 -0.0123376
8.65 -0.0119601
8.66 -0.0119601
8.67 -0.0104503
8.68 -0.00988406
8.69 -0.0100728
8.7 -0.00894039
8.71 -0.00761925
8.72 -0.00799672
8.73 -0.00554318
8.74 -0.00535445
8.75 -0.00554318
8.76 -0.00535445
8.77 -0.00384458
8.78 -0.00365584
8.79 -0.00214597
8.8 -0.00139104
8.81 -0.00233471
8.82 -0.000636102
8.83 -0.000636102
8.84 -6.9901e-05
8.85 0.00143997
8.86 0.00125124
8.87 0.0004963
8.88 0.00200617
8.89 0.00294984
8.9 0.00276111
8.91 0.00427098
8.92 0.00540338
8.93 0.00464844
8.94 0.00578085
8.95 0.00615831
8.96 0.00578085
8.97 0.00785692
8.98 0.00917805
8.99 0.00880059
9 0.0121978
9.01 0.0135189
9.02 0.012764
9.03 0.0159725
9.04 0.0171049
9.05 0.0172936
9.06 0.0203133
9.07 0.0210683
9.08 0.0208795
9.09 0.0233331
9.1 0.0235218
9.11 0.0238993
9.12 0.0235218
9.13 0.0267303
9.14 0.0261641
9.15 0.0282402
9.16 0.0284289
9.17 0.0274852
9.18 0.0301275
9.19 0.02975
9.2 0.0318261
9.21 0.0310712
9.22 0.0301275
9.23 0.0301275
9.24 0.0329585
9.25 0.0323923
9.26 0.033336
9.27 0.0337134
9.28 0.0340909
9.29 0.0342796
9.3 0.0337134
9.31 0.0342796
9.32 0.0340909
9.33 0.0335247
9.34 0.0339022
9.35 0.0342796
9.36 0.0339022
9.37 0.0340909
9.38 0.0346571
9.39 0.0342796
9.4 0.0331472
9.41 0.0323923
9.42 0.0322036
9.43 0.0318261
9.44 0.0306937
9.45 0.02975
9.46 0.0293726
9.47 0.0295613
9.48 0.0282402
9.49 0.0272965
9.5 0.026919
9.51 0.0263528
9.52 0.0261641
9.53 0.0252204
9.54 0.0214457
9.55 0.0222007
9.56 0.0216345
9.57 0.0189922
9.58 0.0189922
9.59 0.0191809
9.6 0.0180485
9.61 0.0176711
9.62 0.0140851
9.63 0.0137077
9.64 0.0125753
9.65 0.0121978
9.66 0.0123865
9.67 0.0110654
9.68 0.0108767
9.69 0.00747945
9.7 0.00710198
9.71 0.00615831
9.72 0.00596958
9.73 0.00559211
9.74 0.00540338
9.75 0.00540338
9.76 0.00445971
9.77 0.00427098
9.78 0.00464844
9.79 0.00445971
9.8 0.00313857
9.81 0.00332731
9.82 0.00257237
9.83 0.00276111
9.84 0.00181744
9.85 0.0021949
9.86 0.00125124
9.87 0.000873768
9.88 0.0016287
9.89 0.0010625
9.9 -0.000258635
9.91 -0.000824836
9.92 -0.0012023
9.93 -0.0012023
9.94 -0.00157977
9.95 -0.00195724
9.96 -0.00271217
9.97 -0.00214597
9.98 -0.00422204
9.99 -0.00384458
10 -0.00422204
10.01 -0.00554318
10.02 -0.00516571
10.03 -0.00686432
10.04 -0.00667558
10.05 -0.00705305
10.06 -0.00780798
10.07 -0.00780798
10.08 -0.00912912
10.09 -0.00894039
10.1 -0.00950659
10.11 -0.0108277
10.12 -0.0108277
10.13 -0.0115827
10.14 -0.0113939
10.15 -0.0121489
10.16 -0.01347
10.17 -0.0136587
10.18 -0.0144137
10.19 -0.0144137
10.2 -0.0146024
10.21 -0.0159235
10.22 -0.0159235
10.23 -0.0166785
10.24 -0.0176221
10.25 -0.0179996
10.26 -0.0187545
10.27 -0.0189433
10.28 -0.0189433
10.29 -0.0195095
10.3 -0.0195095
10.31 -0.021963
10.32 -0.0213968
10.33 -0.0244166
10.34 -0.0246053
10.35 -0.0249828
10.36 -0.0293236
10.37 -0.0293236
10.38 -0.0323434
10.39 -0.0317772
10.4 -0.0325321
10.41 -0.033287
10.42 -0.0376279
10.43 -0.0374392
10.44 -0.0406477
10.45 -0.0406477
10.46 -0.0400815
10.47 -0.0412139
10.48 -0.0415913
10.49 -0.0419688
10.5 -0.0429125
10.51 -0.0442336
10.52 -0.0447998
10.53 -0.045366
10.54 -0.0463097
10.55 -0.0461209
10.56 -0.0468759
10.57 -0.0459322
10.58 -0.0464984
10.59 -0.0463097
10.6 -0.0463097
10.61 -0.0468759
10.62 -0.0464984
10.63 -0.0468759
10.64 -0.0464984
10.65 -0.0461209
10.66 -0.0472533
10.67 -0.0472533
10.68 -0.0417801
10.69 -0.0415913
10.7 -0.0404589
10.71 -0.039704
10.72 -0.0400815
10.73 -0.0353631
10.74 -0.036118
10.75 -0.0325321
10.76 -0.0327208
10.77 -0.0329096
10.78 -0.0285687
10.79 -0.0261152
10.8 -0.0268701
10.81 -0.022718
10.82 -0.0213968
10.83 -0.0217743
10.84 -0.0202644
10.85 -0.0193207
10.86 -0.0198869
10.87 -0.0183771
10.88 -0.0174334
10.89 -0.0174334
10.9 -0.016301
10.91 -0.0155461
10.92 -0.0157348
10.93 -0.0140362
10.94 -0.0138475
10.95 -0.01347
10.96 -0.0125263
10.97 -0.0117714
10.98 -0.0121489
10.99 -0.00988406
11 -0.00931786
11.01 -0.00988406
11.02 -0.00818545
11.03 -0.00818545
11.04 -0.00837419
11.05 -0.00629811
11.06 -0.00592065
11.07 -0.00667558
11.08 -0.00403331
11.09 -0.00365584
11.1 -0.00384458
11.11 -0.00346711
11.12 -0.00233471
11.13 -0.00271217
11.14 -0.0017685
11.15 -0.000824836
11.16 -0.0017685
11.17 0.0004963
11.18 0.00125124
11.19 0.000685034
11.2 0.00181744
11.21 0.00351604
11.22 0.0021949
11.23 0.00389351
11.24 0.00427098
11.25 0.00445971
11.26 0.00559211
11.27 0.00615831
11.28 0.00653578
11.29 0.00823438
11.3 0.0106879
11.31 0.00993299
11.32 0.0140851
11.33 0.0161612
11.34 0.0154063
11.35 0.0205021
11.36 0.0223894
11.37 0.021257
11.38 0.0257866
11.39 0.0284289
11.4 0.0278627
11.41 0.032581
11.42 0.0348458
11.43 0.0337134
11.44 0.0378656
11.45 0.0401304
11.46 0.0393755
11.47 0.0440938
11.48 0.0459811
11.49 0.0444713
11.5 0.0493783
11.51 0.050322
11.52 0.0501333
11.53 0.0542854
11.54 0.0557953
11.55 0.0546629
11.56 0.0584376
11.57 0.05957
11.58 0.05957
11.59 0.0622122
11.6 0.0629672
11.61 0.0629672
11.62 0.0650432
11.63 0.0665531
11.64 0.0665531
11.65 0.0659869
11.66 0.0691954
11.67 0.0688179
11.68 0.0699503
11.69 0.0703278
11.7 0.0695729
11.71 0.0695729
11.72 0.0686292
11.73 0.0712715
11.74 0.0712715
11.75 0.0718377
11.76 0.0722151
11.77 0.0710827
11.78 0.0716489
11.79 0.0712715
11.8 0.0716489
11.81 0.0691954
11.82 0.0686292
11.83 0.0686292
11.84 0.068063
11.85 0.067308
11.86 0.0663644
11.87 0.0656094
11.88 0.0612686
11.89 0.0610798
11.9 0.058815
11.91 0.0582488
11.92 0.0578714
11.93 0.053908
11.94 0.0533418
11.95 0.0525868
11.96 0.0467361
11.97 0.04466
11.98 0.0442825
11.99 0.0405079
12 0.0371106
12.01 0.0372994
12.02 0.0327698
12.03 0.02975
12.04 0.0293726
12.05 0.0246542
12.06 0.0218232
12.07 0.0210683
12.08 0.0154063
12.09 0.0129527
12.1 0.0121978
12.11 0.00672451
12.12 0.00521464
12.13 0.00389351
12.14 0.00294984
12.15 0.00200617
12.16 0.00143997
12.17 0.000118833
12.18 -0.000824836
12.19 -0.00157977
12.2 -0.00346711
12.21 -0.00497698
12.22 -0.00459951
12.23 -0.00743052
12.24 -0.00856292
12.25 -0.00875165
12.26 -0.0113939
12.27 -0.0123376
12.28 -0.0130925
12.29 -0.0155461
12.3 -0.0161123
12.31 -0.0164897
12.32 -0.0195095
12.33 -0.0198869
12.34 -0.0202644
12.35 -0.0259264
12.36 -0.030456
12.37 -0.0346082
12.38 -0.0347969
12.39 -0.0432899
12.4 -0.048197
12.41 -0.0487632
12.42 -0.0570675
12.43 -0.0614084
12.44 -0.062352
12.45 -0.0700901
12.46 -0.0736761
12.47 -0.0746197
12.48 -0.0810367
12.49 -0.0842452
12.5 -0.0848114
12.51 -0.0906621
12.52 -0.0899072
12.53 -0.0953805
12.54 -0.0959467
12.55 -0.0959467
12.56 -0.0963241
12.57 -0.101609
12.58 -0.101986
12.59 -0.101797
12.6 -0.101797
12.61 -0.101797
12.62 -0.10142
12.63 -0.101609
12.64 -0.101797
12.65 -0.102175
12.66 -0.0982115
12.67 -0.0991551
12.68 -0.0989664
12.69 -0.0931156
12.7 -0.0938706
12.71 -0.094248
12.72 -0.0863212
12.73 -0.083679
12.74 -0.0844339
12.75 -0.0780169
12.76 -0.0746197
12.77 -0.0753747
12.78 -0.0678253
12.79 -0.0636732
12.8 -0.0640506
12.81 -0.0568788
12.82 -0.0529154
12.83 -0.0534816
12.84 -0.0449885
12.85 -0.0415913
12.86 -0.0419688
12.87 -0.0334758
12.88 -0.0293236
12.89 -0.0298898
12.9 -0.0225292
12.91 -0.0210193
12.92 -0.0215855
12.93 -0.0187545
12.94 -0.0178109
12.95 -0.0174334
12.96 -0.0155461
12.97 -0.0140362
12.98 -0.0142249
12.99 -0.0117714
13 -0.0108277
13.01 -0.0108277
13.02 -0.00856292
13.03 -0.00743052
13.04 -0.00780798
13.05 -0.00554318
13.06 -0.00403331
13.07 -0.00441078
13.08 -0.00195724
13.09 -0.00101357
13.1 -0.0017685
13.11 0.000685034
13.12 0.00143997
13.13 0.00125124
13.14 0.00276111
13.15 0.00408224
13.16 0.00294984
13.17 0.00540338
13.18 0.00596958
13.19 0.00559211
13.2 0.00861185
13.21 0.0118203
13.22 0.0108767
13.23 0.0159725
13.24 0.0169161
13.25 0.0171049
13.26 0.0208795
13.27 0.0222007
13.28 0.0225781
13.29 0.0261641
13.3 0.027674
13.31 0.0271078
13.32 0.0314486
13.33 0.0322036
13.34 0.0316374
13.35 0.0346571
13.36 0.0371106
13.37 0.0359782
13.38 0.0395642
13.39 0.0395642
13.4 0.0391867
13.41 0.0425839
13.42 0.0435276
13.43 0.0429614
13.44 0.0456037
13.45 0.0452262
13.46 0.0473023
13.47 0.0469248
13.48 0.0463586
13.49 0.0493783
13.5 0.0497558
13.51 0.0506995
13.52 0.0505107
13.53 0.0501333
13.54 0.0490009
13.55 0.0525868
13.56 0.0527755
13.57 0.0523981
13.58 0.0522093
13.59 0.0533418
13.6 0.0540967
13.61 0.053908
13.62 0.0527755
13.63 0.0535305
13.64 0.0535305
13.65 0.0535305
13.66 0.053153
13.67 0.0540967
13.68 0.0537192
13.69 0.0535305
13.7 0.053153
13.71 0.0516431
13.72 0.0508882
13.73 0.050322
13.74 0.0499445
13.75 0.0497558
13.76 0.0482459
13.77 0.0482459
13.78 0.0473023
13.79 0.0437163
13.8 0.0429614
13.81 0.0412628
13.82 0.0414515
13.83 0.0406966
13.84 0.0401304
13.85 0.0369219
13.86 0.0367332
13.87 0.0339022
13.88 0.0335247
13.89 0.0335247
13.9 0.0295613
13.91 0.0299388
13.92 0.0267303
13.93 0.027674
13.94 0.0263528
13.95 0.0222007
13.96 0.0227669
13.97 0.0218232
13.98 0.0208795
13.99 0.0157837
14 0.0154063
14.01 0.0120091
14.02 0.0118203
14.03 0.0110654
14.04 0.00634705
14.05 0.00615831
14.06 0.00521464
14.07 0.00464844
14.08 0.00370477
14.09 0.00332731
14.1 0.00276111
14.11 0.00143997
14.12 0.0016287
14.13 -6.9901e-05
14.14 -0.000824836
14.15 -0.00101357
14.16 -0.00157977
14.17 -0.00252344
14.18 -0.00233471
14.19 -0.00441078
14.2 -0.00459951
14.21 -0.00478824
14.22 -0.00592065
14.23 -0.00705305
14.24 -0.00705305
14.25 -0.00875165
14.26 -0.00931786
14.27 -0.00969532
14.28 -0.0113939
14.29 -0.0123376
14.3 -0.0121489
14.31 -0.0130925
14.32 -0.0142249
14.33 -0.0146024
14.34 -0.0157348
14.35 -0.0170559
14.36 -0.0170559
14.37 -0.019132
14.38 -0.0193207
14.39 -0.0198869
14.4 -0.0206419
14.41 -0.0204531
14.42 -0.0208306
14.43 -0.0229067
14.44 -0.0232842
14.45 -0.0270588
14.46 -0.0274363
14.47 -0.0317772
14.48 -0.0315884
14.49 -0.0319659
14.5 -0.0378167
14.51 -0.0374392
14.52 -0.0408364
14.53 -0.0412139
14.54 -0.0421575
14.55 -0.0427237
14.56 -0.0427237
14.57 -0.0480083
14.58 -0.0487632
14.59 -0.0485745
14.6 -0.0512167
14.61 -0.051783
14.62 -0.0521604
14.63 -0.0514055
14.64 -0.0512167
14.65 -0.0519717
14.66 -0.0512167
14.67 -0.0512167
14.68 -0.0514055
14.69 -0.051783
14.7 -0.0514055
14.71 -0.0514055
14.72 -0.051783
14.73 -0.0515942
14.74 -0.0521604
14.75 -0.0478195
14.76 -0.0472533
14.77 -0.0446111
14.78 -0.0444223
14.79 -0.045366
14.8 -0.0400815
14.81 -0.0378167
14.82 -0.0378167
14.83 -0.034042
14.84 -0.0317772
14.85 -0.0329096
14.86 -0.0280025
14.87 -0.0263039
14.88 -0.0266814
14.89 -0.0221518
14.9 -0.0212081
14.91 -0.0215855
14.92 -0.0196982
14.93 -0.019132
14.94 -0.0195095
14.95 -0.0178109
14.96 -0.0166785
14.97 -0.0168672
14.98 -0.0147911
14.99 -0.0140362
15 -0.0144137
15.01 -0.0121489
15.02 -0.0115827
15.03 -0.0123376
15.04 -0.00988406
15.05 -0.00912912
15.06 -0.00894039
15.07 -0.00780798
15.08 -0.00629811
15.09 -0.00724178
15.1 -0.00459951
15.11 -0.00384458
15.12 -0.00459951
15.13 -0.00290091
15.14 -0.00195724
15.15 -0.00271217
15.16 -0.000447369
15.17 -0.000258635
15.18 -0.000258635
15.19 0.00200617
15.2 0.00238364
15.21 0.00200617
15.22 0.00351604
15.23 0.00445971
15.24 0.00464844
15.25 0.00578085
15.26 0.00653578
15.27 0.00578085
15.28 0.00842312
15.29 0.0103105
15.3 0.00993299
15.31 0.0135189
15.32 0.015595
15.33 0.0146513
15.34 0.0180485
15.35 0.0206908
15.36 0.0191809
15.37 0.0233331
15.38 0.0246542
15.39 0.0237106
15.4 0.0272965
15.41 0.0293726
15.42 0.0282402
15.43 0.0316374
15.44 0.0320148
15.45 0.0320148
15.46 0.0344684
15.47 0.0352233
15.48 0.0352233
15.49 0.0372994
15.5 0.0372994
15.51 0.0388093
15.52 0.038998
15.53 0.0382431
15.54 0.0416403
15.55 0.0410741
15.56 0.0425839
15.57 0.0422065
15.58 0.0416403
15.59 0.0416403
15.6 0.0405079
15.61 0.0439051
15.62 0.0435276
15.63 0.0439051
15.64 0.0431501
15.65 0.0444713
15.66 0.0433389
15.67 0.0429614
15.68 0.0433389
15.69 0.0435276
15.7 0.0431501
15.71 0.0412628
15.72 0.0406966
15.73 0.0414515
15.74 0.0414515
15.75 0.0401304
15.76 0.0395642
15.77 0.0388093
15.78 0.0382431
15.79 0.0372994
15.8 0.0371106
15.81 0.036167
15.82 0.0350346
15.83 0.0350346
15.84 0.0342796
15.85 0.0303162
15.86 0.0301275
15.87 0.0282402
15.88 0.0280514
15.89 0.0274852
15.9 0.026919
15.91 0.0235218
15.92 0.024088
15.93 0.0214457
15.94 0.0214457
15.95 0.0210683
15.96 0.0172936
15.97 0.0172936
15.98 0.0148401
15.99 0.0150288
16 0.0140851
16.01 0.0110654
16.02 0.0104992
16.03 0.00766818
16.04 0.00785692
16.05 0.00710198
16.06 0.00521464
16.07 0.00502591
16.08 0.00445971
16.09 0.00464844
16.1 0.00464844
16.11 0.00257237
16.12 0.00313857
16.13 0.00181744
16.14 0.00200617
16.15 0.00125124
16.16 -6.9901e-05
16.17 0.000118833
16.18 -0.000447369
16.19 -0.000824836
16.2 -0.000824836
16.21 -0.00139104
16.22 -0.00195724
16.23 -0.00252344
16.24 -0.00290091
16.25 -0.00290091
16.26 -0.00516571
16.27 -0.00516571
16.28 -0.00554318
16.29 -0.00592065
16.3 -0.00535445
16.31 -0.00667558
16.32 -0.00724178
16.33 -0.00856292
16.34 -0.00856292
16.35 -0.00837419
16.36 -0.00988406
16.37 -0.00950659
16.38 -0.0108277
16.39 -0.010639
16.4 -0.0104503
16.41 -0.0123376
16.42 -0.0129038
16.43 -0.0132813
16.44 -0.0136587
16.45 -0.0132813
16.46 -0.0149799
16.47 -0.0151686
16.48 -0.0157348
16.49 -0.0155461
16.5 -0.0155461
16.51 -0.0155461
16.52 -0.0174334
16.53 -0.0172447
16.54 -0.0193207
16.55 -0.0181883
16.56 -0.0181883
16.57 -0.0189433
16.58 -0.019132
16.59 -0.0198869
16.6 -0.0208306
16.61 -0.0215855
16.62 -0.0215855
16.63 -0.0212081
16.64 -0.0213968
16.65 -0.0217743
16.66 -0.0238504
16.67 -0.0240391
16.68 -0.0234729
16.69 -0.0266814
16.7 -0.0268701
16.71 -0.0266814
16.72 -0.0261152
16.73 -0.027625
16.74 -0.0285687
16.75 -0.0285687
16.76 -0.0291349
16.77 -0.0295124
16.78 -0.0306448
16.79 -0.0308335
16.8 -0.030456
16.81 -0.0315884
16.82 -0.0313997
16.83 -0.0310222
16.84 -0.0313997
16.85 -0.0313997
16.86 -0.0310222
16.87 -0.0313997
16.88 -0.0313997
16.89 -0.0313997
16.9 -0.031211
16.91 -0.0308335
16.92 -0.0310222
16.93 -0.0313997
16.94 -0.0310222
16.95 -0.0317772
16.96 -0.0319659
16.97 -0.0323434
16.98 -0.02838
16.99 -0.0278138
17 -0.0278138
17.01 -0.0253602
17.02 -0.0253602
17.03 -0.0257377
17.04 -0.0263039
17.05 -0.021963
17.06 -0.021963
17.07 -0.0215855
17.08 -0.0213968
17.09 -0.0212081
17.1 -0.0198869
17.11 -0.0196982
17.12 -0.0189433
17.13 -0.0195095
17.14 -0.0193207
17.15 -0.0181883
17.16 -0.0181883
17.17 -0.0170559
17.18 -0.0178109
17.19 -0.0161123
17.2 -0.0159235
17.21 -0.0161123
17.22 -0.0146024
17.23 -0.0146024
17.24 -0.0142249
17.25 -0.0132813
17.26 -0.0129038
17.27 -0.01347
17.28 -0.0119601
17.29 -0.0110165
17.3 -0.0115827
17.31 -0.0100728
17.32 -0.00950659
17.33 -0.00950659
17.34 -0.00894039
17.35 -0.00799672
17.36 -0.00799672
17.37 -0.00724178
17.38 -0.00686432
17.39 -0.00610938
17.4 -0.00573191
17.41 -0.00478824
17.42 -0.00573191
17.43 -0.00384458
17.44 -0.00308964
17.45 -0.00384458
17.46 -0.00233471
17.47 -0.00233471
17.48 -0.00252344
17.49 -0.000824836
17.5 -0.000824836
17.51 -0.00101357
17.52 0.0004963
17.53 0.0010625
17.54 0.000685034
17.55 0.00257237
17.56 0.00238364
17.57 0.00294984
17.58 0.00294984
17.59 0.00427098
17.6 0.00427098
17.61 0.00502591
17.62 0.00596958
17.63 0.00483718
17.64 0.00634705
17.65 0.00766818
17.66 0.00710198
17.67 0.0106879
17.68 0.0120091
17.69 0.0110654
17.7 0.0150288
17.71 0.0161612
17.72 0.0159725
17.73 0.0193697
17.74 0.0206908
17.75 0.0203133
17.76 0.0231444
17.77 0.024088
17.78 0.0237106
17.79 0.026919
17.8 0.0288064
17.81 0.027674
17.82 0.0312599
17.83 0.032581
17.84 0.0314486
17.85 0.0340909
17.86 0.036167
17.87 0.0340909
17.88 0.0374881
17.89 0.0380543
17.9 0.0384318
17.91 0.0376768
17.92 0.0406966
17.93 0.0405079
17.94 0.0423952
17.95 0.0422065
17.96 0.0414515
17.97 0.0416403
17.98 0.0439051
17.99 0.0437163
18 0.04466
18.01 0.0437163
18.02 0.0452262
18.03 0.0454149
18.04 0.0454149
18.05 0.0450375
18.06 0.0454149
18.07 0.0452262
18.08 0.04466
18.09 0.0456037
18.1 0.0452262
18.11 0.0450375
18.12 0.0454149
18.13 0.0444713
18.14 0.0439051
18.15 0.0439051
18.16 0.0423952
18.17 0.0414515
18.18 0.0412628
18.19 0.0410741
18.2 0.0397529
18.21 0.0367332
18.22 0.0365444
18.23 0.0346571
18.24 0.0346571
18.25 0.0340909
18.26 0.0329585
18.27 0.0289951
18.28 0.0295613
18.29 0.0265416
18.3 0.0263528
18.31 0.0259754
18.32 0.0223894
18.33 0.0218232
18.34 0.0186147
18.35 0.018426
18.36 0.0165387
18.37 0.0161612
18.38 0.0150288
18.39 0.0148401
18.4 0.00842312
18.41 0.00880059
18.42 0.00653578
18.43 0.00653578
18.44 0.00578085
18.45 0.00445971
18.46 0.00389351
18.47 0.00351604
18.48 0.00181744
18.49 0.0016287
18.5 0.00143997
18.51 0.000873768
18.52 0.000307567
18.53 -0.000636102
18.54 -0.00139104
18.55 -0.00195724
18.56 -0.00214597
18.57 -0.00403331
18.58 -0.00441078
18.59 -0.00459951
18.6 -0.00516571
18.61 -0.00610938
18.62 -0.00629811
18.63 -0.00818545
18.64 -0.00837419
18.65 -0.00837419
18.66 -0.0100728
18.67 -0.0108277
18.68 -0.0110165
18.69 -0.0119601
18.7 -0.0113939
18.71 -0.0121489
18.72 -0.0142249
18.73 -0.0146024
18.74 -0.0153573
18.75 -0.0159235
18.76 -0.0161123
18.77 -0.0176221
18.78 -0.0176221
18.79 -0.0196982
18.8 -0.0187545
18.81 -0.0193207
18.82 -0.019132
18.83 -0.0213968
18.84 -0.0217743
18.85 -0.0240391
18.86 -0.0242278
18.87 -0.0244166
18.88 -0.0295124
18.89 -0.0293236
18.9 -0.0336645
18.91 -0.033287
18.92 -0.0334758
18.93 -0.0383829
18.94 -0.0391378
18.95 -0.0421575
18.96 -0.042535
18.97 -0.042535
18.98 -0.0431012
18.99 -0.0438561
19 -0.0493294
19.01 -0.0491407
19.02 -0.0498956
19.03 -0.0527266
19.04 -0.0525379
19.05 -0.0525379
19.06 -0.0534816
19.07 -0.0534816
19.08 -0.053859
19.09 -0.0542365
19.1 -0.0551802
19.11 -0.0551802
19.12 -0.0544252
19.13 -0.054614
19.14 -0.0549914
19.15 -0.0548027
19.16 -0.054614
19.17 -0.054614
19.18 -0.0544252
19.19 -0.054614
19.2 -0.0549914
19.21 -0.0559351
19.22 -0.0502731
19.23 -0.0512167
19.24 -0.0483857
19.25 -0.0485745
19.26 -0.0489519
19.27 -0.0444223
19.28 -0.0446111
19.29 -0.0398927
19.3 -0.0410251
19.31 -0.0408364
19.32 -0.0349856
19.33 -0.033287
19.34 -0.0334758
19.35 -0.0289462
19.36 -0.0270588
19.37 -0.0274363
19.38 -0.0234729
19.39 -0.0215855
19.4 -0.0221518
19.41 -0.0212081
19.42 -0.0198869
19.43 -0.0202644
19.44 -0.0183771
19.45 -0.0174334
19.46 -0.0178109
19.47 -0.0164897
19.48 -0.0151686
19.49 -0.0149799
19.5 -0.01347
19.51 -0.0129038
19.52 -0.0125263
19.53 -0.0113939
19.54 -0.0104503
19.55 -0.010639
19.56 -0.00931786
19.57 -0.00818545
19.58 -0.00856292
19.59 -0.00592065
19.6 -0.00573191
19.61 -0.00554318
19.62 -0.00478824
19.63 -0.00384458
19.64 -0.00327837
19.65 -0.00214597
19.66 -0.00157977
19.67 -0.00157977
19.68 -6.9901e-05
19.69 0.00181744
19.7 0.00125124
19.71 0.00276111
19.72 0.00294984
19.73 0.00332731
19.74 0.00445971
19.75 0.00559211
19.76 0.00596958
19.77 0.00578085
19.78 0.00898932
19.79 0.0116316
19.8 0.0120091
19.81 0.0165387
19.82 0.0178598
19.83 0.0178598
19.84 0.0229556
19.85 0.0246542
19.86 0.0246542
19.87 0.0288064
19.88 0.030505
19.89 0.0299388
19.9 0.0346571
19.91 0.0363557
19.92 0.035412
19.93 0.038998
19.94 0.0414515
19.95 0.0408853
19.96 0.04466
19.97 0.0465473
19.98 0.0450375
19.99 0.0493783
20 0.0508882
20.01 0.0499445
20.02 0.0535305
20.03 0.0546629
20.04 0.0529643
20.05 0.0561728
20.06 0.0563615
20.07 0.0580601
20.08 0.0582488
20.09 0.0574939
20.1 0.0599474
20.11 0.05957
20.12 0.05957
20.13 0.061646
20.14 0.0608911
20.15 0.0605136
20.16 0.0608911
20.17 0.0610798
20.18 0.0608911
20.19 0.0608911
20.2 0.0610798
20.21 0.0607024
20.22 0.0601362
20.23 0.0591925
20.24 0.0584376
20.25 0.0584376
20.26 0.0576826
20.27 0.0563615
20.28 0.0522093
20.29 0.0527755
20.3 0.0499445
20.31 0.0499445
20.32 0.0491896
20.33 0.0454149
20.34 0.0456037
20.35 0.0423952
20.36 0.0420177
20.37 0.0393755
20.38 0.0384318
20.39 0.0388093
20.4 0.0342796
20.41 0.0335247
20.42 0.0289951
20.43 0.0278627
20.44 0.0278627
20.45 0.0238993
20.46 0.0222007
20.47 0.021257
20.48 0.0178598
20.49 0.0163499
20.5 0.015595
20.51 0.0114429
20.52 0.00880059
20.53 0.00823438
20.54 0.00596958
20.55 0.00502591
20.56 0.00540338
20.57 0.00427098
20.58 0.00332731
20.59 0.00294984
20.6 0.00181744
20.61 0.000685034
20.62 0.0010625
20.63 -0.000258635
20.64 -0.0012023
20.65 -0.000824836
20.66 -0.00327837
20.67 -0.00308964
20.68 -0.00346711
20.69 -0.00441078
20.7 -0.00478824
20.71 -0.00535445
20.72 -0.00667558
20.73 -0.00761925
20.74 -0.00743052
20.75 -0.00875165
20.76 -0.00894039
20.77 -0.00950659
20.78 -0.0108277
20.79 -0.010639
20.8 -0.0102615
20.81 -0.0127151
20.82 -0.0132813
20.83 -0.0151686
20.84 -0.0142249
20.85 -0.0149799
20.86 -0.0144137
20.87 -0.0170559
20.88 -0.0168672
20.89 -0.019132
20.9 -0.0187545
20.91 -0.0187545
20.92 -0.0200757
20.93 -0.0206419
20.94 -0.0212081
20.95 -0.0212081
20.96 -0.0212081
20.97 -0.0230954
20.98 -0.0234729
20.99 -0.0261152
21 -0.0263039
21.01 -0.0270588
21.02 -0.0281912
21.03 -0.0315884
21.04 -0.0319659
21.05 -0.0347969
21.06 -0.0344194
21.07 -0.0349856
21.08 -0.0349856
21.09 -0.0355518
21.1 -0.036873
21.11 -0.0419688
21.12 -0.0421575
21.13 -0.0415913
21.14 -0.0415913
21.15 -0.0449885
21.16 -0.0449885
21.17 -0.0444223
21.18 -0.0444223
21.19 -0.0449885
21.2 -0.0449885
21.21 -0.0442336
21.22 -0.0451773
21.23 -0.0449885
21.24 -0.0447998
21.25 -0.0451773
21.26 -0.0451773
21.27 -0.0440449
21.28 -0.0446111
21.29 -0.0447998
21.3 -0.0446111
21.31 -0.0449885
21.32 -0.0457435
21.33 -0.0461209
21.34 -0.0404589
21.35 -0.0406477
21.36 -0.0378167
21.37 -0.0383829
21.38 -0.0383829
21.39 -0.0347969
21.4 -0.0344194
21.41 -0.0319659
21.42 -0.0315884
21.43 -0.0323434
21.44 -0.027625
21.45 -0.0253602
21.46 -0.0263039
21.47 -0.0223405
21.48 -0.0217743
21.49 -0.021963
21.5 -0.0204531
21.51 -0.0206419
21.52 -0.0202644
21.53 -0.0195095
21.54 -0.0183771
21.55 -0.0189433
21.56 -0.0172447
21.57 -0.0161123
21.58 -0.0166785
21.59 -0.0159235
21.6 -0.0144137
21.61 -0.0149799
21.62 -0.0129038
21.63 -0.0125263
21.64 -0.0123376
21.65 -0.0113939
21.66 -0.0104503
21.67 -0.0112052
21.68 -0.00912912
21.69 -0.00875165
21.7 -0.00875165
21.71 -0.00724178
21.72 -0.00629811
21.73 -0.00686432
21.74 -0.00478824
21.75 -0.00441078
21.76 -0.00459951
21.77 -0.00233471
21.78 -0.00214597
21.79 -0.00308964
21.8 -0.000636102
21.81 -0.000636102
21.82 -0.00101357
21.83 0.0010625
21.84 0.000873768
21.85 0.00143997
21.86 0.0021949
21.87 0.00351604
21.88 0.00276111
21.89 0.00389351
21.9 0.00483718
21.91 0.00464844
21.92 0.00578085
21.93 0.00634705
21.94 0.00596958
21.95 0.0103105
21.96 0.0114429
21.97 0.0114429
21.98 0.0154063
21.99 0.0167274
22 0.0165387
22.01 0.0193697
22.02 0.0214457
22.03 0.0203133
22.04 0.0242768
22.05 0.0261641
22.06 0.0250317
22.07 0.0286176
22.08 0.0301275
22.09 0.0289951
22.1 0.0329585
22.11 0.0340909
22.12 0.0339022
22.13 0.0359782
22.14 0.0372994
22.15 0.0363557
22.16 0.0403191
22.17 0.0408853
22.18 0.0406966
22.19 0.0401304
22.2 0.0427727
22.21 0.0431501
22.22 0.0442825
22.23 0.04466
22.24 0.0439051
22.25 0.0435276
22.26 0.0463586
22.27 0.0465473
22.28 0.0463586
22.29 0.0459811
22.3 0.0473023
22.31 0.0467361
22.32 0.0459811
22.33 0.0461699
22.34 0.0463586
22.35 0.0463586
22.36 0.0461699
22.37 0.0465473
22.38 0.0465473
22.39 0.0459811
22.4 0.0439051
22.41 0.0444713
22.42 0.0440938
22.43 0.0435276
22.44 0.0423952
22.45 0.041829
22.46 0.0408853
22.47 0.0405079
22.48 0.0399417
22.49 0.0363557
22.5 0.0357895
22.51 0.0337134
22.52 0.0335247
22.53 0.0335247
22.54 0.0323923
22.55 0.0291838
22.56 0.0282402
22.57 0.0261641
22.58 0.0259754
22.59 0.0250317
22.6 0.0214457
22.61 0.0220119
22.62 0.0189922
22.63 0.0189922
22.64 0.0182373
22.65 0.0142739
22.66 0.0137077
22.67 0.0114429
22.68 0.0116316
22.69 0.00823438
22.7 0.00785692
22.71 0.00691325
22.72 0.00691325
22.73 0.00483718
22.74 0.00445971
22.75 0.00313857
22.76 0.00313857
22.77 0.00351604
22.78 0.00294984
22.79 0.00181744
22.8 0.0016287
22.81 0.000118833
22.82 -6.9901e-05
22.83 -0.000258635
22.84 -0.000636102
22.85 -0.00157977
22.86 -0.0017685
22.87 -0.00271217
22.88 -0.00271217
22.89 -0.00308964
22.9 -0.00365584
22.91 -0.00573191
22.92 -0.00554318
22.93 -0.00686432
22.94 -0.00648685
22.95 -0.00686432
22.96 -0.00743052
22.97 -0.00912912
22.98 -0.00894039
22.99 -0.0102615
23 -0.0104503
23.01 -0.0102615
23.02 -0.0123376
23.03 -0.0125263
23.04 -0.0132813
23.05 -0.0136587
23.06 -0.01347
23.07 -0.0146024
23.08 -0.0147911
23.09 -0.0161123
23.1 -0.016301
23.11 -0.0161123
23.12 -0.0181883
23.13 -0.0185658
23.14 -0.0189433
23.15 -0.0189433
23.16 -0.019132
23.17 -0.0208306
23.18 -0.0198869
23.19 -0.0213968
23.2 -0.0217743
23.21 -0.021963
23.22 -0.022718
23.23 -0.0257377
23.24 -0.025549
23.25 -0.0293236
23.26 -0.0285687
23.27 -0.0295124
23.28 -0.0295124
23.29 -0.0306448
23.3 -0.0353631
23.31 -0.0355518
23.32 -0.0357406
23.33 -0.0395153
23.34 -0.0387603
23.35 -0.0389491
23.36 -0.0393265
23.37 -0.0406477
23.38 -0.0412139
23.39 -0.0423463
23.4 -0.0427237
23.41 -0.0431012
23.42 -0.0434787
23.43 -0.0442336
23.44 -0.0444223
23.45 -0.0447998
23.46 -0.0457435
23.47 -0.0455547
23.48 -0.0451773
23.49 -0.0455547
23.5 -0.0451773
23.51 -0.0451773
23.52 -0.0451773
23.53 -0.0455547
23.54 -0.0449885
23.55 -0.045366
23.56 -0.0455547
23.57 -0.0461209
23.58 -0.0417801
23.59 -0.0421575
23.6 -0.0393265
23.61 -0.0395153
23.62 -0.0400815
23.63 -0.0359293
23.64 -0.0355518
23.65 -0.0334758
23.66 -0.0323434
23.67 -0.033287
23.68 -0.0287574
23.69 -0.0270588
23.7 -0.0280025
23.71 -0.0238504
23.72 -0.022718
23.73 -0.0232842
23.74 -0.0213968
23.75 -0.0206419
23.76 -0.0206419
23.77 -0.0195095
23.78 -0.0187545
23.79 -0.019132
23.8 -0.0176221
23.81 -0.0168672
23.82 -0.0164897
23.83 -0.0151686
23.84 -0.0151686
23.85 -0.0153573
23.86 -0.0132813
23.87 -0.0117714
23.88 -0.0132813
23.89 -0.0113939
23.9 -0.0108277
23.91 -0.0113939
23.92 -0.00931786
23.93 -0.00837419
23.94 -0.00818545
23.95 -0.00705305
23.96 -0.00667558
23.97 -0.00667558
23.98 -0.00459951
23.99 -0.00422204
24 -0.00422204
24.01 -0.00308964
24.02 -0.00139104
24.03 -0.00271217
24.04 -0.000636102
24.05 0.0004963
24.06 -0.000824836
24.07 0.0010625
24.08 0.0010625
24.09 0.00125124
24.1 0.00313857
24.11 0.00332731
24.12 0.00427098
24.13 0.00483718
24.14 0.00540338
24.15 0.00502591
24.16 0.00691325
24.17 0.00823438
24.18 0.00785692
24.19 0.0120091
24.2 0.0135189
24.21 0.012764
24.22 0.0174823
24.23 0.0188035
24.24 0.0180485
24.25 0.0225781
24.26 0.024088
24.27 0.0238993
24.28 0.0272965
24.29 0.0293726
24.3 0.0282402
24.31 0.0314486
24.32 0.0337134
24.33 0.0323923
24.34 0.0357895
24.35 0.0374881
24.36 0.0369219
24.37 0.0401304
24.38 0.0405079
24.39 0.0405079
24.4 0.0433389
24.41 0.0442825
24.42 0.0433389
24.43 0.0459811
24.44 0.0456037
24.45 0.0480572
24.46 0.0478685
24.47 0.0465473
24.48 0.0493783
24.49 0.0495671
24.5 0.0491896
24.51 0.050322
24.52 0.0510769
24.53 0.050322
24.54 0.050322
24.55 0.0505107
24.56 0.0510769
24.57 0.0505107
24.58 0.0505107
24.59 0.0508882
24.6 0.0506995
24.61 0.050322
24.62 0.0501333
24.63 0.0505107
24.64 0.0501333
24.65 0.0495671
24.66 0.0480572
24.67 0.047491
24.68 0.0473023
24.69 0.0433389
24.7 0.0435276
24.71 0.0414515
24.72 0.0410741
24.73 0.0405079
24.74 0.0405079
24.75 0.0371106
24.76 0.036167
24.77 0.0339022
24.78 0.0337134
24.79 0.033336
24.8 0.02975
24.81 0.0295613
24.82 0.0265416
24.83 0.0267303
24.84 0.0229556
24.85 0.0220119
24.86 0.0218232
24.87 0.0174823
24.88 0.0172936
24.89 0.0137077
24.9 0.0142739
24.91 0.0137077
24.92 0.00917805
24.93 0.00823438
24.94 0.00540338
24.95 0.00559211
24.96 0.00502591
24.97 0.00370477
24.98 0.00276111
24.99 0.00313857
25 0.00257237
25.01 0.00181744
25.02 0.0010625
25.03 -0.000258635
25.04 -0.0012023
25.05 -0.0012023
25.06 -0.0017685
25.07 -0.00233471
25.08 -0.00252344
25.09 -0.00403331
25.1 -0.00441078
25.11 -0.00497698
25.12 -0.00610938
25.13 -0.00648685
25.14 -0.00724178
25.15 -0.00837419
25.16 -0.00950659
25.17 -0.00950659
25.18 -0.0102615
25.19 -0.0115827
25.2 -0.0113939
25.21 -0.0125263
25.22 -0.0138475
25.23 -0.0136587
25.24 -0.0146024
25.25 -0.0155461
25.26 -0.0157348
25.27 -0.0157348
25.28 -0.0179996
25.29 -0.0179996
25.3 -0.0179996
25.31 -0.0196982
25.32 -0.0198869
25.33 -0.0215855
25.34 -0.0208306
25.35 -0.0217743
25.36 -0.021963
25.37 -0.0263039
25.38 -0.0263039
25.39 -0.0293236
25.4 -0.030456
25.41 -0.0308335
25.42 -0.0355518
25.43 -0.0355518
25.44 -0.0391378
25.45 -0.0391378
25.46 -0.0402702
25.47 -0.0406477
25.48 -0.0455547
25.49 -0.0455547
25.5 -0.0485745
25.51 -0.0487632
25.52 -0.0487632
25.53 -0.0493294
25.54 -0.0500843
25.55 -0.051028
25.56 -0.0514055
25.57 -0.0523492
25.58 -0.0532928
25.59 -0.0542365
25.6 -0.0540478
25.61 -0.0540478
25.62 -0.0548027
25.63 -0.0542365
25.64 -0.0536703
25.65 -0.054614
25.66 -0.0544252
25.67 -0.0542365
25.68 -0.0536703
25.69 -0.0548027
25.7 -0.054614
25.71 -0.0506505
25.72 -0.0500843
25.73 -0.048197
25.74 -0.0480083
25.75 -0.048197
25.76 -0.0434787
25.77 -0.0440449
25.78 -0.0400815
25.79 -0.0404589
25.8 -0.0359293
25.81 -0.034042
25.82 -0.0344194
25.83 -0.030456
25.84 -0.0281912
25.85 -0.0287574
25.86 -0.0240391
25.87 -0.0225292
25.88 -0.0229067
25.89 -0.0206419
25.9 -0.0196982
25.91 -0.0202644
25.92 -0.0185658
25.93 -0.0176221
25.94 -0.0179996
25.95 -0.016301
25.96 -0.0161123
25.97 -0.0157348
25.98 -0.01347
25.99 -0.0132813
26 -0.0136587
26.01 -0.0112052
26.02 -0.0108277
26.03 -0.0110165
26.04 -0.00988406
26.05 -0.00875165
26.06 -0.00837419
26.07 -0.00667558
26.08 -0.00667558
26.09 -0.00648685
26.1 -0.00459951
26.11 -0.00384458
26.12 -0.00327837
26.13 -0.00290091
26.14 -0.00157977
26.15 -0.0017685
26.16 -0.000636102
26.17 0.000685034
26.18 0.000307567
26.19 0.00200617
26.2 0.00238364
26.21 0.00257237
26.22 0.00408224
26.23 0.00502591
26.24 0.00427098
26.25 0.00596958
26.26 0.00615831
26.27 0.00653578
26.28 0.0101217
26.29 0.0123865
26.3 0.0112541
26.31 0.0157837
26.32 0.0171049
26.33 0.0171049
26.34 0.0206908
26.35 0.0229556
26.36 0.0231444
26.37 0.0267303
26.38 0.0288064
26.39 0.0278627
26.4 0.0320148
26.41 0.0342796
26.42 0.0327698
26.43 0.0359782
26.44 0.0384318
26.45 0.0372994
26.46 0.0408853
26.47 0.0422065
26.48 0.0422065
26.49 0.0452262
26.5 0.0459811
26.51 0.0448487
26.52 0.0480572
26.53 0.0490009
26.54 0.0490009
26.55 0.0491896
26.56 0.0518319
26.57 0.0520206
26.58 0.053153
26.59 0.053153
26.6 0.0525868
26.61 0.0518319
26.62 0.0544742
26.63 0.0554178
26.64 0.0554178
26.65 0.0550404
26.66 0.0546629
26.67 0.0554178
26.68 0.0552291
26.69 0.0548516
26.7 0.0550404
26.71 0.0554178
26.72 0.0548516
26.73 0.0546629
26.74 0.0525868
26.75 0.0520206
26.76 0.0529643
26.77 0.0529643
26.78 0.0514544
26.79 0.0514544
26.8 0.0505107
26.81 0.0459811
26.82 0.0469248
26.83 0.04466
26.84 0.0442825
26.85 0.0433389
26.86 0.0429614
26.87 0.0391867
26.88 0.0384318
26.89 0.0363557
26.9 0.0365444
26.91 0.0356008
26.92 0.0312599
26.93 0.0320148
26.94 0.0308824
26.95 0.0299388
26.96 0.0250317
26.97 0.0246542
26.98 0.0214457
26.99 0.0218232
27 0.0210683
27.01 0.0157837
27.02 0.0161612
27.03 0.0123865
27.04 0.0106879
27.05 0.00936679
27.06 0.00710198
27.07 0.00559211
27.08 0.00596958
27.09 0.00502591
27.1 0.00370477
27.11 0.00351604
27.12 0.00238364
27.13 0.00200617
27.14 0.00125124
27.15 0.0010625
27.16 -0.000258635
27.17 -6.9901e-05
27.18 -0.00157977
27.19 -0.00252344
27.2 -0.00214597
27.21 -0.00327837
27.22 -0.00422204
27.23 -0.00441078
27.24 -0.00535445
27.25 -0.00610938
27.26 -0.00554318
27.27 -0.00818545
27.28 -0.00856292
27.29 -0.00912912
27.3 -0.00969532
27.31 -0.0102615
27.32 -0.0104503
27.33 -0.0123376
27.34 -0.0129038
27.35 -0.0130925
27.36 -0.0144137
27.37 -0.0146024
27.38 -0.0155461
27.39 -0.0155461
27.4 -0.0161123
27.41 -0.0168672
27.42 -0.0185658
27.43 -0.0185658
27.44 -0.0198869
27.45 -0.0196982
27.46 -0.0196982
27.47 -0.0200757
27.48 -0.0236616
27.49 -0.0229067
27.5 -0.0268701
27.51 -0.0270588
27.52 -0.0272476
27.53 -0.0330983
27.54 -0.0329096
27.55 -0.0372505
27.56 -0.036873
27.57 -0.0372505
27.58 -0.042535
27.59 -0.0429125
27.6 -0.0459322
27.61 -0.0463097
27.62 -0.0468759
27.63 -0.0474421
27.64 -0.0483857
27.65 -0.0529154
27.66 -0.0540478
27.67 -0.0540478
27.68 -0.0563126
27.69 -0.0561238
27.7 -0.0565013
27.71 -0.0570675
27.72 -0.0563126
27.73 -0.0572562
27.74 -0.0570675
27.75 -0.057445
27.76 -0.0570675
27.77 -0.0570675
27.78 -0.0570675
27.79 -0.057445
27.8 -0.0565013
27.81 -0.0570675
27.82 -0.0576337
27.83 -0.0572562
27.84 -0.0580112
27.85 -0.0583886
27.86 -0.0523492
27.87 -0.0525379
27.88 -0.0495181
27.89 -0.0497069
27.9 -0.0497069
27.91 -0.0449885
27.92 -0.0446111
27.93 -0.0414026
27.94 -0.0417801
27.95 -0.0366843
27.96 -0.0347969
27.97 -0.0355518
27.98 -0.0308335
27.99 -0.0291349
28 -0.0293236
28.01 -0.024794
28.02 -0.021963
28.03 -0.0242278
28.04 -0.0202644
28.05 -0.0204531
28.06 -0.0196982
28.07 -0.0187545
28.08 -0.0179996
28.09 -0.0181883
28.1 -0.016301
28.11 -0.0159235
28.12 -0.0151686
28.13 -0.0136587
28.14 -0.01347
28.15 -0.01347
28.16 -0.0121489
28.17 -0.010639
28.18 -0.0108277
28.19 -0.00894039
28.2 -0.00780798
28.21 -0.00875165
28.22 -0.00686432
28.23 -0.00573191
28.24 -0.00629811
28.25 -0.00441078
28.26 -0.00346711
28.27 -0.00346711
28.28 -0.0017685
28.29 -0.0017685
28.3 -0.00139104
28.31 0.0004963
28.32 0.00125124
28.33 0.000307567
28.34 0.00181744
28.35 0.00294984
28.36 0.00257237
28.37 0.00427098
28.38 0.00483718
28.39 0.00464844
28.4 0.00634705
28.41 0.00747945
28.42 0.00729072
28.43 0.0118203
28.44 0.0129527
28.45 0.0129527
28.46 0.0176711
28.47 0.0201246
28.48 0.0189922
28.49 0.0237106
28.5 0.0255979
28.51 0.0246542
28.52 0.0288064
28.53 0.0310712
28.54 0.030505
28.55 0.0344684
28.56 0.036167
28.57 0.0357895
28.58 0.0395642
28.59 0.0406966
28.6 0.0403191
28.61 0.0440938
28.62 0.0444713
28.63 0.04466
28.64 0.0482459
28.65 0.0488121
28.66 0.0482459
28.67 0.0512657
28.68 0.0516431
28.69 0.0518319
28.7 0.0514544
28.71 0.0546629
28.72 0.0540967
28.73 0.0563615
28.74 0.0563615
28.75 0.0557953
28.76 0.0548516
28.77 0.0578714
28.78 0.0574939
28.79 0.0574939
28.8 0.0582488
28.81 0.0573052
28.82 0.0576826
28.83 0.0574939
28.84 0.0573052
28.85 0.0578714
28.86 0.0576826
28.87 0.0573052
28.88 0.0582488
28.89 0.0548516
28.9 0.0544742
28.91 0.0550404
28.92 0.0537192
28.93 0.0533418
28.94 0.0529643
28.95 0.0520206
28.96 0.0508882
28.97 0.047491
28.98 0.0476797
28.99 0.0454149
29 0.0452262
29.01 0.0440938
29.02 0.0405079
29.03 0.0406966
29.04 0.0371106
29.05 0.0374881
29.06 0.0371106
29.07 0.0318261
29.08 0.032581
29.09 0.0320148
29.1 0.0274852
29.11 0.0272965
29.12 0.0235218
29.13 0.0238993
29.14 0.0231444
29.15 0.0180485
29.16 0.0161612
29.17 0.015595
29.18 0.0120091
29.19 0.0103105
29.2 0.00974425
29.21 0.00634705
29.22 0.00540338
29.23 0.00540338
29.24 0.00464844
29.25 0.00370477
29.26 0.00294984
29.27 0.0021949
29.28 0.00143997
29.29 0.000685034
29.3 0.0004963
29.31 -0.000447369
29.32 -0.000824836
29.33 -0.00195724
29.34 -0.00233471
29.35 -0.00271217
29.36 -0.00403331
29.37 -0.00478824
29.38 -0.00554318
29.39 -0.00592065
29.4 -0.00686432
29.41 -0.00705305
29.42 -0.00837419
29.43 -0.00950659
29.44 -0.00969532
29.45 -0.0115827
29.46 -0.0113939
29.47 -0.0123376
29.48 -0.0130925
29.49 -0.0138475
29.5 -0.0142249
29.51 -0.0161123
29.52 -0.0166785
29.53 -0.0170559
29.54 -0.0179996
29.55 -0.0172447
29.56 -0.0176221
29.57 -0.0198869
29.58 -0.0198869
29.59 -0.0210193
29.6 -0.0210193
29.61 -0.0212081
29.62 -0.0249828
29.63 -0.0253602
29.64 -0.0295124
29.65 -0.0297011
29.66 -0.0338532
29.67 -0.034042
29.68 -0.034042
29.69 -0.0398927
29.7 -0.0404589
29.71 -0.0431012
29.72 -0.0438561
29.73 -0.0440449
29.74 -0.0451773
29.75 -0.0514055
29.76 -0.051028
29.77 -0.0542365
29.78 -0.0542365
29.79 -0.0540478
29.8 -0.0553689
29.81 -0.0555576
29.82 -0.0561238
29.83 -0.0572562
29.84 -0.0580112
29.85 -0.0581999
29.86 -0.0589548
29.87 -0.0597098
29.88 -0.060276
29.89 -0.0600872
29.9 -0.059521
29.91 -0.0600872
29.92 -0.0600872
29.93 -0.0600872
29.94 -0.060276
29.95 -0.0598985
29.96 -0.0604647
29.97 -0.0604647
29.98 -0.0561238
29.99 -0.0563126
30 -0.0534816
30.01 -0.0532928
30.02 -0.053859
30.03 -0.0485745
30.04 -0.0487632
30.05 -0.0446111
30.06 -0.0451773
30.07 -0.0406477
30.08 -0.0383829
30.09 -0.0387603
30.1 -0.0346082
30.11 -0.0319659
30.12 -0.0325321
30.13 -0.0278138
30.14 -0.0257377
30.15 -0.0266814
30.16 -0.0215855
30.17 -0.0208306
30.18 -0.0208306
30.19 -0.0189433
30.2 -0.0183771
30.21 -0.0183771
30.22 -0.0168672
30.23 -0.016301
30.24 -0.0164897
30.25 -0.0147911
30.26 -0.01347
30.27 -0.0138475
30.28 -0.0117714
30.29 -0.0113939
30.3 -0.0113939
30.31 -0.00931786
30.32 -0.00894039
30.33 -0.00894039
30.34 -0.00648685
30.35 -0.00610938
30.36 -0.00648685
30.37 -0.00459951
30.38 -0.00346711
30.39 -0.00365584
30.4 -0.0017685
30.41 -0.000824836
30.42 -0.0012023
30.43 -0.000447369
30.44 0.00143997
30.45 0.000873768
30.46 0.00238364
30.47 0.00276111
30.48 0.00294984
30.49 0.00445971
30.5 0.00596958
30.51 0.00502591
30.52 0.00634705
30.53 0.00880059
30.54 0.0108767
30.55 0.0131415
30.56 0.0129527
30.57 0.0172936
30.58 0.0193697
30.59 0.0193697
30.6 0.0238993
30.61 0.0265416
30.62 0.0252204
30.63 0.030505
30.64 0.0320148
30.65 0.0310712
30.66 0.0357895
30.67 0.0380543
30.68 0.0371106
30.69 0.0412628
30.7 0.0433389
30.71 0.0420177
30.72 0.0459811
30.73 0.0478685
30.74 0.047491
30.75 0.0499445
30.76 0.0520206
30.77 0.0508882
30.78 0.0550404
30.79 0.0554178
30.8 0.0550404
30.81 0.0578714
30.82 0.0586263
30.83 0.0582488
30.84 0.0576826
30.85 0.0603249
30.86 0.0607024
30.87 0.0612686
30.88 0.061646
30.89 0.0618348
30.9 0.061646
30.91 0.0607024
30.92 0.0605136
30.93 0.0597587
30.94 0.0625897
30.95 0.0622122
30.96 0.0622122
30.97 0.0627784
30.98 0.0622122
30.99 0.0601362
31 0.0599474
31.01 0.0593812
31.02 0.0591925
31.03 0.0580601
31.04 0.0580601
31.05 0.0571164
31.06 0.0565502
31.07 0.0518319
31.08 0.0527755
31.09 0.0501333
31.1 0.0495671
31.11 0.0484347
31.12 0.0452262
31.13 0.0450375
31.14 0.0416403
31.15 0.0412628
31.16 0.0380543
31.17 0.0384318
31.18 0.0372994
31.19 0.0323923
31.2 0.0306937
31.21 0.0299388
31.22 0.0267303
31.23 0.0242768
31.24 0.0238993
31.25 0.0205021
31.26 0.018426
31.27 0.0180485
31.28 0.0138964
31.29 0.0123865
31.3 0.0114429
31.31 0.00766818
31.32 0.00653578
31.33 0.00615831
31.34 0.00521464
31.35 0.00351604
31.36 0.00370477
31.37 0.0021949
31.38 0.0016287
31.39 0.00125124
31.4 -6.9901e-05
31.41 -0.000447369
31.42 -0.00157977
31.43 -0.00157977
31.44 -0.00233471
31.45 -0.00327837
31.46 -0.00497698
31.47 -0.00573191
31.48 -0.00592065
31.49 -0.00743052
31.5 -0.00761925
31.51 -0.00780798
31.52 -0.00988406
31.53 -0.0104503
31.54 -0.0108277
31.55 -0.0119601
31.56 -0.0127151
31.57 -0.0130925
31.58 -0.0151686
31.59 -0.0157348
31.6 -0.0155461
31.61 -0.0172447
31.62 -0.0189433
31.63 -0.0179996
31.64 -0.0196982
31.65 -0.0206419
31.66 -0.0204531
31.67 -0.0225292
31.68 -0.0242278
31.69 -0.024794
31.7 -0.0289462
31.71 -0.0287574
31.72 -0.0298898
31.73 -0.036118
31.74 -0.036118
31.75 -0.0408364
31.76 -0.0414026
31.77 -0.0455547
31.78 -0.0461209
31.79 -0.0464984
31.8 -0.0521604
31.81 -0.0519717
31.82 -0.0559351
31.83 -0.0559351
31.84 -0.05669
31.85 -0.0565013
31.86 -0.0580112
31.87 -0.063107
31.88 -0.0629182
31.89 -0.0629182
31.9 -0.0636732
31.91 -0.0670704
31.92 -0.0672591
31.93 -0.0665042
31.94 -0.0668817
31.95 -0.0670704
31.96 -0.0666929
31.97 -0.0666929
31.98 -0.0670704
31.99 -0.0666929
32 -0.0668817
32.01 -0.0668817
32.02 -0.0678253
32.03 -0.0680141
32.04 -0.0617858
32.05 -0.0619746
32.06 -0.0587661
32.07 -0.0587661
32.08 -0.0591436
32.09 -0.053859
32.1 -0.0515942
32.11 -0.0525379
32.12 -0.0470646
32.13 -0.0451773
32.14 -0.0459322
32.15 -0.0410251
32.16 -0.0378167
32.17 -0.0387603
32.18 -0.033287
32.19 -0.0313997
32.2 -0.0317772
32.21 -0.0261152
32.22 -0.0240391
32.23 -0.024794
32.24 -0.0210193
32.25 -0.0202644
32.26 -0.0206419
32.27 -0.0181883
32.28 -0.0178109
32.29 -0.0178109
32.3 -0.0161123
32.31 -0.0153573
32.32 -0.0155461
32.33 -0.0132813
32.34 -0.0127151
32.35 -0.0127151
32.36 -0.010639
32.37 -0.0102615
32.38 -0.0104503
32.39 -0.00837419
32.4 -0.00799672
32.41 -0.00799672
32.42 -0.00629811
32.43 -0.00497698
32.44 -0.00478824
32.45 -0.00308964
32.46 -0.00233471
32.47 -0.00214597
32.48 -0.000824836
32.49 0.000118833
32.5 -0.000636102
32.51 0.000873768
32.52 0.00143997
32.53 0.00143997
32.54 0.00332731
32.55 0.00389351
32.56 0.00389351
32.57 0.00540338
32.58 0.00691325
32.59 0.00634705
32.6 0.00898932
32.61 0.0108767
32.62 0.00993299
32.63 0.0148401
32.64 0.0167274
32.65 0.0169161
32.66 0.0220119
32.67 0.0231444
32.68 0.0227669
32.69 0.0271078
32.7 0.0289951
32.71 0.0280514
32.72 0.033336
32.73 0.0342796
32.74 0.033336
32.75 0.0378656
32.76 0.0391867
32.77 0.038998
32.78 0.0422065
32.79 0.0439051
32.8 0.0433389
32.81 0.0471135
32.82 0.0484347
32.83 0.0473023
32.84 0.050322
32.85 0.0514544
32.86 0.0514544
32.87 0.0542854
32.88 0.0540967
32.89 0.0554178
32.9 0.0563615
32.91 0.0550404
32.92 0.0582488
32.93 0.0571164
32.94 0.0586263
32.95 0.0584376
32.96 0.0590038
32.97 0.0593812
32.98 0.0578714
32.99 0.0565502
33 0.0561728
33.01 0.05957
33.02 0.05957
33.03 0.05957
33.04 0.0593812
33.05 0.0590038
33.06 0.0574939
33.07 0.056739
33.08 0.0569277
33.09 0.0573052
33.1 0.0557953
33.11 0.0554178
33.12 0.0550404
33.13 0.0510769
33.14 0.0512657
33.15 0.0486234
33.16 0.0486234
33.17 0.0478685
33.18 0.0471135
33.19 0.0435276
33.2 0.0433389
33.21 0.0399417
33.22 0.0406966
33.23 0.0397529
33.24 0.0350346
33.25 0.035412
33.26 0.0344684
33.27 0.0303162
33.28 0.0303162
33.29 0.0257866
33.3 0.0246542
33.31 0.0235218
33.32 0.0203133
33.33 0.0180485
33.34 0.0180485
33.35 0.0140851
33.36 0.012764
33.37 0.0118203
33.38 0.00861185
33.39 0.00634705
33.4 0.00653578
33.41 0.00502591
33.42 0.00521464
33.43 0.00370477
33.44 0.0021949
33.45 0.0021949
33.46 0.00143997
33.47 0.000873768
33.48 -0.000258635
33.49 -6.9901e-05
33.5 -0.0017685
33.51 -0.00214597
33.52 -0.00233471
33.53 -0.00403331
33.54 -0.00422204
33.55 -0.00535445
33.56 -0.00573191
33.57 -0.00724178
33.58 -0.00724178
33.59 -0.00894039
33.6 -0.00969532
33.61 -0.00950659
33.62 -0.0115827
33.63 -0.0117714
33.64 -0.0123376
33.65 -0.0136587
33.66 -0.0142249
33.67 -0.0151686
33.68 -0.0164897
33.69 -0.0174334
33.7 -0.0178109
33.71 -0.0185658
33.72 -0.0189433
33.73 -0.019132
33.74 -0.0206419
33.75 -0.0217743
33.76 -0.0215855
33.77 -0.0253602
33.78 -0.0251715
33.79 -0.0263039
33.8 -0.0321546
33.81 -0.0323434
33.82 -0.0364955
33.83 -0.0370617
33.84 -0.0417801
33.85 -0.0419688
33.86 -0.0421575
33.87 -0.0476308
33.88 -0.0474421
33.89 -0.0512167
33.9 -0.0519717
33.91 -0.0525379
33.92 -0.0532928
33.93 -0.0581999
33.94 -0.0583886
33.95 -0.0589548
33.96 -0.062352
33.97 -0.0619746
33.98 -0.0619746
33.99 -0.0619746
34 -0.0629182
34.01 -0.0632957
34.02 -0.0638619
34.03 -0.0632957
34.04 -0.0634844
34.05 -0.0640506
34.06 -0.0638619
34.07 -0.0629182
34.08 -0.0634844
34.09 -0.0636732
34.1 -0.0636732
34.11 -0.0632957
34.12 -0.0642394
34.13 -0.059521
34.14 -0.0598985
34.15 -0.05669
34.16 -0.05669
34.17 -0.057445
34.18 -0.051028
34.19 -0.0495181
34.2 -0.0500843
34.21 -0.0457435
34.22 -0.0432899
34.23 -0.0442336
34.24 -0.0380054
34.25 -0.036118
34.26 -0.0364955
34.27 -0.0319659
34.28 -0.0291349
34.29 -0.0300786
34.3 -0.0249828
34.31 -0.0221518
34.32 -0.0230954
34.33 -0.0208306
34.34 -0.0195095
34.35 -0.0198869
34.36 -0.0181883
34.37 -0.0170559
34.38 -0.0179996
34.39 -0.0155461
34.4 -0.0149799
34.41 -0.0153573
34.42 -0.0132813
34.43 -0.0123376
34.44 -0.0125263
34.45 -0.0112052
34.46 -0.00988406
34.47 -0.0100728
34.48 -0.00818545
34.49 -0.00761925
34.5 -0.00686432
34.51 -0.00592065
34.52 -0.00497698
34.53 -0.00459951
34.54 -0.00271217
34.55 -0.00233471
34.56 -0.00327837
34.57 -0.000447369
34.58 0.000118833
34.59 0.000118833
34.6 0.0010625
34.61 0.00181744
34.62 0.0016287
34.63 0.00294984
34.64 0.00389351
34.65 0.00408224
34.66 0.00540338
34.67 0.00653578
34.68 0.00634705
34.69 0.00880059
34.7 0.0106879
34.71 0.00993299
34.72 0.0150288
34.73 0.0174823
34.74 0.0163499
34.75 0.0208795
34.76 0.0229556
34.77 0.0220119
34.78 0.0271078
34.79 0.0289951
34.8 0.0274852
34.81 0.0318261
34.82 0.0339022
34.83 0.0327698
34.84 0.0378656
34.85 0.0397529
34.86 0.0384318
34.87 0.0429614
34.88 0.0437163
34.89 0.0439051
34.9 0.0469248
34.91 0.0482459
34.92 0.0476797
34.93 0.0510769
34.94 0.0520206
34.95 0.0516431
34.96 0.053908
34.97 0.0542854
34.98 0.055984
34.99 0.0557953
35 0.0554178
35.01 0.0576826
35.02 0.058815
35.03 0.0590038
35.04 0.05957
35.05 0.0591925
35.06 0.0586263
35.07 0.0578714
35.08 0.0610798
35.09 0.0599474
35.1 0.0603249
35.11 0.0607024
35.12 0.0603249
35.13 0.0610798
35.14 0.0605136
35.15 0.0605136
35.16 0.0580601
35.17 0.0584376
35.18 0.0582488
35.19 0.0584376
35.2 0.0578714
35.21 0.0571164
35.22 0.0556066
35.23 0.0522093
35.24 0.0525868
35.25 0.0495671
35.26 0.0497558
35.27 0.0490009
35.28 0.0490009
35.29 0.0444713
35.3 0.0437163
35.31 0.0414515
35.32 0.0408853
35.33 0.0410741
35.34 0.036167
35.35 0.036167
35.36 0.0357895
35.37 0.0308824
35.38 0.0308824
35.39 0.026919
35.4 0.026919
35.41 0.026919
35.42 0.0206908
35.43 0.0189922
35.44 0.0182373
35.45 0.015595
35.46 0.0123865
35.47 0.0125753
35.48 0.00880059
35.49 0.00672451
35.5 0.00596958
35.51 0.00559211
35.52 0.00464844
35.53 0.00464844
35.54 0.00276111
35.55 0.00257237
35.56 0.00143997
35.57 0.000307567
35.58 -0.000447369
35.59 -0.000824836
35.6 -0.0017685
35.61 -0.0017685
35.62 -0.00252344
35.63 -0.00403331
35.64 -0.00497698
35.65 -0.00516571
35.66 -0.00667558
35.67 -0.00686432
35.68 -0.00705305
35.69 -0.00856292
35.7 -0.00969532
35.71 -0.00950659
35.72 -0.0110165
35.73 -0.0121489
35.74 -0.0117714
35.75 -0.0144137
35.76 -0.0147911
35.77 -0.0149799
35.78 -0.0164897
35.79 -0.0178109
35.8 -0.0181883
35.81 -0.0193207
35.82 -0.0193207
35.83 -0.0196982
35.84 -0.0213968
35.85 -0.0223405
35.86 -0.0229067
35.87 -0.0263039
35.88 -0.0293236
35.89 -0.0297011
35.9 -0.0308335
35.91 -0.0364955
35.92 -0.0363068
35.93 -0.0370617
35.94 -0.0376279
35.95 -0.0463097
35.96 -0.0466871
35.97 -0.0504618
35.98 -0.0508393
35.99 -0.0512167
36 -0.0570675
36.01 -0.0565013
36.02 -0.0606534
36.03 -0.0608422
36.04 -0.0597098
36.05 -0.0610309
36.06 -0.0615971
36.07 -0.0625408
36.08 -0.0670704
36.09 -0.0672591
36.1 -0.0668817
36.11 -0.0674479
36.12 -0.0668817
36.13 -0.0670704
36.14 -0.0672591
36.15 -0.0670704
36.16 -0.0670704
36.17 -0.0676366
36.18 -0.0674479
36.19 -0.0672591
36.2 -0.0672591
36.21 -0.0646168
36.22 -0.0638619
36.23 -0.0640506
36.24 -0.0606534
36.25 -0.0600872
36.26 -0.05669
36.27 -0.0568788
36.28 -0.0568788
36.29 -0.051028
36.3 -0.0485745
36.31 -0.0495181
36.32 -0.0438561
36.33 -0.0414026
36.34 -0.0419688
36.35 -0.0363068
36.36 -0.0346082
36.37 -0.0344194
36.38 -0.02838
36.39 -0.0259264
36.4 -0.0270588
36.41 -0.0223405
36.42 -0.0208306
36.43 -0.0215855
36.44 -0.0189433
36.45 -0.0179996
36.46 -0.0183771
36.47 -0.0161123
36.48 -0.0157348
36.49 -0.016301
36.5 -0.0140362
36.51 -0.0125263
36.52 -0.0132813
36.53 -0.0115827
36.54 -0.0104503
36.55 -0.0102615
36.56 -0.00894039
36.57 -0.00743052
36.58 -0.00780798
36.59 -0.00554318
36.6 -0.00535445
36.61 -0.00497698
36.62 -0.00271217
36.63 -0.00290091
36.64 -0.0017685
36.65 -0.0017685
36.66 0.000118833
36.67 0.000685034
36.68 0.000307567
36.69 0.00181744
36.7 0.00313857
36.71 0.00408224
36.72 0.00351604
36.73 0.00521464
36.74 0.00634705
36.75 0.00521464
36.76 0.00842312
36.77 0.0104992
36.78 0.0125753
36.79 0.0120091
36.8 0.0169161
36.81 0.0189922
36.82 0.0176711
36.83 0.0231444
36.84 0.0246542
36.85 0.0242768
36.86 0.0288064
36.87 0.0301275
36.88 0.030505
36.89 0.0348458
36.9 0.0363557
36.91 0.0363557
36.92 0.0405079
36.93 0.0408853
36.94 0.0412628
36.95 0.0452262
36.96 0.047491
36.97 0.0459811
36.98 0.0490009
36.99 0.0508882
37 0.050322
37.01 0.0535305
37.02 0.0554178
37.03 0.0540967
37.04 0.0573052
37.05 0.0584376
37.06 0.0580601
37.07 0.0571164
37.08 0.0599474
37.09 0.0603249
37.1 0.0614573
37.11 0.0612686
37.12 0.061646
37.13 0.0605136
37.14 0.0605136
37.15 0.0625897
37.16 0.0622122
37.17 0.062401
37.18 0.062401
37.19 0.0627784
37.2 0.0622122
37.21 0.0625897
37.22 0.0631559
37.23 0.0601362
37.24 0.0603249
37.25 0.0593812
37.26 0.0591925
37.27 0.0586263
37.28 0.0578714
37.29 0.0569277
37.3 0.0563615
37.31 0.0527755
37.32 0.0520206
37.33 0.0495671
37.34 0.0497558
37.35 0.0490009
37.36 0.0457924
37.37 0.04466
37.38 0.041829
37.39 0.0425839
37.4 0.0384318
37.41 0.0386205
37.42 0.0380543
37.43 0.0331472
37.44 0.0314486
37.45 0.0310712
37.46 0.0280514
37.47 0.0255979
37.48 0.0252204
37.49 0.021257
37.5 0.0191809
37.51 0.0189922
37.52 0.0150288
37.53 0.0129527
37.54 0.0116316
37.55 0.00861185
37.56 0.00691325
37.57 0.00672451
37.58 0.00464844
37.59 0.00389351
37.6 0.00408224
37.61 0.00276111
37.62 0.0016287
37.63 0.00125124
37.64 0.000307567
37.65 -0.000824836
37.66 -0.00101357
37.67 -0.00195724
37.68 -0.00308964
37.69 -0.00308964
37.7 -0.00403331
37.71 -0.00497698
37.72 -0.00516571
37.73 -0.00686432
37.74 -0.00761925
37.75 -0.00837419
37.76 -0.00912912
37.77 -0.0104503
37.78 -0.0100728
37.79 -0.0125263
37.8 -0.0130925
37.81 -0.0132813
37.82 -0.0149799
37.83 -0.0153573
37.84 -0.0161123
37.85 -0.0168672
37.86 -0.0185658
37.87 -0.0183771
37.88 -0.0196982
37.89 -0.0212081
37.9 -0.0208306
37.91 -0.0223405
37.92 -0.024794
37.93 -0.0249828
37.94 -0.0298898
37.95 -0.0297011
37.96 -0.0302673
37.97 -0.0370617
37.98 -0.0364955
37.99 -0.0419688
38 -0.0421575
38.01 -0.0466871
38.02 -0.0470646
38.03 -0.0474421
38.04 -0.0536703
38.05 -0.0531041
38.06 -0.0580112
38.07 -0.0576337
38.08 -0.0587661
38.09 -0.0587661
38.1 -0.0597098
38.11 -0.065183
38.12 -0.0653718
38.13 -0.0644281
38.14 -0.0689577
38.15 -0.0680141
38.16 -0.0680141
38.17 -0.0683915
38.18 -0.0685803
38.19 -0.0685803
38.2 -0.0685803
38.21 -0.0685803
38.22 -0.0682028
38.23 -0.0678253
38.24 -0.0685803
38.25 -0.068769
38.26 -0.0682028
38.27 -0.0695239
38.28 -0.0640506
38.29 -0.0638619
38.3 -0.0610309
38.31 -0.0606534
38.32 -0.0617858
38.33 -0.0555576
38.34 -0.0536703
38.35 -0.0536703
38.36 -0.0491407
38.37 -0.0464984
38.38 -0.0472533
38.39 -0.0417801
38.4 -0.0391378
38.41 -0.0398927
38.42 -0.0338532
38.43 -0.0315884
38.44 -0.0323434
38.45 -0.0266814
38.46 -0.0242278
38.47 -0.0244166
38.48 -0.0212081
38.49 -0.0208306
38.5 -0.0202644
38.51 -0.0183771
38.52 -0.0174334
38.53 -0.0178109
38.54 -0.016301
38.55 -0.0151686
38.56 -0.0147911
38.57 -0.0132813
38.58 -0.0125263
38.59 -0.0123376
38.6 -0.010639
38.61 -0.00950659
38.62 -0.00950659
38.63 -0.00799672
38.64 -0.00724178
38.65 -0.00667558
38.66 -0.00516571
38.67 -0.00403331
38.68 -0.00346711
38.69 -0.00233471
38.7 -0.00195724
38.71 -0.00139104
38.72 -0.000258635
38.73 0.0004963
38.74 0.000307567
38.75 0.0016287
38.76 0.00257237
38.77 0.00313857
38.78 0.00483718
38.79 0.00540338
38.8 0.00464844
38.81 0.00691325
38.82 0.00804565
38.83 0.00974425
38.84 0.00993299
38.85 0.0148401
38.86 0.0165387
38.87 0.0161612
38.88 0.0210683
38.89 0.0233331
38.9 0.0235218
38.91 0.0271078
38.92 0.0299388
38.93 0.0284289
38.94 0.0331472
38.95 0.0352233
38.96 0.035412
38.97 0.0384318
38.98 0.0410741
38.99 0.0399417
39 0.0435276
39.01 0.0457924
39.02 0.0450375
39.03 0.0484347
39.04 0.0501333
39.05 0.0493783
39.06 0.0540967
39.07 0.0544742
39.08 0.0540967
39.09 0.056739
39.1 0.0578714
39.11 0.0571164
39.12 0.0597587
39.13 0.0599474
39.14 0.061646
39.15 0.0612686
39.16 0.0603249
39.17 0.0627784
39.18 0.062401
39.19 0.0633446
39.2 0.0627784
39.21 0.064477
39.22 0.0642883
39.23 0.064477
39.24 0.0642883
39.25 0.0642883
39.26 0.0635334
39.27 0.0639108
39.28 0.0640996
39.29 0.0631559
39.3 0.0627784
39.31 0.0618348
39.32 0.0608911
39.33 0.0599474
39.34 0.05957
39.35 0.0563615
39.36 0.0556066
39.37 0.0546629
39.38 0.053908
39.39 0.0522093
39.4 0.0493783
39.41 0.0490009
39.42 0.0459811
39.43 0.0465473
39.44 0.0456037
39.45 0.0408853
39.46 0.0412628
39.47 0.0403191
39.48 0.035412
39.49 0.035412
39.5 0.0318261
39.51 0.0301275
39.52 0.0295613
39.53 0.0255979
39.54 0.0238993
39.55 0.0229556
39.56 0.0191809
39.57 0.0172936
39.58 0.0165387
39.59 0.0129527
39.6 0.0110654
39.61 0.0103105
39.62 0.00634705
39.63 0.00578085
39.64 0.00540338
39.65 0.00427098
39.66 0.00332731
39.67 0.00313857
39.68 0.00200617
39.69 0.00125124
39.7 0.000873768
39.71 -0.000447369
39.72 -0.0012023
39.73 -0.00139104
39.74 -0.00308964
39.75 -0.00403331
39.76 -0.00422204
39.77 -0.00516571
39.78 -0.00667558
39.79 -0.00648685
39.8 -0.00875165
39.81 -0.00950659
39.82 -0.00969532
39.83 -0.0110165
39.84 -0.0121489
39.85 -0.0125263
39.86 -0.0132813
39.87 -0.0144137
39.88 -0.0140362
39.89 -0.016301
39.9 -0.0170559
39.91 -0.0176221
39.92 -0.0187545
39.93 -0.0193207
39.94 -0.0196982
39.95 -0.0217743
39.96 -0.021963
39.97 -0.022718
39.98 -0.0272476
39.99 -0.0298898
40 -0.0306448
