0.01 -0.00184345
0.02 -0.00118911
0.03 -0.00764091
0.04 -0.00759696
0.05 0.000672299
0.06 0.00988532
0.07 0.0134532
0.08 0.0113002
0.09 0.00808883
0.1 0.00664821
0.11 0.00533196
0.12 0.00167827
0.13 -0.00324564
0.14 -0.00658446
0.15 -0.00666209
0.16 -0.00528096
0.17 -0.00442352
0.18 -0.00420848
0.19 -0.00328463
0.2 -0.000894159
0.21 0.00171118
0.22 0.0029298
0.23 0.00292602
0.24 0.00355027
0.25 0.00519623
0.26 0.00728044
0.27 0.00858824
0.28 0.0087458
0.29 0.0095284
0.3 0.0107987
0.31 0.011928
0.32 0.0119393
0.33 0.0111087
0.34 0.0101246
0.35 0.00987417
0.36 0.00900479
0.37 0.0073024
0.38 0.00521458
0.39 0.00356785
0.4 0.0027004
0.41 0.00218296
0.42 0.00140022
0.43 0.00083879
0.44 0.00123402
0.45 0.00299699
0.46 0.00496988
0.47 0.00639984
0.48 0.00770611
0.49 0.00980636
0.5 0.0124245
0.51 0.0147204
0.52 0.0163676
0.53 0.0177221
0.54 0.0197165
0.55 0.0223417
0.56 0.0246959
0.57 0.0262712
0.58 0.0274312
0.59 0.0290896
0.6 0.0311529
0.61 0.0319994
0.62 0.0312198
0.63 0.0296898
0.64 0.0284845
0.65 0.027672
0.66 0.026343
0.67 0.0244887
0.68 0.0233631
0.69 0.024617
0.7 0.0279964
0.71 0.0323342
0.72 0.036383
0.73 0.041812
0.74 0.0489368
0.75 0.0564349
0.76 0.0623744
0.77 0.0649917
0.78 0.0656923
0.79 0.0654217
0.8 0.0635856
0.81 0.0582336
0.82 0.0490838
0.83 0.0386875
0.84 0.029519
0.85 0.0218338
0.86 0.0133856
0.87 0.00379081
0.88 -0.00386461
0.89 -0.0062486
0.9 -0.00405891
0.91 -0.00103881
0.92 0.00107238
0.93 0.00629174
0.94 0.019148
0.95 0.038085
0.96 0.048478
0.97 0.0531885
0.98 0.0640764
0.99 0.0767394
1 0.0798917
1.01 0.0702563
1.02 0.0549239
1.03 0.0432423
1.04 0.0322768
1.05 0.0123165
1.06 -0.012364
1.07 -0.027822
1.08 -0.0310676
1.09 -0.0341795
1.1 -0.0397325
1.11 -0.039659
1.12 -0.0337157
1.13 -0.028077
1.14 -0.0248134
1.15 -0.0231772
1.16 -0.0239924
1.17 -0.0289344
1.18 -0.0348242
1.19 -0.0417134
1.2 -0.053797
1.21 -0.0727625
1.22 -0.0949789
1.23 -0.114858
1.24 -0.13067
1.25 -0.15074
1.26 -0.174949
1.27 -0.191514
1.28 -0.194254
1.29 -0.192638
1.3 -0.198466
1.31 -0.204432
1.32 -0.195376
1.33 -0.182687
1.34 -0.181698
1.35 -0.183275
1.36 -0.176347
1.37 -0.166175
1.38 -0.158344
1.39 -0.152797
1.4 -0.146912
1.41 -0.140359
1.42 -0.136297
1.43 -0.138744
1.44 -0.14649
1.45 -0.156628
1.46 -0.166526
1.47 -0.177338
1.48 -0.19035
1.49 -0.197434
1.5 -0.193758
1.51 -0.190178
1.52 -0.192216
1.53 -0.188384
1.54 -0.174601
1.55 -0.168932
1.56 -0.18058
1.57 -0.195376
1.58 -0.201146
1.59 -0.20777
1.6 -0.228308
1.61 -0.252677
1.62 -0.260917
1.63 -0.254893
1.64 -0.251517
1.65 -0.255149
1.66 -0.249273
1.67 -0.228578
1.68 -0.209577
1.69 -0.200083
1.7 -0.189687
1.71 -0.172921
1.72 -0.15457
1.73 -0.137507
1.74 -0.119829
1.75 -0.104267
1.76 -0.0905109
1.77 -0.0747575
1.78 -0.0590495
1.79 -0.0502482
1.8 -0.050772
1.81 -0.0506949
1.82 -0.0430383
1.83 -0.036465
1.84 -0.03765
1.85 -0.0387561
1.86 -0.0298583
1.87 -0.0171239
1.88 -0.0108387
1.89 -0.0129277
1.9 -0.0136867
1.91 -0.00757884
1.92 -0.00479987
1.93 -0.00960234
1.94 -0.00692282
1.95 0.0109488
1.96 0.0353095
1.97 0.0592475
1.98 0.0896723
1.99 0.128053
2 0.162635
2.01 0.189037
2.02 0.212982
2.03 0.23044
2.04 0.243687
2.05 0.259301
2.06 0.273924
2.07 0.284719
2.08 0.296665
2.09 0.308658
2.1 0.313168
2.11 0.302988
2.12 0.278393
2.13 0.244455
2.14 0.20519
2.15 0.160358
2.16 0.114096
2.17 0.0778169
2.18 0.0601417
2.19 0.0606624
2.2 0.0754942
2.21 0.101044
2.22 0.134662
2.23 0.174573
2.24 0.218258
2.25 0.257941
2.26 0.28645
2.27 0.308234
2.28 0.335014
2.29 0.360683
2.3 0.370382
2.31 0.367353
2.32 0.364159
2.33 0.362759
2.34 0.354158
2.35 0.333723
2.36 0.310399
2.37 0.297793
2.38 0.292521
2.39 0.283597
2.4 0.272101
2.41 0.263811
2.42 0.260182
2.43 0.258243
2.44 0.2531
2.45 0.241632
2.46 0.230114
2.47 0.223526
2.48 0.219943
2.49 0.212918
2.5 0.198177
2.51 0.179053
2.52 0.160606
2.53 0.138592
2.54 0.105846
2.55 0.0624336
2.56 0.0183945
2.57 -0.0150334
2.58 -0.0345553
2.59 -0.0467326
2.6 -0.0513746
2.61 -0.0335722
2.62 0.0115374
2.63 0.065175
2.64 0.114392
2.65 0.161403
2.66 0.209648
2.67 0.251993
2.68 0.276268
2.69 0.279095
2.7 0.270228
2.71 0.257122
2.72 0.238719
2.73 0.211597
2.74 0.180104
2.75 0.153191
2.76 0.135044
2.77 0.122028
2.78 0.111782
2.79 0.103652
2.8 0.0990991
2.81 0.0988433
2.82 0.100081
2.83 0.0960196
2.84 0.0869787
2.85 0.0781855
2.86 0.0707956
2.87 0.0624353
2.88 0.0510948
2.89 0.0382801
2.9 0.0303228
2.91 0.027679
2.92 0.0239863
2.93 0.0183784
2.94 0.0188695
2.95 0.0254695
2.96 0.0310551
2.97 0.0372627
2.98 0.0479605
2.99 0.0581475
3 0.0641606
3.01 0.0676152
3.02 0.0688554
3.03 0.0629334
3.04 0.0509757
3.05 0.0390266
3.06 0.0270194
3.07 0.0144811
3.08 0.00789488
3.09 0.012192
3.1 0.0239488
3.11 0.040251
3.12 0.0644553
3.13 0.0928332
3.14 0.11348
3.15 0.12287
3.16 0.123711
3.17 0.112082
3.18 0.0825658
3.19 0.0385338
3.2 -0.00763016
3.21 -0.0517224
3.22 -0.0983022
3.23 -0.143824
3.24 -0.173023
3.25 -0.182727
3.26 -0.188769
3.27 -0.197414
3.28 -0.19321
3.29 -0.176684
3.3 -0.169522
3.31 -0.176742
3.32 -0.184423
3.33 -0.187981
3.34 -0.196802
3.35 -0.215138
3.36 -0.232659
3.37 -0.24246
3.38 -0.250124
3.39 -0.261196
3.4 -0.272027
3.41 -0.281072
3.42 -0.288491
3.43 -0.296166
3.44 -0.299363
3.45 -0.294085
3.46 -0.285229
3.47 -0.272937
3.48 -0.252467
3.49 -0.231637
3.5 -0.219405
3.51 -0.217106
3.52 -0.226173
3.53 -0.250039
3.54 -0.2863
3.55 -0.332285
3.56 -0.383477
3.57 -0.431801
3.58 -0.469858
3.59 -0.491408
3.6 -0.491837
3.61 -0.474198
3.62 -0.443761
3.63 -0.400493
3.64 -0.345663
3.65 -0.292562
3.66 -0.257395
3.67 -0.239117
3.68 -0.226218
3.69 -0.220814
3.7 -0.233543
3.71 -0.260186
3.72 -0.281694
3.73 -0.290166
3.74 -0.295089
3.75 -0.299267
3.76 -0.294611
3.77 -0.280596
3.78 -0.263241
3.79 -0.244794
3.8 -0.228727
3.81 -0.222616
3.82 -0.222092
3.83 -0.215648
3.84 -0.204951
3.85 -0.200523
3.86 -0.198425
3.87 -0.182908
3.88 -0.151681
3.89 -0.118471
3.9 -0.0906257
3.91 -0.0649775
3.92 -0.036898
3.93 -0.00958586
3.94 0.00640154
3.95 0.00436313
3.96 -0.00717891
3.97 -0.017287
3.98 -0.0243713
3.99 -0.03394
4 -0.0444578
4.01 -0.0444516
4.02 -0.0261945
4.03 0.00390597
4.04 0.0361719
4.05 0.0676989
4.06 0.102191
4.07 0.138684
4.08 0.169808
4.09 0.191123
4.1 0.204114
4.11 0.212805
4.12 0.221732
4.13 0.229932
4.14 0.235704
4.15 0.240368
4.16 0.245081
4.17 0.253808
4.18 0.271136
4.19 0.292009
4.2 0.311516
4.21 0.336064
4.22 0.373772
4.23 0.415759
4.24 0.449764
4.25 0.475327
4.26 0.493712
4.27 0.500598
4.28 0.49148
4.29 0.464821
4.3 0.42503
4.31 0.380602
4.32 0.337485
4.33 0.29842
4.34 0.268781
4.35 0.250515
4.36 0.242205
4.37 0.243144
4.38 0.250971
4.39 0.259436
4.4 0.26138
4.41 0.251812
4.42 0.231611
4.43 0.203946
4.44 0.169749
4.45 0.127088
4.46 0.0800434
4.47 0.0405445
4.48 0.0209046
4.49 0.0177824
4.5 0.0200075
4.51 0.0291729
4.52 0.0560698
4.53 0.0926806
4.54 0.119279
4.55 0.128585
4.56 0.129961
4.57 0.131471
4.58 0.128787
4.59 0.117663
4.6 0.108976
4.61 0.113854
4.62 0.131597
4.63 0.15516
4.64 0.181733
4.65 0.206221
4.66 0.222354
4.67 0.226248
4.68 0.218697
4.69 0.200162
4.7 0.170797
4.71 0.135045
4.72 0.103519
4.73 0.0829941
4.74 0.0726822
4.75 0.0673378
4.76 0.0633401
4.77 0.0632433
4.78 0.0685978
4.79 0.0729876
4.8 0.0671537
4.81 0.0512294
4.82 0.0359847
4.83 0.0285292
4.84 0.0234919
4.85 0.0113966
4.86 -0.0082362
4.87 -0.0267159
4.88 -0.0376763
4.89 -0.0497021
4.9 -0.0794094
4.91 -0.128182
4.92 -0.169445
4.93 -0.178656
4.94 -0.184187
4.95 -0.21797
4.96 -0.237623
4.97 -0.204021
4.98 -0.162999
4.99 -0.155587
5 -0.156648
5.01 -0.143749
5.02 -0.134667
5.03 -0.149965
5.04 -0.18468
5.05 -0.224618
5.06 -0.258599
5.07 -0.282583
5.08 -0.300505
5.09 -0.317433
5.1 -0.32713
5.11 -0.320432
5.12 -0.303019
5.13 -0.289892
5.14 -0.287
5.15 -0.291445
5.16 -0.299252
5.17 -0.310921
5.18 -0.330076
5.19 -0.356462
5.2 -0.381228
5.21 -0.393967
5.22 -0.391796
5.23 -0.379222
5.24 -0.358913
5.25 -0.330013
5.26 -0.291653
5.27 -0.248284
5.28 -0.207702
5.29 -0.174761
5.3 -0.149297
5.31 -0.129822
5.32 -0.114618
5.33 -0.10419
5.34 -0.0992219
5.35 -0.100786
5.36 -0.106362
5.37 -0.11091
5.38 -0.11337
5.39 -0.118331
5.4 -0.12884
5.41 -0.141461
5.42 -0.147607
5.43 -0.144437
5.44 -0.138524
5.45 -0.135915
5.46 -0.1329
5.47 -0.119221
5.48 -0.0929116
5.49 -0.0665932
5.5 -0.0528766
5.51 -0.0499818
5.52 -0.0376528
5.53 0.0022272
5.54 0.0637984
5.55 0.00332811
5.56 0.0765837
5.57 0.0888971
5.58 0.196312
5.59 0.158476
5.6 0.178904
5.61 0.217997
5.62 0.237117
5.63 0.22119
5.64 0.186247
5.65 0.156797
5.66 0.137086
5.67 0.112728
5.68 0.0778518
5.69 0.0462657
5.7 0.0320148
5.71 0.0331382
5.72 0.0394908
5.73 0.0423349
5.74 0.0431056
5.75 0.0500329
5.76 0.0628797
5.77 0.0697346
5.78 0.0636763
5.79 0.049973
5.8 0.0385078
5.81 0.0275549
5.82 0.00990989
5.83 -0.0142882
5.84 -0.0380411
5.85 -0.0567521
5.86 -0.0697805
5.87 -0.0803406
5.88 -0.0921825
5.89 -0.104678
5.9 -0.115087
5.91 -0.125909
5.92 -0.141579
5.93 -0.164001
5.94 -0.192279
5.95 -0.222389
5.96 -0.249102
5.97 -0.271869
5.98 -0.294055
5.99 -0.315601
6 -0.329253
6.01 -0.330621
6.02 -0.327799
6.03 -0.329099
6.04 -0.328895
6.05 -0.322328
6.06 -0.315414
6.07 -0.315615
6.08 -0.322771
6.09 -0.334187
6.1 -0.349564
6.11 -0.372147
6.12 -0.402589
6.13 -0.439173
6.14 -0.477762
6.15 -0.516624
6.16 -0.553927
6.17 -0.587078
6.18 -0.613734
6.19 -0.632549
6.2 -0.642127
6.21 -0.644104
6.22 -0.639534
6.23 -0.629898
6.24 -0.618309
6.25 -0.608809
6.26 -0.601461
6.27 -0.595258
6.28 -0.591256
6.29 -0.590115
6.3 -0.590467
6.31 -0.588489
6.32 -0.581097
6.33 -0.570305
6.34 -0.559003
6.35 -0.547417
6.36 -0.533743
6.37 -0.519887
6.38 -0.509505
6.39 -0.504894
6.4 -0.504219
6.41 -0.503135
6.42 -0.499911
6.43 -0.496573
6.44 -0.4917
6.45 -0.481005
6.46 -0.462178
6.47 -0.43667
6.48 -0.406222
6.49 -0.370793
6.5 -0.330586
6.51 -0.286568
6.52 -0.239567
6.53 -0.192321
6.54 -0.14707
6.55 -0.104772
6.56 -0.0665273
6.57 -0.0334761
6.58 -0.00450143
6.59 0.0203692
6.6 0.0400974
6.61 0.0581474
6.62 0.0809988
6.63 0.108816
6.64 0.138095
6.65 0.168288
6.66 0.203825
6.67 0.244032
6.68 0.281815
6.69 0.311365
6.7 0.334422
6.71 0.35389
6.72 0.368168
6.73 0.375404
6.74 0.379692
6.75 0.386531
6.76 0.399883
6.77 0.422
6.78 0.45234
6.79 0.48976
6.8 0.533946
6.81 0.582511
6.82 0.631049
6.83 0.674148
6.84 0.709681
6.85 0.737402
6.86 0.758654
6.87 0.773112
6.88 0.78159
6.89 0.78765
6.9 0.794341
6.91 0.800004
6.92 0.803473
6.93 0.807026
6.94 0.814421
6.95 0.822623
6.96 0.829158
6.97 0.839129
6.98 0.85931
6.99 0.886128
7 0.912324
7.01 0.937607
7.02 0.96466
7.03 0.98866
7.04 1.00234
7.05 1.00277
7.06 0.992514
7.07 0.976476
7.08 0.958254
7.09 0.938709
7.1 0.9195
7.11 0.90438
7.12 0.897166
7.13 0.897203
7.14 0.900529
7.15 0.899177
7.16 0.891436
7.17 0.880723
7.18 0.866899
7.19 0.842834
7.2 0.806682
7.21 0.764922
7.22 0.725389
7.23 0.689294
7.24 0.654187
7.25 0.619513
7.26 0.590583
7.27 0.572201
7.28 0.56307
7.29 0.555583
7.3 0.547298
7.31 0.542861
7.32 0.544839
7.33 0.550199
7.34 0.554028
7.35 0.554561
7.36 0.55411
7.37 0.556424
7.38 0.55881
7.39 0.553557
7.4 0.539813
7.41 0.522548
7.42 0.50547
7.43 0.485772
7.44 0.461144
7.45 0.431592
7.46 0.401187
7.47 0.373253
7.48 0.346506
7.49 0.316894
7.5 0.283722
7.51 0.249835
7.52 0.218038
7.53 0.188906
7.54 0.160596
7.55 0.129465
7.56 0.097687
7.57 0.0706476
7.58 0.0507648
7.59 0.0324704
7.6 0.0100444
7.61 -0.0156166
7.62 -0.0383995
7.63 -0.0579775
7.64 -0.081941
7.65 -0.118088
7.66 -0.165926
7.67 -0.215841
7.68 -0.257761
7.69 -0.29589
7.7 -0.343017
7.71 -0.398385
7.72 -0.4357
7.73 -0.428699
7.74 -0.38539
7.75 -0.458815
7.76 -0.399377
7.77 -0.397618
7.78 -0.300462
7.79 -0.353111
7.8 -0.353019
7.81 -0.34091
7.82 -0.349604
7.83 -0.386212
7.84 -0.43577
7.85 -0.479354
7.86 -0.512688
7.87 -0.54535
7.88 -0.585245
7.89 -0.628108
7.9 -0.661979
7.91 -0.686211
7.92 -0.709823
7.93 -0.738709
7.94 -0.768556
7.95 -0.793418
7.96 -0.811333
7.97 -0.827734
7.98 -0.848457
7.99 -0.872452
8 -0.894284
8.01 -0.912181
8.02 -0.930533
8.03 -0.953195
8.04 -0.97642
8.05 -0.994287
8.06 -1.00437
8.07 -1.01084
8.08 -1.01716
8.09 -1.02125
8.1 -1.02021
8.11 -1.01778
8.12 -1.01843
8.13 -1.02267
8.14 -1.02894
8.15 -1.03727
8.16 -1.04847
8.17 -1.06124
8.18 -1.07147
8.19 -1.07876
8.2 -1.08549
8.21 -1.09004
8.22 -1.08776
8.23 -1.07888
8.24 -1.06654
8.25 -1.05435
8.26 -1.04131
8.27 -1.02363
8.28 -1.00069
8.29 -0.978905
8.3 -0.962339
8.31 -0.947706
8.32 -0.929
8.33 -0.906224
8.34 -0.8841
8.35 -0.866258
8.36 -0.848413
8.37 -0.824019
8.38 -0.788231
8.39 -0.74463
8.4 -0.706532
8.41 -0.687749
8.42 -0.684911
8.43 -0.56674
8.44 -0.600355
8.45 -0.599664
8.46 -0.589324
8.47 -0.581263
8.48 -0.570627
8.49 -0.547388
8.5 -0.62586
8.51 -0.537852
8.52 -0.494813
8.53 -0.471082
8.54 -0.437123
8.55 -0.381378
8.56 -0.315878
8.57 -0.26143
8.58 -0.222611
8.59 -0.188166
8.6 -0.148454
8.61 -0.104024
8.62 -0.061392
8.63 -0.0216385
8.64 0.0228331
8.65 0.0789651
8.66 0.146752
8.67 0.219344
8.68 0.291676
8.69 0.361723
8.7 0.432522
8.71 0.505254
8.72 0.574696
8.73 0.632028
8.74 0.677567
8.75 0.72038
8.76 0.765157
8.77 0.807093
8.78 0.841194
8.79 0.86999
8.8 0.901953
8.81 0.942013
8.82 0.984586
8.83 1.02184
8.84 1.05516
8.85 1.09478
8.86 1.14325
8.87 1.18857
8.88 1.22456
8.89 1.25607
8.9 1.28918
8.91 1.32035
8.92 1.34238
8.93 1.35281
8.94 1.35753
8.95 1.36299
8.96 1.37068
8.97 1.37748
8.98 1.38315
8.99 1.39326
9 1.41137
9.01 1.43419
9.02 1.458
9.03 1.48107
9.04 1.50219
9.05 1.52129
9.06 1.54051
9.07 1.55776
9.08 1.56866
9.09 1.5728
9.1 1.57397
9.11 1.57477
9.12 1.57142
9.13 1.55772
9.14 1.53487
9.15 1.50998
9.16 1.48577
9.17 1.45851
9.18 1.42679
9.19 1.39554
9.2 1.37068
9.21 1.35272
9.22 1.33742
9.23 1.31931
9.24 1.29958
9.25 1.28119
9.26 1.26166
9.27 1.23442
9.28 1.19879
9.29 1.1597
9.3 1.12076
9.31 1.08308
9.32 1.04622
9.33 1.01022
9.34 0.976898
9.35 0.947134
9.36 0.919623
9.37 0.89084
9.38 0.857937
9.39 0.820619
9.4 0.780093
9.41 0.737267
9.42 0.691747
9.43 0.642031
9.44 0.589208
9.45 0.536532
9.46 0.486605
9.47 0.437449
9.48 0.386834
9.49 0.334499
9.5 0.283544
9.51 0.235621
9.52 0.188062
9.53 0.137597
9.54 0.0856938
9.55 0.0353513
9.56 -0.0111564
9.57 -0.0561183
9.58 -0.102307
9.59 -0.148845
9.6 -0.19256
9.61 -0.233564
9.62 -0.27515
9.63 -0.319769
9.64 -0.366283
9.65 -0.412245
9.66 -0.456426
9.67 -0.500679
9.68 -0.545759
9.69 -0.592222
9.7 -0.6393
9.71 -0.684978
9.72 -0.729252
9.73 -0.776308
9.74 -0.827631
9.75 -0.877126
9.76 -0.918066
9.77 -0.953956
9.78 -0.991351
9.79 -1.0268
9.8 -1.05314
9.81 -1.07332
9.82 -1.09404
9.83 -1.11821
9.84 -1.143
9.85 -1.16621
9.86 -1.18858
9.87 -1.21352
9.88 -1.24122
9.89 -1.26854
9.9 -1.29225
9.91 -1.31152
9.92 -1.32727
9.93 -1.34131
9.94 -1.3525
9.95 -1.35797
9.96 -1.35726
9.97 -1.35556
9.98 -1.3574
9.99 -1.36156
10 -1.36418
10.01 -1.3678
10.02 -1.3769
10.03 -1.39111
10.04 -1.4056
10.05 -1.41829
10.06 -1.43038
10.07 -1.44325
10.08 -1.45542
10.09 -1.46532
10.1 -1.47175
10.11 -1.47422
10.12 -1.47349
10.13 -1.4711
10.14 -1.4652
10.15 -1.45442
10.16 -1.43967
10.17 -1.42447
10.18 -1.41067
10.19 -1.39808
10.2 -1.38581
10.21 -1.37446
10.22 -1.36508
10.23 -1.35903
10.24 -1.35323
10.25 -1.34339
10.26 -1.32906
10.27 -1.31195
10.28 -1.29078
10.29 -1.26203
10.3 -1.22512
10.31 -1.18389
10.32 -1.13928
10.33 -1.09266
10.34 -1.04636
10.35 -1.00188
10.36 -0.960562
10.37 -0.924379
10.38 -0.892515
10.39 -0.865341
10.4 -0.841483
10.41 -0.818615
10.42 -0.795036
10.43 -0.772095
10.44 -0.749879
10.45 -0.724836
10.46 -0.695342
10.47 -0.663488
10.48 -0.631207
10.49 -0.597504
10.5 -0.559896
10.51 -0.518246
10.52 -0.475391
10.53 -0.434212
10.54 -0.39308
10.55 -0.349795
10.56 -0.305492
10.57 -0.264281
10.58 -0.225361
10.59 -0.185319
10.6 -0.142564
10.61 -0.0984414
10.62 -0.0541954
10.63 -0.00844282
10.64 0.0401572
10.65 0.0911732
10.66 0.142647
10.67 0.192882
10.68 0.242034
10.69 0.290458
10.7 0.337406
10.71 0.381664
10.72 0.422821
10.73 0.461742
10.74 0.499889
10.75 0.536824
10.76 0.572629
10.77 0.607623
10.78 0.642873
10.79 0.678348
10.8 0.713061
10.81 0.74666
10.82 0.779486
10.83 0.812247
10.84 0.84443
10.85 0.876187
10.86 0.908025
10.87 0.940591
10.88 0.974677
10.89 1.00824
10.9 1.04052
10.91 1.07254
10.92 1.1052
10.93 1.13606
10.94 1.16344
10.95 1.18887
10.96 1.21531
10.97 1.24037
10.98 1.26193
10.99 1.28129
11 1.30132
11.01 1.32137
11.02 1.34018
11.03 1.35654
11.04 1.3732
11.05 1.39075
11.06 1.40696
11.07 1.42061
11.08 1.43242
11.09 1.44255
11.1 1.44971
11.11 1.45262
11.12 1.45212
11.13 1.44858
11.14 1.4432
11.15 1.43573
11.16 1.42598
11.17 1.4155
11.18 1.40605
11.19 1.39577
11.2 1.38444
11.21 1.37301
11.22 1.36147
11.23 1.34944
11.24 1.33627
11.25 1.3205
11.26 1.30224
11.27 1.28147
11.28 1.25752
11.29 1.23005
11.3 1.1981
11.31 1.16235
11.32 1.12541
11.33 1.08892
11.34 1.0528
11.35 1.01634
11.36 0.982219
11.37 0.953575
11.38 0.929792
11.39 0.907352
11.4 0.885542
11.41 0.866953
11.42 0.852108
11.43 0.837139
11.44 0.819356
11.45 0.799324
11.46 0.779062
11.47 0.757723
11.48 0.733254
11.49 0.704265
11.5 0.672615
11.51 0.640416
11.52 0.608369
11.53 0.574607
11.54 0.538868
11.55 0.503153
11.56 0.469097
11.57 0.436872
11.58 0.404423
11.59 0.370729
11.6 0.338015
11.61 0.307015
11.62 0.276204
11.63 0.243817
11.64 0.210314
11.65 0.176992
11.66 0.144352
11.67 0.111911
11.68 0.0793609
11.69 0.0474482
11.7 0.0152533
11.71 -0.0172499
11.72 -0.0493113
11.73 -0.0817333
11.74 -0.116168
11.75 -0.15266
11.76 -0.189375
11.77 -0.224781
11.78 -0.2594
11.79 -0.295066
11.8 -0.330868
11.81 -0.363552
11.82 -0.392808
11.83 -0.422192
11.84 -0.45386
11.85 -0.485233
11.86 -0.514317
11.87 -0.54326
11.88 -0.574244
11.89 -0.606927
11.9 -0.638265
11.91 -0.666691
11.92 -0.693184
11.93 -0.719183
11.94 -0.743143
11.95 -0.763994
11.96 -0.780348
11.97 -0.793783
11.98 -0.80686
11.99 -0.81913
12 -0.828674
12.01 -0.837318
12.02 -0.847712
12.03 -0.860086
12.04 -0.874118
12.05 -0.890689
12.06 -0.91019
12.07 -0.932163
12.08 -0.957224
12.09 -0.984534
12.1 -1.01231
12.11 -1.03966
12.12 -1.06563
12.13 -1.09032
12.14 -1.11221
12.15 -1.13134
12.16 -1.14728
12.17 -1.16032
12.18 -1.17128
12.19 -1.18107
12.2 -1.19033
12.21 -1.19909
12.22 -1.20802
12.23 -1.21747
12.24 -1.2277
12.25 -1.23801
12.26 -1.24735
12.27 -1.25436
12.28 -1.25881
12.29 -1.26135
12.3 -1.26141
12.31 -1.25759
12.32 -1.2497
12.33 -1.23971
12.34 -1.22895
12.35 -1.21697
12.36 -1.20285
12.37 -1.18744
12.38 -1.17198
12.39 -1.15735
12.4 -1.14267
12.41 -1.12632
12.42 -1.10844
12.43 -1.09014
12.44 -1.07037
12.45 -1.04828
12.46 -1.02286
12.47 -0.995185
12.48 -0.967284
12.49 -0.940945
12.5 -0.916501
12.51 -0.895256
12.52 -0.878174
12.53 -0.866637
12.54 -0.859382
12.55 -0.854792
12.56 -0.850511
12.57 -0.843759
12.58 -0.833126
12.59 -0.81801
12.6 -0.796975
12.61 -0.76812
12.62 -0.73111
12.63 -0.687706
12.64 -0.639647
12.65 -0.587321
12.66 -0.529733
12.67 -0.467893
12.68 -0.404247
12.69 -0.341785
12.7 -0.279731
12.71 -0.216523
12.72 -0.153718
12.73 -0.0953866
12.74 -0.0418583
12.75 0.00975282
12.76 0.0607669
12.77 0.107579
12.78 0.149412
12.79 0.189139
12.8 0.22895
12.81 0.267543
12.82 0.305339
12.83 0.34189
12.84 0.378315
12.85 0.415618
12.86 0.454275
12.87 0.493061
12.88 0.531793
12.89 0.571153
12.9 0.611975
12.91 0.654104
12.92 0.696073
12.93 0.73726
12.94 0.778305
12.95 0.818598
12.96 0.857342
12.97 0.893714
12.98 0.927547
12.99 0.958769
13 0.987541
13.01 1.01388
13.02 1.03857
13.03 1.06102
13.04 1.08211
13.05 1.1022
13.06 1.12153
13.07 1.13912
13.08 1.15471
13.09 1.16787
13.1 1.17906
13.11 1.1878
13.12 1.19364
13.13 1.19722
13.14 1.20065
13.15 1.20488
13.16 1.21077
13.17 1.21922
13.18 1.23077
13.19 1.24502
13.2 1.26098
13.21 1.27712
13.22 1.2918
13.23 1.30293
13.24 1.31042
13.25 1.31288
13.26 1.31069
13.27 1.3037
13.28 1.29339
13.29 1.28026
13.3 1.2643
13.31 1.24419
13.32 1.22111
13.33 1.19523
13.34 1.16643
13.35 1.13237
13.36 1.09431
13.37 1.05498
13.38 1.01553
13.39 0.975034
13.4 0.93418
13.41 0.895491
13.42 0.860374
13.43 0.826612
13.44 0.792285
13.45 0.757904
13.46 0.723521
13.47 0.687575
13.48 0.648933
13.49 0.60778
13.5 0.565227
13.51 0.521844
13.52 0.478576
13.53 0.435775
13.54 0.394227
13.55 0.353473
13.56 0.313917
13.57 0.275323
13.58 0.237916
13.59 0.199774
13.6 0.159416
13.61 0.118101
13.62 0.0779152
13.63 0.037573
13.64 -0.00390264
13.65 -0.0459896
13.66 -0.0861394
13.67 -0.124045
13.68 -0.161767
13.69 -0.200103
13.7 -0.237245
13.71 -0.272719
13.72 -0.30718
13.73 -0.341331
13.74 -0.374697
13.75 -0.407469
13.76 -0.439294
13.77 -0.469658
13.78 -0.499272
13.79 -0.530116
13.8 -0.561999
13.81 -0.594271
13.82 -0.626255
13.83 -0.659057
13.84 -0.694063
13.85 -0.730662
13.86 -0.766183
13.87 -0.799731
13.88 -0.832377
13.89 -0.865585
13.9 -0.896977
13.91 -0.923498
13.92 -0.946035
13.93 -0.967223
13.94 -0.986971
13.95 -1.00319
13.96 -1.01413
13.97 -1.02299
13.98 -1.03219
13.99 -1.04113
14 -1.0475
14.01 -1.05272
14.02 -1.059
14.03 -1.06762
14.04 -1.0772
14.05 -1.08656
14.06 -1.096
14.07 -1.1069
14.08 -1.11818
14.09 -1.12823
14.1 -1.13556
14.11 -1.14056
14.12 -1.14347
14.13 -1.14506
14.14 -1.14377
14.15 -1.13929
14.16 -1.13322
14.17 -1.12762
14.18 -1.12158
14.19 -1.11423
14.2 -1.10602
14.21 -1.09874
14.22 -1.09194
14.23 -1.08456
14.24 -1.07651
14.25 -1.06853
14.26 -1.0606
14.27 -1.05206
14.28 -1.04183
14.29 -1.03044
14.3 -1.01742
14.31 -1.00319
14.32 -0.986819
14.33 -0.968835
14.34 -0.949793
14.35 -0.929787
14.36 -0.908729
14.37 -0.886262
14.38 -0.863427
14.39 -0.840555
14.4 -0.816475
14.41 -0.791126
14.42 -0.765187
14.43 -0.739304
14.44 -0.712742
14.45 -0.684736
14.46 -0.656018
14.47 -0.627598
14.48 -0.599278
14.49 -0.569513
14.5 -0.53775
14.51 -0.505352
14.52 -0.472223
14.53 -0.437627
14.54 -0.400903
14.55 -0.362769
14.56 -0.324219
14.57 -0.285931
14.58 -0.246957
14.59 -0.207097
14.6 -0.166575
14.61 -0.126486
14.62 -0.0861855
14.63 -0.0449649
14.64 -0.00212596
14.65 0.0409403
14.66 0.0830578
14.67 0.124308
14.68 0.165299
14.69 0.205978
14.7 0.245835
14.71 0.28413
14.72 0.322029
14.73 0.360389
14.74 0.400311
14.75 0.440505
14.76 0.479869
14.77 0.519311
14.78 0.559989
14.79 0.601484
14.8 0.641542
14.81 0.679092
14.82 0.716829
14.83 0.756208
14.84 0.795902
14.85 0.834198
14.86 0.872692
14.87 0.913706
14.88 0.956793
14.89 0.999416
14.9 1.04114
14.91 1.08023
14.92 1.11785
14.93 1.15231
14.94 1.18176
14.95 1.20513
14.96 1.22425
14.97 1.24042
14.98 1.2551
14.99 1.26836
15 1.28173
15.01 1.29636
15.02 1.31377
15.03 1.33312
15.04 1.35371
15.05 1.37301
15.06 1.39128
15.07 1.40919
15.08 1.42632
15.09 1.44137
15.1 1.45384
15.11 1.46601
15.12 1.47876
15.13 1.491
15.14 1.50126
15.15 1.50881
15.16 1.51473
15.17 1.51864
15.18 1.51976
15.19 1.51763
15.2 1.51255
15.21 1.50585
15.22 1.49805
15.23 1.48857
15.24 1.47719
15.25 1.46384
15.26 1.44875
15.27 1.43145
15.28 1.41245
15.29 1.39104
15.3 1.36702
15.31 1.34081
15.32 1.31377
15.33 1.28561
15.34 1.25602
15.35 1.22496
15.36 1.19272
15.37 1.15979
15.38 1.12595
15.39 1.09015
15.4 1.0518
15.41 1.01156
15.42 0.970118
15.43 0.926896
15.44 0.882162
15.45 0.83564
15.46 0.788698
15.47 0.742306
15.48 0.696442
15.49 0.650101
15.5 0.603025
15.51 0.556353
15.52 0.510395
15.53 0.463022
15.54 0.413795
15.55 0.363167
15.56 0.311843
15.57 0.259925
15.58 0.207079
15.59 0.154174
15.6 0.102076
15.61 0.0508566
15.62 0.00101185
15.63 -0.0471217
15.64 -0.0943607
15.65 -0.141827
15.66 -0.189866
15.67 -0.238188
15.68 -0.288187
15.69 -0.340323
15.7 -0.394585
15.71 -0.450405
15.72 -0.506794
15.73 -0.563898
15.74 -0.620723
15.75 -0.678063
15.76 -0.735197
15.77 -0.790671
15.78 -0.844512
15.79 -0.897272
15.8 -0.948759
15.81 -0.997447
15.82 -1.0418
15.83 -1.08267
15.84 -1.12088
15.85 -1.15681
15.86 -1.18892
15.87 -1.21801
15.88 -1.24544
15.89 -1.27256
15.9 -1.29938
15.91 -1.3249
15.92 -1.34975
15.93 -1.37546
15.94 -1.40169
15.95 -1.4278
15.96 -1.45303
15.97 -1.4779
15.98 -1.50208
15.99 -1.52484
16 -1.54609
16.01 -1.5655
16.02 -1.58326
16.03 -1.59902
16.04 -1.61323
16.05 -1.6263
16.06 -1.63761
16.07 -1.64665
16.08 -1.65252
16.09 -1.65656
16.1 -1.65802
16.11 -1.6562
16.12 -1.65073
16.13 -1.6423
16.14 -1.63181
16.15 -1.61987
16.16 -1.60573
16.17 -1.58999
16.18 -1.57386
16.19 -1.55815
16.2 -1.54204
16.21 -1.52535
16.22 -1.50807
16.23 -1.49024
16.24 -1.4723
16.25 -1.45357
16.26 -1.43315
16.27 -1.41131
16.28 -1.38843
16.29 -1.36461
16.3 -1.33887
16.31 -1.31067
16.32 -1.28048
16.33 -1.24874
16.34 -1.21469
16.35 -1.178
16.36 -1.13964
16.37 -1.09976
16.38 -1.05775
16.39 -1.01445
16.4 -0.970385
16.41 -0.925693
16.42 -0.879751
16.43 -0.833408
16.44 -0.78702
16.45 -0.740788
16.46 -0.694063
16.47 -0.646506
16.48 -0.598971
16.49 -0.55185
16.5 -0.504658
16.51 -0.456848
16.52 -0.407744
16.53 -0.359019
16.54 -0.310272
16.55 -0.260074
16.56 -0.208785
16.57 -0.157813
16.58 -0.106322
16.59 -0.0533131
16.6 1.72106e-05
16.61 0.0532744
16.62 0.106293
16.63 0.160134
16.64 0.213829
16.65 0.266226
16.66 0.317015
16.67 0.367577
16.68 0.417522
16.69 0.465867
16.7 0.512791
16.71 0.558901
16.72 0.604957
16.73 0.65034
16.74 0.69486
16.75 0.73818
16.76 0.781414
16.77 0.824273
16.78 0.866472
16.79 0.907301
16.8 0.947093
16.81 0.986488
16.82 1.02525
16.83 1.06306
16.84 1.09968
16.85 1.13545
16.86 1.17114
16.87 1.20597
16.88 1.23984
16.89 1.27292
16.9 1.30593
16.91 1.33839
16.92 1.37001
16.93 1.40077
16.94 1.43115
16.95 1.46038
16.96 1.48762
16.97 1.51261
16.98 1.53528
16.99 1.55533
17 1.57177
17.01 1.58494
17.02 1.59521
17.03 1.60264
17.04 1.60807
17.05 1.61131
17.06 1.61299
17.07 1.61364
17.08 1.61387
17.09 1.61316
17.1 1.61148
17.11 1.60926
17.12 1.60685
17.13 1.60389
17.14 1.60046
17.15 1.59652
17.16 1.59169
17.17 1.58548
17.18 1.57788
17.19 1.56867
17.2 1.55678
17.21 1.5418
17.22 1.52473
17.23 1.50535
17.24 1.48337
17.25 1.45931
17.26 1.43326
17.27 1.40594
17.28 1.37736
17.29 1.34752
17.3 1.31633
17.31 1.28371
17.32 1.25003
17.33 1.21524
17.34 1.17956
17.35 1.14323
17.36 1.10571
17.37 1.06732
17.38 1.02908
17.39 0.990104
17.4 0.949885
17.41 0.908455
17.42 0.866369
17.43 0.823596
17.44 0.779585
17.45 0.734193
17.46 0.687702
17.47 0.641052
17.48 0.593896
17.49 0.545828
17.5 0.497066
17.51 0.447668
17.52 0.397677
17.53 0.346763
17.54 0.295533
17.55 0.242981
17.56 0.189676
17.57 0.136579
17.58 0.0844671
17.59 0.0323301
17.6 -0.0196435
17.61 -0.0708021
17.62 -0.120399
17.63 -0.169184
17.64 -0.217694
17.65 -0.265802
17.66 -0.312833
17.67 -0.359205
17.68 -0.405831
17.69 -0.452142
17.7 -0.497902
17.71 -0.543241
17.72 -0.588652
17.73 -0.633853
17.74 -0.678064
17.75 -0.721941
17.76 -0.765618
17.77 -0.809274
17.78 -0.852212
17.79 -0.894262
17.8 -0.935412
17.81 -0.976931
17.82 -1.01777
17.83 -1.05624
17.84 -1.09247
17.85 -1.12807
17.86 -1.16272
17.87 -1.1946
17.88 -1.22366
17.89 -1.25127
17.9 -1.27781
17.91 -1.30276
17.92 -1.325
17.93 -1.34528
17.94 -1.3647
17.95 -1.38349
17.96 -1.40131
17.97 -1.41753
17.98 -1.43272
17.99 -1.44777
18 -1.4621
18.01 -1.47531
18.02 -1.48676
18.03 -1.49684
18.04 -1.50605
18.05 -1.51408
18.06 -1.52049
18.07 -1.52515
18.08 -1.52836
18.09 -1.53022
18.1 -1.53039
18.11 -1.52982
18.12 -1.52779
18.13 -1.52447
18.14 -1.52018
18.15 -1.51583
18.16 -1.5108
18.17 -1.50432
18.18 -1.49624
18.19 -1.48667
18.2 -1.4754
18.21 -1.46175
18.22 -1.44464
18.23 -1.42499
18.24 -1.40282
18.25 -1.37863
18.26 -1.35192
18.27 -1.32333
18.28 -1.29334
18.29 -1.2629
18.3 -1.23192
18.31 -1.2005
18.32 -1.1692
18.33 -1.13764
18.34 -1.10628
18.35 -1.07523
18.36 -1.04375
18.37 -1.01145
18.38 -0.977901
18.39 -0.94347
18.4 -0.907837
18.41 -0.870724
18.42 -0.831901
18.43 -0.791936
18.44 -0.750892
18.45 -0.709409
18.46 -0.667339
18.47 -0.624857
18.48 -0.582216
18.49 -0.53964
18.5 -0.497426
18.51 -0.455257
18.52 -0.413069
18.53 -0.370577
18.54 -0.327719
18.55 -0.285187
18.56 -0.242407
18.57 -0.19894
18.58 -0.15459
18.59 -0.110246
18.6 -0.065264
18.61 -0.020012
18.62 0.0265079
18.63 0.073266
18.64 0.119854
18.65 0.166499
18.66 0.213321
18.67 0.259912
18.68 0.306092
18.69 0.351698
18.7 0.396664
18.71 0.441007
18.72 0.485213
18.73 0.528813
18.74 0.571624
18.75 0.613349
18.76 0.653808
18.77 0.693648
18.78 0.732627
18.79 0.769952
18.8 0.805273
18.81 0.839804
18.82 0.87389
18.83 0.906859
18.84 0.9382
18.85 0.968634
18.86 0.99918
18.87 1.02947
18.88 1.05892
18.89 1.08757
18.9 1.11591
18.91 1.14434
18.92 1.17271
18.93 1.19967
18.94 1.22617
18.95 1.25258
18.96 1.27789
18.97 1.30218
18.98 1.32482
18.99 1.34586
19 1.36498
19.01 1.38189
19.02 1.3967
19.03 1.40947
19.04 1.41958
19.05 1.42774
19.06 1.43457
19.07 1.44006
19.08 1.44319
19.09 1.44425
19.1 1.44431
19.11 1.44285
19.12 1.43905
19.13 1.43258
19.14 1.42522
19.15 1.41718
19.16 1.40816
19.17 1.39771
19.18 1.38676
19.19 1.37544
19.2 1.36391
19.21 1.35076
19.22 1.33599
19.23 1.31987
19.24 1.30309
19.25 1.28439
19.26 1.26394
19.27 1.24197
19.28 1.21821
19.29 1.1931
19.3 1.16714
19.31 1.1397
19.32 1.11048
19.33 1.08067
19.34 1.05062
19.35 1.02006
19.36 0.988126
19.37 0.955389
19.38 0.922818
19.39 0.889722
19.4 0.855115
19.41 0.819222
19.42 0.782864
19.43 0.745942
19.44 0.707792
19.45 0.668756
19.46 0.629592
19.47 0.589741
19.48 0.549278
19.49 0.508224
19.5 0.466768
19.51 0.424583
19.52 0.381588
19.53 0.337446
19.54 0.292482
19.55 0.246943
19.56 0.200668
19.57 0.153888
19.58 0.107753
19.59 0.0624645
19.6 0.017786
19.61 -0.0260469
19.62 -0.0689169
19.63 -0.110835
19.64 -0.152393
19.65 -0.194395
19.66 -0.236142
19.67 -0.278302
19.68 -0.320886
19.69 -0.363366
19.7 -0.405522
19.71 -0.447186
19.72 -0.488082
19.73 -0.528351
19.74 -0.56699
19.75 -0.604439
19.76 -0.640817
19.77 -0.676196
19.78 -0.710391
19.79 -0.743468
19.8 -0.775256
19.81 -0.806756
19.82 -0.837132
19.83 -0.867064
19.84 -0.896278
19.85 -0.924789
19.86 -0.952897
19.87 -0.981056
19.88 -1.00868
19.89 -1.03525
19.9 -1.06059
19.91 -1.08528
19.92 -1.10919
19.93 -1.13179
19.94 -1.15225
19.95 -1.17155
19.96 -1.19003
19.97 -1.20764
19.98 -1.22395
19.99 -1.23858
20 -1.25218
20.01 -1.26528
20.02 -1.27726
20.03 -1.28808
20.04 -1.29686
20.05 -1.30497
20.06 -1.31275
20.07 -1.31924
20.08 -1.32384
20.09 -1.32726
20.1 -1.32991
20.11 -1.3322
20.12 -1.33252
20.13 -1.33077
20.14 -1.32741
20.15 -1.32287
20.16 -1.31675
20.17 -1.30821
20.18 -1.29786
20.19 -1.28651
20.2 -1.2748
20.21 -1.26232
20.22 -1.24939
20.23 -1.23622
20.24 -1.22274
20.25 -1.2086
20.26 -1.19365
20.27 -1.17783
20.28 -1.16055
20.29 -1.14191
20.3 -1.12167
20.31 -1.10044
20.32 -1.07829
20.33 -1.05503
20.34 -1.03073
20.35 -1.0057
20.36 -0.980199
20.37 -0.953822
20.38 -0.926383
20.39 -0.898156
20.4 -0.868762
20.41 -0.838469
20.42 -0.807319
20.43 -0.775669
20.44 -0.742901
20.45 -0.709476
20.46 -0.675676
20.47 -0.641653
20.48 -0.606918
20.49 -0.570957
20.5 -0.533753
20.51 -0.496876
20.52 -0.459146
20.53 -0.419681
20.54 -0.379202
20.55 -0.339068
20.56 -0.299123
20.57 -0.258507
20.58 -0.217422
20.59 -0.176611
20.6 -0.135956
20.61 -0.0952522
20.62 -0.0538183
20.63 -0.0119839
20.64 0.0302215
20.65 0.0728137
20.66 0.115977
20.67 0.159495
20.68 0.20345
20.69 0.247699
20.7 0.29205
20.71 0.336173
20.72 0.380367
20.73 0.424407
20.74 0.468406
20.75 0.511957
20.76 0.554943
20.77 0.597224
20.78 0.639146
20.79 0.680529
20.8 0.720979
20.81 0.760519
20.82 0.799492
20.83 0.838065
20.84 0.876173
20.85 0.913148
20.86 0.949064
20.87 0.984295
20.88 1.01888
20.89 1.05262
20.9 1.08492
20.91 1.11584
20.92 1.14589
20.93 1.1748
20.94 1.20264
20.95 1.22929
20.96 1.25519
20.97 1.28019
20.98 1.30446
20.99 1.3284
21 1.35169
21.01 1.37386
21.02 1.39502
21.03 1.41515
21.04 1.43409
21.05 1.45128
21.06 1.46695
21.07 1.48102
21.08 1.49387
21.09 1.50497
21.1 1.51467
21.11 1.52348
21.12 1.5304
21.13 1.53534
21.14 1.53925
21.15 1.54174
21.16 1.54209
21.17 1.54038
21.18 1.53689
21.19 1.53173
21.2 1.52458
21.21 1.51479
21.22 1.50284
21.23 1.48948
21.24 1.47448
21.25 1.45743
21.26 1.43907
21.27 1.41935
21.28 1.39857
21.29 1.37716
21.3 1.35497
21.31 1.33184
21.32 1.3072
21.33 1.28204
21.34 1.25593
21.35 1.22843
21.36 1.19855
21.37 1.16762
21.38 1.13554
21.39 1.10225
21.4 1.06716
21.41 1.03104
21.42 0.994433
21.43 0.956999
21.44 0.918875
21.45 0.879932
21.46 0.840182
21.47 0.799454
21.48 0.757809
21.49 0.715587
21.5 0.672481
21.51 0.628041
21.52 0.582558
21.53 0.536415
21.54 0.4898
21.55 0.442376
21.56 0.394048
21.57 0.345467
21.58 0.296566
21.59 0.247621
21.6 0.198598
21.61 0.149471
21.62 0.100784
21.63 0.0526382
21.64 0.0049939
21.65 -0.0429205
21.66 -0.0903801
21.67 -0.137022
21.68 -0.18372
21.69 -0.230665
21.7 -0.277314
21.71 -0.323844
21.72 -0.370459
21.73 -0.41711
21.74 -0.463339
21.75 -0.509317
21.76 -0.554845
21.77 -0.59999
21.78 -0.644312
21.79 -0.687753
21.8 -0.730397
21.81 -0.772481
21.82 -0.813678
21.83 -0.85404
21.84 -0.893446
21.85 -0.931974
21.86 -0.969827
21.87 -1.00642
21.88 -1.04168
21.89 -1.07575
21.9 -1.10857
21.91 -1.14031
21.92 -1.17072
21.93 -1.19986
21.94 -1.22767
21.95 -1.25419
21.96 -1.27983
21.97 -1.30436
21.98 -1.328
21.99 -1.35023
22 -1.37198
22.01 -1.39258
22.02 -1.41194
22.03 -1.42998
22.04 -1.44669
22.05 -1.4623
22.06 -1.47615
22.07 -1.4886
22.08 -1.49926
22.09 -1.5086
22.1 -1.51652
22.11 -1.52285
22.12 -1.52758
22.13 -1.53096
22.14 -1.53296
22.15 -1.53342
22.16 -1.53225
22.17 -1.52953
22.18 -1.52575
22.19 -1.52015
22.2 -1.51316
22.21 -1.50477
22.22 -1.49483
22.23 -1.48341
22.24 -1.47052
22.25 -1.45587
22.26 -1.43981
22.27 -1.42228
22.28 -1.40358
22.29 -1.38336
22.3 -1.36185
22.31 -1.33946
22.32 -1.3163
22.33 -1.29257
22.34 -1.26785
22.35 -1.24214
22.36 -1.2154
22.37 -1.18804
22.38 -1.15943
22.39 -1.12972
22.4 -1.09837
22.41 -1.06592
22.42 -1.0323
22.43 -0.997491
22.44 -0.961689
22.45 -0.924615
22.46 -0.886904
22.47 -0.848713
22.48 -0.81
22.49 -0.770318
22.5 -0.730259
22.51 -0.68952
22.52 -0.648584
22.53 -0.606719
22.54 -0.564151
22.55 -0.520923
22.56 -0.476925
22.57 -0.432318
22.58 -0.38683
22.59 -0.341037
22.6 -0.294231
22.61 -0.247002
22.62 -0.199557
22.63 -0.152149
22.64 -0.104305
22.65 -0.0561103
22.66 -0.00804113
22.67 0.039606
22.68 0.0872334
22.69 0.135327
22.7 0.18325
22.71 0.230698
22.72 0.277919
22.73 0.325011
22.74 0.371974
22.75 0.41874
22.76 0.465045
22.77 0.51124
22.78 0.556906
22.79 0.602354
22.8 0.647478
22.81 0.692106
22.82 0.735837
22.83 0.778899
22.84 0.82134
22.85 0.862852
22.86 0.903266
22.87 0.942274
22.88 0.980339
22.89 1.01766
22.9 1.05396
22.91 1.08921
22.92 1.12359
22.93 1.15706
22.94 1.18964
22.95 1.22116
22.96 1.25149
22.97 1.2805
22.98 1.30816
22.99 1.33449
23 1.35952
23.01 1.38291
23.02 1.40463
23.03 1.42441
23.04 1.44281
23.05 1.46019
23.06 1.47596
23.07 1.49032
23.08 1.50312
23.09 1.51508
23.1 1.52614
23.11 1.53607
23.12 1.54445
23.13 1.55159
23.14 1.55773
23.15 1.56281
23.16 1.56587
23.17 1.56728
23.18 1.56691
23.19 1.56495
23.2 1.56111
23.21 1.55528
23.22 1.5469
23.23 1.53661
23.24 1.52487
23.25 1.51133
23.26 1.49552
23.27 1.47774
23.28 1.45844
23.29 1.43773
23.3 1.41521
23.31 1.39101
23.32 1.36515
23.33 1.33845
23.34 1.3106
23.35 1.28153
23.36 1.25136
23.37 1.2203
23.38 1.1886
23.39 1.15601
23.4 1.12215
23.41 1.08731
23.42 1.05164
23.43 1.01489
23.44 0.976741
23.45 0.937424
23.46 0.897161
23.47 0.85577
23.48 0.813191
23.49 0.769553
23.5 0.725304
23.51 0.680513
23.52 0.634666
23.53 0.587836
23.54 0.540304
23.55 0.492491
23.56 0.44384
23.57 0.394309
23.58 0.344094
23.59 0.293675
23.6 0.243375
23.61 0.192867
23.62 0.141948
23.63 0.0910978
23.64 0.0409003
23.65 -0.00921232
23.66 -0.0596219
23.67 -0.110199
23.68 -0.160282
23.69 -0.209774
23.7 -0.259256
23.71 -0.309117
23.72 -0.358619
23.73 -0.407892
23.74 -0.456819
23.75 -0.505632
23.76 -0.554448
23.77 -0.602543
23.78 -0.649921
23.79 -0.696824
23.8 -0.742976
23.81 -0.788373
23.82 -0.832575
23.83 -0.875807
23.84 -0.917784
23.85 -0.95855
23.86 -0.9978
23.87 -1.03574
23.88 -1.07235
23.89 -1.10752
23.9 -1.14111
23.91 -1.17365
23.92 -1.205
23.93 -1.23526
23.94 -1.26447
23.95 -1.29241
23.96 -1.31961
23.97 -1.34592
23.98 -1.37132
23.99 -1.39511
24 -1.4178
24.01 -1.43892
24.02 -1.45892
24.03 -1.47708
24.04 -1.49331
24.05 -1.50816
24.06 -1.5214
24.07 -1.53292
24.08 -1.54266
24.09 -1.55064
24.1 -1.55713
24.11 -1.56173
24.12 -1.5644
24.13 -1.56587
24.14 -1.56536
24.15 -1.56345
24.16 -1.55971
24.17 -1.55487
24.18 -1.54878
24.19 -1.54134
24.2 -1.53221
24.21 -1.52192
24.22 -1.51066
24.23 -1.49772
24.24 -1.48293
24.25 -1.46642
24.26 -1.44858
24.27 -1.42907
24.28 -1.40831
24.29 -1.38578
24.3 -1.36205
24.31 -1.33726
24.32 -1.3114
24.33 -1.28459
24.34 -1.25632
24.35 -1.22728
24.36 -1.19735
24.37 -1.16608
24.38 -1.13385
24.39 -1.1004
24.4 -1.06564
24.41 -1.02963
24.42 -0.992483
24.43 -0.954222
24.44 -0.914943
24.45 -0.874515
24.46 -0.83343
24.47 -0.79165
24.48 -0.749461
24.49 -0.706646
24.5 -0.663266
24.51 -0.619535
24.52 -0.575892
24.53 -0.531943
24.54 -0.487811
24.55 -0.443169
24.56 -0.398033
24.57 -0.35316
24.58 -0.308256
24.59 -0.263164
24.6 -0.217533
24.61 -0.171255
24.62 -0.125166
24.63 -0.078715
24.64 -0.0313555
24.65 0.016422
24.66 0.0645804
24.67 0.112749
24.68 0.161231
24.69 0.209944
24.7 0.258422
24.71 0.30647
24.72 0.353879
24.73 0.40022
24.74 0.446185
24.75 0.491404
24.76 0.53537
24.77 0.57844
24.78 0.620584
24.79 0.662159
24.8 0.703333
24.81 0.743222
24.82 0.782359
24.83 0.820935
24.84 0.859005
24.85 0.896177
24.86 0.931727
24.87 0.966556
24.88 1.00038
24.89 1.03281
24.9 1.06415
24.91 1.09462
24.92 1.12418
24.93 1.15289
24.94 1.1808
24.95 1.2078
24.96 1.23408
24.97 1.25931
24.98 1.28352
24.99 1.30625
25 1.32788
25.01 1.34826
25.02 1.36713
25.03 1.38407
25.04 1.39949
25.05 1.41382
25.06 1.42659
25.07 1.43748
25.08 1.44652
25.09 1.4543
25.1 1.46076
25.11 1.46587
25.12 1.46921
25.13 1.47103
25.14 1.47169
25.15 1.47128
25.16 1.46948
25.17 1.46641
25.18 1.46218
25.19 1.45674
25.2 1.45022
25.21 1.44256
25.22 1.43314
25.23 1.42233
25.24 1.40999
25.25 1.39644
25.26 1.38129
25.27 1.36411
25.28 1.34514
25.29 1.32504
25.3 1.30353
25.31 1.28012
25.32 1.2549
25.33 1.22869
25.34 1.20142
25.35 1.17288
25.36 1.14334
25.37 1.11243
25.38 1.08076
25.39 1.04837
25.4 1.01506
25.41 0.980882
25.42 0.94561
25.43 0.909579
25.44 0.872585
25.45 0.834957
25.46 0.796683
25.47 0.757412
25.48 0.717467
25.49 0.676906
25.5 0.635949
25.51 0.594128
25.52 0.551802
25.53 0.50888
25.54 0.465402
25.55 0.421811
25.56 0.378032
25.57 0.333349
25.58 0.288141
25.59 0.243048
25.6 0.198072
25.61 0.152676
25.62 0.106786
25.63 0.060868
25.64 0.0151248
25.65 -0.0308728
25.66 -0.0773289
25.67 -0.123833
25.68 -0.170389
25.69 -0.216487
25.7 -0.262527
25.71 -0.30838
25.72 -0.353665
25.73 -0.398446
25.74 -0.442645
25.75 -0.486079
25.76 -0.528725
25.77 -0.570918
25.78 -0.612511
25.79 -0.653445
25.8 -0.69337
25.81 -0.732717
25.82 -0.771469
25.83 -0.809529
25.84 -0.84642
25.85 -0.882194
25.86 -0.917225
25.87 -0.95116
25.88 -0.984021
25.89 -1.01534
25.9 -1.04584
25.91 -1.07491
25.92 -1.10312
25.93 -1.12995
25.94 -1.15542
25.95 -1.17983
25.96 -1.20331
25.97 -1.22551
25.98 -1.24658
25.99 -1.26654
26 -1.28554
26.01 -1.3035
26.02 -1.32054
26.03 -1.33628
26.04 -1.35052
26.05 -1.36353
26.06 -1.37527
26.07 -1.38571
26.08 -1.39475
26.09 -1.40204
26.1 -1.40785
26.11 -1.41242
26.12 -1.41565
26.13 -1.41722
26.14 -1.41747
26.15 -1.4163
26.16 -1.41342
26.17 -1.40924
26.18 -1.40346
26.19 -1.39592
26.2 -1.3866
26.21 -1.37597
26.22 -1.3642
26.23 -1.35088
26.24 -1.33647
26.25 -1.32047
26.26 -1.30347
26.27 -1.28565
26.28 -1.26661
26.29 -1.24647
26.3 -1.22536
26.31 -1.2032
26.32 -1.17981
26.33 -1.15517
26.34 -1.12927
26.35 -1.1021
26.36 -1.07401
26.37 -1.04481
26.38 -1.01424
26.39 -0.982431
26.4 -0.949747
26.41 -0.915708
26.42 -0.8808
26.43 -0.845304
26.44 -0.808905
26.45 -0.771844
26.46 -0.734067
26.47 -0.696073
26.48 -0.657804
26.49 -0.61879
26.5 -0.579164
26.51 -0.539185
26.52 -0.49921
26.53 -0.458529
26.54 -0.417096
26.55 -0.375377
26.56 -0.332973
26.57 -0.290558
26.58 -0.247763
26.59 -0.204835
26.6 -0.162005
26.61 -0.119355
26.62 -0.0763662
26.63 -0.0340231
26.64 0.00857251
26.65 0.0512564
26.66 0.0937859
26.67 0.136589
26.68 0.179533
26.69 0.222445
26.7 0.265358
26.71 0.308327
26.72 0.351363
26.73 0.393921
26.74 0.435814
26.75 0.476909
26.76 0.517659
26.77 0.557849
26.78 0.597038
26.79 0.635416
26.8 0.673313
26.81 0.71045
26.82 0.746745
26.83 0.782308
26.84 0.817482
26.85 0.852123
26.86 0.885894
26.87 0.918786
26.88 0.951304
26.89 0.982642
26.9 1.0133
26.91 1.04284
26.92 1.07132
26.93 1.09841
26.94 1.12446
26.95 1.14932
26.96 1.17292
26.97 1.19522
26.98 1.21613
26.99 1.23578
27 1.25465
27.01 1.2723
27.02 1.28899
27.03 1.30445
27.04 1.3189
27.05 1.33258
27.06 1.34503
27.07 1.35615
27.08 1.36582
27.09 1.37397
27.1 1.38096
27.11 1.38681
27.12 1.39072
27.13 1.39314
27.14 1.39425
27.15 1.39429
27.16 1.39299
27.17 1.3903
27.18 1.38638
27.19 1.38142
27.2 1.37548
27.21 1.3686
27.22 1.36048
27.23 1.35092
27.24 1.34041
27.25 1.32889
27.26 1.31577
27.27 1.30104
27.28 1.28493
27.29 1.2673
27.3 1.24816
27.31 1.22731
27.32 1.20489
27.33 1.18115
27.34 1.15612
27.35 1.13
27.36 1.10263
27.37 1.07433
27.38 1.04506
27.39 1.01494
27.4 0.983959
27.41 0.952337
27.42 0.919828
27.43 0.886251
27.44 0.851769
27.45 0.816821
27.46 0.781065
27.47 0.744417
27.48 0.706921
27.49 0.668821
27.5 0.630274
27.51 0.591001
27.52 0.55069
27.53 0.509963
27.54 0.468543
27.55 0.42628
27.56 0.383353
27.57 0.339905
27.58 0.29581
27.59 0.250993
27.6 0.205953
27.61 0.161124
27.62 0.115821
27.63 0.0704898
27.64 0.0252513
27.65 -0.0199214
27.66 -0.064974
27.67 -0.109936
27.68 -0.154847
27.69 -0.199791
27.7 -0.244388
27.71 -0.28877
27.72 -0.332979
27.73 -0.377269
27.74 -0.421177
27.75 -0.464523
27.76 -0.507482
27.77 -0.550295
27.78 -0.592569
27.79 -0.634058
27.8 -0.674934
27.81 -0.71508
27.82 -0.754726
27.83 -0.793696
27.84 -0.831545
27.85 -0.868509
27.86 -0.90461
27.87 -0.939736
27.88 -0.973965
27.89 -1.00716
27.9 -1.0392
27.91 -1.07023
27.92 -1.10047
27.93 -1.12971
27.94 -1.15809
27.95 -1.1855
27.96 -1.21157
27.97 -1.23644
27.98 -1.26026
27.99 -1.28299
28 -1.30407
28.01 -1.32403
28.02 -1.34274
28.03 -1.36052
28.04 -1.37698
28.05 -1.39199
28.06 -1.40589
28.07 -1.41867
28.08 -1.42976
28.09 -1.4394
28.1 -1.44728
28.11 -1.45375
28.12 -1.45843
28.13 -1.4615
28.14 -1.46281
28.15 -1.46262
28.16 -1.46059
28.17 -1.45711
28.18 -1.4524
28.19 -1.44644
28.2 -1.43852
28.21 -1.42911
28.22 -1.41878
28.23 -1.40676
28.24 -1.39336
28.25 -1.37845
28.26 -1.36239
28.27 -1.34531
28.28 -1.32648
28.29 -1.30659
28.3 -1.28553
28.31 -1.26307
28.32 -1.23929
28.33 -1.21423
28.34 -1.18779
28.35 -1.16012
28.36 -1.13101
28.37 -1.10054
28.38 -1.06909
28.39 -1.03663
28.4 -1.00312
28.41 -0.968629
28.42 -0.93386
28.43 -0.898039
28.44 -0.86155
28.45 -0.824326
28.46 -0.786568
28.47 -0.747931
28.48 -0.708254
28.49 -0.667816
28.5 -0.626639
28.51 -0.584363
28.52 -0.541649
28.53 -0.497599
28.54 -0.453035
28.55 -0.408335
28.56 -0.36279
28.57 -0.316497
28.58 -0.270123
28.59 -0.224027
28.6 -0.177592
28.61 -0.130885
28.62 -0.0846234
28.63 -0.038624
28.64 0.00710464
28.65 0.0528343
28.66 0.0980049
28.67 0.143425
28.68 0.188491
28.69 0.233395
28.7 0.278336
28.71 0.323385
28.72 0.368366
28.73 0.412767
28.74 0.457139
28.75 0.500792
28.76 0.544074
28.77 0.586635
28.78 0.628199
28.79 0.669079
28.8 0.708874
28.81 0.748267
28.82 0.786465
28.83 0.823815
28.84 0.860085
28.85 0.895662
28.86 0.930614
28.87 0.964519
28.88 0.997386
28.89 1.02953
28.9 1.061
28.91 1.09162
28.92 1.12144
28.93 1.14973
28.94 1.17683
28.95 1.20298
28.96 1.22792
28.97 1.25173
28.98 1.274
28.99 1.29506
29 1.31501
29.01 1.33392
29.02 1.35145
29.03 1.36752
29.04 1.38238
29.05 1.39591
29.06 1.4083
29.07 1.41929
29.08 1.4289
29.09 1.43697
29.1 1.4437
29.11 1.44903
29.12 1.45291
29.13 1.45529
29.14 1.45648
29.15 1.45634
29.16 1.45485
29.17 1.45198
29.18 1.44749
29.19 1.44161
29.2 1.43458
29.21 1.42626
29.22 1.41622
29.23 1.40504
29.24 1.39241
29.25 1.37852
29.26 1.36334
29.27 1.34667
29.28 1.32854
29.29 1.30925
29.3 1.28894
29.31 1.26726
29.32 1.24458
29.33 1.22041
29.34 1.19547
29.35 1.16952
29.36 1.14246
29.37 1.11434
29.38 1.08481
29.39 1.05426
29.4 1.02244
29.41 0.989628
29.42 0.955598
29.43 0.920602
29.44 0.88473
29.45 0.848286
29.46 0.811204
29.47 0.773569
29.48 0.735118
29.49 0.696212
29.5 0.656718
29.51 0.616837
29.52 0.576321
29.53 0.534941
29.54 0.493124
29.55 0.450847
29.56 0.407967
29.57 0.364511
29.58 0.320424
29.59 0.27607
29.6 0.231258
29.61 0.18629
29.62 0.140729
29.63 0.0951304
29.64 0.0496562
29.65 0.00426987
29.66 -0.0409978
29.67 -0.0860974
29.68 -0.131333
29.69 -0.176264
29.7 -0.221454
29.71 -0.266758
29.72 -0.312288
29.73 -0.357782
29.74 -0.403518
29.75 -0.448887
29.76 -0.494256
29.77 -0.538726
29.78 -0.582725
29.79 -0.625935
29.8 -0.668085
29.81 -0.709329
29.82 -0.749618
29.83 -0.789043
29.84 -0.827531
29.85 -0.865101
29.86 -0.901959
29.87 -0.938066
29.88 -0.97329
29.89 -1.00749
29.9 -1.04107
29.91 -1.0736
29.92 -1.10486
29.93 -1.13542
29.94 -1.16516
29.95 -1.19355
29.96 -1.22056
29.97 -1.24664
29.98 -1.27149
29.99 -1.29481
30 -1.31683
30.01 -1.33747
30.02 -1.35678
30.03 -1.3747
30.04 -1.39165
30.05 -1.40713
30.06 -1.42134
30.07 -1.43408
30.08 -1.44556
30.09 -1.45571
30.1 -1.46449
30.11 -1.47159
30.12 -1.47734
30.13 -1.48135
30.14 -1.48394
30.15 -1.48487
30.16 -1.48456
30.17 -1.48263
30.18 -1.47917
30.19 -1.47436
30.2 -1.46791
30.21 -1.45989
30.22 -1.45044
30.23 -1.43946
30.24 -1.42692
30.25 -1.4126
30.26 -1.39718
30.27 -1.37974
30.28 -1.36126
30.29 -1.34163
30.3 -1.32049
30.31 -1.29785
30.32 -1.27373
30.33 -1.24831
30.34 -1.2218
30.35 -1.19386
30.36 -1.16475
30.37 -1.13452
30.38 -1.10309
30.39 -1.07076
30.4 -1.03727
30.41 -1.00258
30.42 -0.966892
30.43 -0.930135
30.44 -0.892344
30.45 -0.853583
30.46 -0.813622
30.47 -0.773098
30.48 -0.731848
30.49 -0.689751
30.5 -0.647418
30.51 -0.604253
30.52 -0.560528
30.53 -0.516334
30.54 -0.471884
30.55 -0.426879
30.56 -0.380985
30.57 -0.334679
30.58 -0.288154
30.59 -0.241132
30.6 -0.193482
30.61 -0.145294
30.62 -0.0970255
30.63 -0.0486013
30.64 -0.000156601
30.65 0.0485656
30.66 0.0970281
30.67 0.145408
30.68 0.193448
30.69 0.241221
30.7 0.288541
30.71 0.335502
30.72 0.382282
30.73 0.42884
30.74 0.47467
30.75 0.519925
30.76 0.564667
30.77 0.609023
30.78 0.652392
30.79 0.695236
30.8 0.737397
30.81 0.778825
30.82 0.819462
30.83 0.858815
30.84 0.897588
30.85 0.93532
30.86 0.972127
30.87 1.00807
30.88 1.04283
30.89 1.07667
30.9 1.10956
30.91 1.14167
30.92 1.17245
30.93 1.20208
30.94 1.23055
30.95 1.25754
30.96 1.28359
30.97 1.30813
30.98 1.3312
30.99 1.35284
31 1.373
31.01 1.39182
31.02 1.40909
31.03 1.42487
31.04 1.43899
31.05 1.45163
31.06 1.4629
31.07 1.47257
31.08 1.48075
31.09 1.48744
31.1 1.49275
31.11 1.49706
31.12 1.49999
31.13 1.5015
31.14 1.50147
31.15 1.50014
31.16 1.4977
31.17 1.49362
31.18 1.4879
31.19 1.48074
31.2 1.47189
31.21 1.46166
31.22 1.44958
31.23 1.43599
31.24 1.42071
31.25 1.40417
31.26 1.38636
31.27 1.36688
31.28 1.34597
31.29 1.32391
31.3 1.30032
31.31 1.27563
31.32 1.24983
31.33 1.22289
31.34 1.19489
31.35 1.1657
31.36 1.13555
31.37 1.10445
31.38 1.07234
31.39 1.03916
31.4 1.00511
31.41 0.970088
31.42 0.933947
31.43 0.897142
31.44 0.859417
31.45 0.820727
31.46 0.781394
31.47 0.741138
31.48 0.700422
31.49 0.658905
31.5 0.616677
31.51 0.573816
31.52 0.530225
31.53 0.486246
31.54 0.441729
31.55 0.396652
31.56 0.351269
31.57 0.305713
31.58 0.259867
31.59 0.213768
31.6 0.167561
31.61 0.121233
31.62 0.0750247
31.63 0.0286775
31.64 -0.0175504
31.65 -0.063831
31.66 -0.10995
31.67 -0.155705
31.68 -0.201517
31.69 -0.247123
31.7 -0.292608
31.71 -0.337646
31.72 -0.382532
31.73 -0.427177
31.74 -0.471431
31.75 -0.515228
31.76 -0.558673
31.77 -0.601562
31.78 -0.643845
31.79 -0.685428
31.8 -0.726333
31.81 -0.766733
31.82 -0.806305
31.83 -0.844593
31.84 -0.882169
31.85 -0.918853
31.86 -0.954418
31.87 -0.988845
31.88 -1.02234
31.89 -1.05483
31.9 -1.08628
31.91 -1.11648
31.92 -1.14548
31.93 -1.17337
31.94 -1.20036
31.95 -1.22601
31.96 -1.25058
31.97 -1.27368
31.98 -1.29583
31.99 -1.3167
32 -1.33673
32.01 -1.35529
32.02 -1.37281
32.03 -1.3889
32.04 -1.40396
32.05 -1.41753
32.06 -1.42999
32.07 -1.44087
32.08 -1.4502
32.09 -1.45819
32.1 -1.46462
32.11 -1.46944
32.12 -1.47292
32.13 -1.47461
32.14 -1.47489
32.15 -1.47396
32.16 -1.47138
32.17 -1.46745
32.18 -1.46237
32.19 -1.45588
32.2 -1.44803
32.21 -1.4388
32.22 -1.42805
32.23 -1.41594
32.24 -1.40254
32.25 -1.38749
32.26 -1.37111
32.27 -1.35314
32.28 -1.33413
32.29 -1.31393
32.3 -1.29241
32.31 -1.26941
32.32 -1.24557
32.33 -1.22042
32.34 -1.19426
32.35 -1.16703
32.36 -1.13866
32.37 -1.10903
32.38 -1.0783
32.39 -1.04633
32.4 -1.01349
32.41 -0.979341
32.42 -0.944016
32.43 -0.907995
32.44 -0.871044
32.45 -0.833468
32.46 -0.795064
32.47 -0.75567
32.48 -0.716064
32.49 -0.675696
32.5 -0.634783
32.51 -0.593286
32.52 -0.551248
32.53 -0.508802
32.54 -0.465897
32.55 -0.422413
32.56 -0.378634
32.57 -0.334386
32.58 -0.28996
32.59 -0.245087
32.6 -0.199997
32.61 -0.154779
32.62 -0.109311
32.63 -0.0637541
32.64 -0.0180972
32.65 0.027448
32.66 0.0731508
32.67 0.118911
32.68 0.164525
32.69 0.210047
32.7 0.255474
32.71 0.300762
32.72 0.345953
32.73 0.390983
32.74 0.435542
32.75 0.479807
32.76 0.5235
32.77 0.566551
32.78 0.608947
32.79 0.650522
32.8 0.691029
32.81 0.730565
32.82 0.769006
32.83 0.806591
32.84 0.843117
32.85 0.878608
32.86 0.913302
32.87 0.947446
32.88 0.980776
32.89 1.01312
32.9 1.04468
32.91 1.07526
32.92 1.10488
32.93 1.13343
32.94 1.16097
32.95 1.18715
32.96 1.21204
32.97 1.23591
32.98 1.25816
32.99 1.27915
33 1.29881
33.01 1.31729
33.02 1.33457
33.03 1.35037
33.04 1.36483
33.05 1.37792
33.06 1.38997
33.07 1.40053
33.08 1.4097
33.09 1.41736
33.1 1.42369
33.11 1.42865
33.12 1.43218
33.13 1.43411
33.14 1.43458
33.15 1.4337
33.16 1.43161
33.17 1.42789
33.18 1.4229
33.19 1.41663
33.2 1.40885
33.21 1.39977
33.22 1.38955
33.23 1.378
33.24 1.3651
33.25 1.35082
33.26 1.33506
33.27 1.31806
33.28 1.29964
33.29 1.27972
33.3 1.25856
33.31 1.23603
33.32 1.21218
33.33 1.18698
33.34 1.16071
33.35 1.13315
33.36 1.10462
33.37 1.07526
33.38 1.0446
33.39 1.01308
33.4 0.980475
33.41 0.947023
33.42 0.912885
33.43 0.87791
33.44 0.842004
33.45 0.805204
33.46 0.767773
33.47 0.729716
33.48 0.690691
33.49 0.650871
33.5 0.610455
33.51 0.569423
33.52 0.527911
33.53 0.485956
33.54 0.443475
33.55 0.400721
33.56 0.357572
33.57 0.314209
33.58 0.270376
33.59 0.226562
33.6 0.182243
33.61 0.137674
33.62 0.0929006
33.63 0.0479733
33.64 0.00315006
33.65 -0.0416636
33.66 -0.0866066
33.67 -0.131605
33.68 -0.176271
33.69 -0.220737
33.7 -0.265127
33.71 -0.309102
33.72 -0.35269
33.73 -0.396139
33.74 -0.439277
33.75 -0.48205
33.76 -0.524216
33.77 -0.565822
33.78 -0.606745
33.79 -0.647429
33.8 -0.687149
33.81 -0.726354
33.82 -0.764825
33.83 -0.802347
33.84 -0.838947
33.85 -0.874888
33.86 -0.909826
33.87 -0.943888
33.88 -0.976852
33.89 -1.00895
33.9 -1.04014
33.91 -1.07029
33.92 -1.09939
33.93 -1.12727
33.94 -1.15404
33.95 -1.17971
33.96 -1.20429
33.97 -1.22761
33.98 -1.24958
33.99 -1.27059
34 -1.29037
34.01 -1.30881
34.02 -1.32599
34.03 -1.34162
34.04 -1.35616
34.05 -1.36938
34.06 -1.38146
34.07 -1.3919
34.08 -1.40126
34.09 -1.4092
34.1 -1.41606
34.11 -1.42152
34.12 -1.4256
34.13 -1.42832
34.14 -1.42999
34.15 -1.43008
34.16 -1.4289
34.17 -1.42606
34.18 -1.42161
34.19 -1.41595
34.2 -1.40861
34.21 -1.39973
34.22 -1.3894
34.23 -1.37753
34.24 -1.36426
34.25 -1.34982
34.26 -1.33402
34.27 -1.3166
34.28 -1.29812
34.29 -1.27828
34.3 -1.2573
34.31 -1.23517
34.32 -1.21196
34.33 -1.18763
34.34 -1.16214
34.35 -1.13589
34.36 -1.10858
34.37 -1.08014
34.38 -1.05059
34.39 -1.01999
34.4 -0.98864
34.41 -0.956129
34.42 -0.922773
34.43 -0.888648
34.44 -0.853495
34.45 -0.817359
34.46 -0.780846
34.47 -0.743377
34.48 -0.705136
34.49 -0.666181
34.5 -0.626449
34.51 -0.586116
34.52 -0.545034
34.53 -0.503208
34.54 -0.460968
34.55 -0.418267
34.56 -0.375389
34.57 -0.332217
34.58 -0.288484
34.59 -0.244298
34.6 -0.200165
34.61 -0.156091
34.62 -0.111903
34.63 -0.0671531
34.64 -0.0222441
34.65 0.0221056
34.66 0.0665423
34.67 0.111021
34.68 0.155786
34.69 0.200095
34.7 0.244006
34.71 0.288006
34.72 0.331867
34.73 0.375323
34.74 0.418077
34.75 0.460421
34.76 0.502235
34.77 0.543677
34.78 0.584623
34.79 0.624808
34.8 0.664327
34.81 0.703052
34.82 0.741463
34.83 0.779189
34.84 0.816025
34.85 0.852045
34.86 0.887245
34.87 0.921873
34.88 0.955663
34.89 0.988213
34.9 1.01975
34.91 1.05054
34.92 1.08062
34.93 1.10924
34.94 1.13668
34.95 1.16296
34.96 1.1883
34.97 1.21239
34.98 1.23524
34.99 1.25692
35 1.27744
35.01 1.29671
35.02 1.31469
35.03 1.33161
35.04 1.34713
35.05 1.36123
35.06 1.37395
35.07 1.38571
35.08 1.39596
35.09 1.40472
35.1 1.41183
35.11 1.41803
35.12 1.42289
35.13 1.4262
35.14 1.42783
35.15 1.42858
35.16 1.42808
35.17 1.42599
35.18 1.42247
35.19 1.41779
35.2 1.41168
35.21 1.4041
35.22 1.39506
35.23 1.38477
35.24 1.37301
35.25 1.36012
35.26 1.34577
35.27 1.33001
35.28 1.31297
35.29 1.29481
35.3 1.27533
35.31 1.25476
35.32 1.23289
35.33 1.20986
35.34 1.1855
35.35 1.1601
35.36 1.13349
35.37 1.10582
35.38 1.07683
35.39 1.04709
35.4 1.01597
35.41 0.983798
35.42 0.950659
35.43 0.916898
35.44 0.882159
35.45 0.846425
35.46 0.809928
35.47 0.772798
35.48 0.735047
35.49 0.696503
35.5 0.657137
35.51 0.617256
35.52 0.577059
35.53 0.536038
35.54 0.494445
35.55 0.452381
35.56 0.409823
35.57 0.366697
35.58 0.323506
35.59 0.279658
35.6 0.235697
35.61 0.191306
35.62 0.14682
35.63 0.10235
35.64 0.0573135
35.65 0.0125102
35.66 -0.0325228
35.67 -0.0774964
35.68 -0.122377
35.69 -0.167195
35.7 -0.212189
35.71 -0.256941
35.72 -0.301223
35.73 -0.345362
35.74 -0.389409
35.75 -0.432938
35.76 -0.476098
35.77 -0.518711
35.78 -0.560787
35.79 -0.60214
35.8 -0.642913
35.81 -0.683063
35.82 -0.72225
35.83 -0.760732
35.84 -0.798657
35.85 -0.835767
35.86 -0.87196
35.87 -0.907352
35.88 -0.941997
35.89 -0.975624
35.9 -1.00828
35.91 -1.04004
35.92 -1.07068
35.93 -1.10053
35.94 -1.12944
35.95 -1.15706
35.96 -1.18351
35.97 -1.2088
35.98 -1.23302
35.99 -1.25607
36 -1.27783
36.01 -1.2984
36.02 -1.31774
36.03 -1.33563
36.04 -1.35209
36.05 -1.36749
36.06 -1.38139
36.07 -1.39385
36.08 -1.40511
36.09 -1.41482
36.1 -1.42304
36.11 -1.42993
36.12 -1.43537
36.13 -1.43948
36.14 -1.44204
36.15 -1.44326
36.16 -1.4432
36.17 -1.44155
36.18 -1.43855
36.19 -1.4341
36.2 -1.42819
36.21 -1.42105
36.22 -1.41241
36.23 -1.40204
36.24 -1.39039
36.25 -1.3774
36.26 -1.36312
36.27 -1.34731
36.28 -1.33019
36.29 -1.31178
36.3 -1.29219
36.31 -1.27108
36.32 -1.2489
36.33 -1.22529
36.34 -1.20046
36.35 -1.17462
36.36 -1.14744
36.37 -1.11901
36.38 -1.08969
36.39 -1.05926
36.4 -1.02786
36.41 -0.995447
36.42 -0.961785
36.43 -0.927225
36.44 -0.891734
36.45 -0.855294
36.46 -0.818147
36.47 -0.780038
36.48 -0.741543
36.49 -0.702065
36.5 -0.662125
36.51 -0.621364
36.52 -0.58003
36.53 -0.537985
36.54 -0.495521
36.55 -0.452413
36.56 -0.408748
36.57 -0.364634
36.58 -0.319968
36.59 -0.275143
36.6 -0.230028
36.61 -0.184519
36.62 -0.138668
36.63 -0.0928803
36.64 -0.0471384
36.65 -0.00144559
36.66 0.0441737
36.67 0.0896676
36.68 0.135027
36.69 0.180021
36.7 0.225024
36.71 0.269794
36.72 0.314189
36.73 0.358589
36.74 0.402725
36.75 0.446401
36.76 0.489709
36.77 0.532489
36.78 0.574701
36.79 0.616362
36.8 0.657336
36.81 0.697671
36.82 0.73706
36.83 0.77575
36.84 0.813607
36.85 0.850638
36.86 0.886787
36.87 0.922069
36.88 0.956283
36.89 0.989811
36.9 1.02224
36.91 1.0536
36.92 1.08394
36.93 1.11327
36.94 1.1415
36.95 1.16863
36.96 1.19449
36.97 1.21923
36.98 1.2428
36.99 1.26492
37 1.28593
37.01 1.30539
37.02 1.32364
37.03 1.34063
37.04 1.35622
37.05 1.37053
37.06 1.38317
37.07 1.3949
37.08 1.40519
37.09 1.41408
37.1 1.42165
37.11 1.42785
37.12 1.43262
37.13 1.43615
37.14 1.43809
37.15 1.43856
37.16 1.43769
37.17 1.43518
37.18 1.4313
37.19 1.42596
37.2 1.41892
37.21 1.41074
37.22 1.40099
37.23 1.39006
37.24 1.37769
37.25 1.36394
37.26 1.34885
37.27 1.33253
37.28 1.31463
37.29 1.29578
37.3 1.27545
37.31 1.25397
37.32 1.23125
37.33 1.20734
37.34 1.18212
37.35 1.15589
37.36 1.12846
37.37 1.1
37.38 1.07044
37.39 1.03978
37.4 1.00807
37.41 0.97532
37.42 0.941683
37.43 0.907147
37.44 0.871986
37.45 0.835704
37.46 0.798852
37.47 0.761166
37.48 0.722798
37.49 0.683628
37.5 0.643923
37.51 0.603604
37.52 0.562538
37.53 0.521029
37.54 0.478916
37.55 0.436186
37.56 0.393074
37.57 0.349534
37.58 0.305488
37.59 0.261275
37.6 0.216886
37.61 0.172015
37.62 0.12719
37.63 0.0820282
37.64 0.0371005
37.65 -0.00792393
37.66 -0.052908
37.67 -0.0979512
37.68 -0.14257
37.69 -0.187284
37.7 -0.23184
37.71 -0.276144
37.72 -0.320108
37.73 -0.363886
37.74 -0.407234
37.75 -0.449999
37.76 -0.4925
37.77 -0.534479
37.78 -0.576051
37.79 -0.616825
37.8 -0.657196
37.81 -0.696807
37.82 -0.73568
37.83 -0.77375
37.84 -0.811131
37.85 -0.847731
37.86 -0.883295
37.87 -0.917855
37.88 -0.95171
37.89 -0.984581
37.9 -1.01652
37.91 -1.04742
37.92 -1.07739
37.93 -1.10633
37.94 -1.13411
37.95 -1.16077
37.96 -1.18643
37.97 -1.211
37.98 -1.23419
37.99 -1.25632
38 -1.27705
38.01 -1.29665
38.02 -1.31483
38.03 -1.33166
38.04 -1.3474
38.05 -1.36173
38.06 -1.37483
38.07 -1.38652
38.08 -1.39675
38.09 -1.40562
38.1 -1.41316
38.11 -1.41942
38.12 -1.42422
38.13 -1.42746
38.14 -1.42936
38.15 -1.42972
38.16 -1.42879
38.17 -1.42639
38.18 -1.42255
38.19 -1.41723
38.2 -1.41056
38.21 -1.40244
38.22 -1.39303
38.23 -1.38234
38.24 -1.37017
38.25 -1.35672
38.26 -1.34194
38.27 -1.32569
38.28 -1.30839
38.29 -1.28961
38.3 -1.26962
38.31 -1.24841
38.32 -1.22606
38.33 -1.20226
38.34 -1.17752
38.35 -1.15155
38.36 -1.12439
38.37 -1.0961
38.38 -1.06673
38.39 -1.03612
38.4 -1.0045
38.41 -0.972001
38.42 -0.93866
38.43 -0.904311
38.44 -0.86892
38.45 -0.832808
38.46 -0.79604
38.47 -0.75824
38.48 -0.719805
38.49 -0.680499
38.5 -0.640885
38.51 -0.600298
38.52 -0.559303
38.53 -0.517804
38.54 -0.475502
38.55 -0.433054
38.56 -0.389884
38.57 -0.346403
38.58 -0.3024
38.59 -0.258181
38.6 -0.213516
38.61 -0.169002
38.62 -0.124077
38.63 -0.0791771
38.64 -0.033979
38.65 0.011278
38.66 0.0564048
38.67 0.101637
38.68 0.146649
38.69 0.191587
38.7 0.236199
38.71 0.280495
38.72 0.324491
38.73 0.368429
38.74 0.411662
38.75 0.454756
38.76 0.497244
38.77 0.53926
38.78 0.580624
38.79 0.621487
38.8 0.661791
38.81 0.701325
38.82 0.740328
38.83 0.77864
38.84 0.816049
38.85 0.852633
38.86 0.888495
38.87 0.923317
38.88 0.95735
38.89 0.990178
38.9 1.02233
38.91 1.05336
38.92 1.08345
38.93 1.11252
38.94 1.14044
38.95 1.16705
38.96 1.19272
38.97 1.21695
38.98 1.24009
38.99 1.26207
39 1.28266
39.01 1.30198
39.02 1.32015
39.03 1.33692
39.04 1.3523
39.05 1.36643
39.06 1.37907
39.07 1.39038
39.08 1.40046
39.09 1.40923
39.1 1.41668
39.11 1.42259
39.12 1.42703
39.13 1.43007
39.14 1.43169
39.15 1.43169
39.16 1.4306
39.17 1.42794
39.18 1.4239
39.19 1.41841
39.2 1.41142
39.21 1.40299
39.22 1.39327
39.23 1.38217
39.24 1.36983
39.25 1.35588
39.26 1.34078
39.27 1.32439
39.28 1.30632
39.29 1.28738
39.3 1.26686
39.31 1.24529
39.32 1.22248
39.33 1.19854
39.34 1.17346
39.35 1.14729
39.36 1.11962
39.37 1.09074
39.38 1.06119
39.39 1.03042
39.4 0.998844
39.41 0.965934
39.42 0.932355
39.43 0.897955
39.44 0.862535
39.45 0.82619
39.46 0.788982
39.47 0.751258
39.48 0.712686
39.49 0.67343
39.5 0.633368
39.51 0.592811
39.52 0.551609
39.53 0.510039
39.54 0.467847
39.55 0.425187
39.56 0.382093
39.57 0.338426
39.58 0.294717
39.59 0.250801
39.6 0.206473
39.61 0.161923
39.62 0.117081
39.63 0.0722666
39.64 0.0271302
39.65 -0.0177719
39.66 -0.0626541
39.67 -0.107332
39.68 -0.151956
39.69 -0.196319
39.7 -0.240633
39.71 -0.284716
39.72 -0.328455
39.73 -0.37209
39.74 -0.415273
39.75 -0.457878
39.76 -0.500018
39.77 -0.541915
39.78 -0.583007
39.79 -0.623709
39.8 -0.663698
39.81 -0.703112
39.82 -0.741804
39.83 -0.779803
39.84 -0.816987
39.85 -0.853211
39.86 -0.888648
39.87 -0.923364
39.88 -0.956916
39.89 -0.989725
39.9 -1.02153
39.91 -1.05226
39.92 -1.08191
39.93 -1.11074
39.94 -1.13814
39.95 -1.16471
39.96 -1.19001
39.97 -1.21441
39.98 -1.2373
39.99 -1.25893
40 -1.27957
