0.01 0 52.6257
0.02 2.17114e-06 -21.9706
0.03 5.04729e-06 62.7203
0.04 9.5303e-06 -7.25228
0.05 1.64027e-05 6.49256
0.06 2.53525e-05 77.0178
0.07 3.52342e-05 70.4684
0.08 4.4914e-05 89.8279
0.09 5.36687e-05 107.337
0.1 6.11031e-05 95.8934
0.11 6.68463e-05 107.38
0.12 7.05161e-05 167.345
0.13 7.19988e-05 117.685
0.14 7.16884e-05 117.064
0.15 7.01362e-05 87.6466
0.16 6.78025e-05 161.918
0.17 6.48686e-05 156.05
0.18 6.15315e-05 96.7502
0.19 5.80591e-05 89.8054
0.2 5.46263e-05 82.9397
0.21 5.12004e-05 76.088
0.22 4.75371e-05 95.0742
0.23 4.33318e-05 139.289
0.24 3.83279e-05 76.6557
0.25 3.23116e-05 117.249
0.26 2.48193e-05 49.6386
0.27 1.53102e-05 -48.3182
0.28 3.20103e-06 32.7149
0.29 -1.21696e-05 -76.965
0.3 -3.13408e-05 -36.3687
0.31 -5.5103e-05 -83.8931
0.32 -8.42419e-05 -168.484
0.33 -0.000119481 -291.587
0.34 -0.000161385 -296.457
0.35 -0.000210506 -473.638
0.36 -0.000267236 -481.846
0.37 -0.000332036 -637.759
0.38 -0.000405053 -836.42
0.39 -0.000486212 -972.424
0.4 -0.000575326 -1098.03
0.41 -0.000672141 -1317.97
0.42 -0.00077627 -1552.54
0.43 -0.0008872 -1800.71
0.44 -0.00100429 -1982.26
0.45 -0.00112691 -2280.13
0.46 -0.00125445 -2535.21
0.47 -0.00138642 -2772.84
0.48 -0.00152231 -3018.31
0.49 -0.00166161 -3323.22
0.5 -0.00180381 -3581.31
0.51 -0.00194858 -3870.86
0.52 -0.00209563 -4243.88
0.53 -0.00224456 -4541.74
0.54 -0.00239501 -4816.34
0.55 -0.0025467 -5093.39
0.56 -0.00269941 -5398.82
0.57 -0.00285302 -5732.35
0.58 -0.00300733 -5988.34
0.59 -0.00316216 -6271.7
0.6 -0.00331734 -6660.99
0.61 -0.00347266 -6945.33
0.62 -0.00362797 -7255.94
0.63 -0.00378283 -7565.65
0.64 -0.00393655 -7846.79
0.65 -0.00408832 -8150.33
0.66 -0.00423717 -8448.02
0.67 -0.00438193 -8763.87
0.68 -0.00452121 -9016.1
0.69 -0.00465345 -9306.9
0.7 -0.00477715 -9554.29
0.71 -0.00489107 -9861.08
0.72 -0.00499418 -9935.74
0.73 -0.00508581 -10224.2
0.74 -0.00516539 -10383.4
0.75 -0.00523299 -10439.7
0.76 -0.00528919 -10631
0.77 -0.00533481 -10643.3
0.78 -0.00537082 -10767.9
0.79 -0.00539798 -10796
0.8 -0.00541711 -10834.2
0.81 -0.00542879 -10857.6
0.82 -0.00543321 -10866.4
0.83 -0.00542974 -10885.8
0.84 -0.00541699 -10807.7
0.85 -0.00539307 -10812.5
0.86 -0.00535561 -10763.8
0.87 -0.00530172 -10656.1
0.88 -0.0052279 -10482.1
0.89 -0.0051302 -10260.4
0.9 -0.00500476 -9983.21
0.91 -0.00484823 -9696.46
0.92 -0.0046576 -9288.88
0.93 -0.00443013 -8886.58
0.94 -0.00416357 -8353.46
0.95 -0.00385699 -7687.68
0.96 -0.00351131 -6996.3
0.97 -0.00312826 -6282.83
0.98 -0.00270968 -5419.37
0.99 -0.00225854 -4543.39
1 -0.00177923 -3532.15
1.01 -0.00127657 -2553.15
1.02 -0.000754463 -1482.61
1.03 -0.000215808 -378.989
1.04 0.00033681 726.245
1.05 0.000900951 1775.59
1.06 0.00147538 2950.76
1.07 0.00206043 4147.18
1.08 0.00265695 5287.6
1.09 0.00326507 6530.13
1.1 0.00388438 7795.07
1.11 0.00451469 9029.39
1.12 0.00515542 10310.8
1.13 0.00580478 11635.9
1.14 0.0064601 12920.2
1.15 0.00711822 14210.1
1.16 0.00777553 15524.7
1.17 0.00842811 16856.2
1.18 0.00907203 18117.8
1.19 0.00970351 19407
1.2 0.0103187 20663.8
1.21 0.0109144 21881.5
1.22 0.0114885 22976.9
1.23 0.01204 24027.4
1.24 0.0125693 25138.7
1.25 0.013077 26180.3
1.26 0.0135646 27103
1.27 0.0140355 28071.1
1.28 0.0144937 28987.3
1.29 0.0149423 29858.3
1.3 0.015384 30741.7
1.31 0.0158216 31695.8
1.32 0.0162582 32490.2
1.33 0.016696 33365.7
1.34 0.0171352 34270.4
1.35 0.0175761 35152.1
1.36 0.0180192 36038.3
1.37 0.0184641 36954.4
1.38 0.0189089 37791.6
1.39 0.0193513 38728.9
1.4 0.0197881 39576.2
1.41 0.0202157 40431.4
1.42 0.0206296 41206.6
1.43 0.021025 42023.7
1.44 0.021397 42872.9
1.45 0.0217412 43508.7
1.46 0.0220541 44108.1
1.47 0.0223323 44638.3
1.48 0.0225732 45120.1
1.49 0.022775 45549.9
1.5 0.0229359 45871.8
1.51 0.0230538 46160.1
1.52 0.0231256 46303.9
1.53 0.0231491 46298.1
1.54 0.0231214 46242.9
1.55 0.0230389 46077.7
1.56 0.022897 45767.7
1.57 0.0226932 45333.7
1.58 0.0224264 44879.2
1.59 0.0220959 44244.5
1.6 0.0217013 43323.6
1.61 0.0212442 42435.9
1.62 0.020729 41405.4
1.63 0.0201603 40320.5
1.64 0.0195419 39110.2
1.65 0.0188779 37755.8
1.66 0.0181733 36320.2
1.67 0.0174333 34919.2
1.68 0.0166616 33349.5
1.69 0.0158608 31747.8
1.7 0.0150338 30067.6
1.71 0.0141839 28420.3
1.72 0.0133132 26626.4
1.73 0.0124232 24872.8
1.74 0.011515 23108.9
1.75 0.0105888 21203.8
1.76 0.00964471 19263.1
1.77 0.00868268 17339.1
1.78 0.00770213 15456.9
1.79 0.00670196 13351.3
1.8 0.00568146 11415.5
1.81 0.00464083 9307.97
1.82 0.00358128 7162.56
1.83 0.00250389 5007.79
1.84 0.0014098 2740.67
1.85 0.000301311 628.935
1.86 -0.000818372 -1636.74
1.87 -0.00194608 -3918.47
1.88 -0.00307915 -6210.92
1.89 -0.00421444 -8402.57
1.9 -0.00534759 -10668.9
1.91 -0.00647323 -12946.5
1.92 -0.00758595 -15171.9
1.93 -0.00867998 -17360
1.94 -0.00974817 -19549
1.95 -0.0107827 -21618.1
1.96 -0.0117771 -23580.6
1.97 -0.0127262 -25478.8
1.98 -0.013626 -27251.9
1.99 -0.0144736 -28920.9
2 -0.015269 -30564.2
2.01 -0.0160136 -32053.5
2.02 -0.0167101 -33446.5
2.03 -0.0173619 -34671.1
2.04 -0.0179732 -35999
2.05 -0.0185483 -37096.7
2.06 -0.0190926 -38185.1
2.07 -0.0196117 -39144.5
2.08 -0.020112 -40197.7
2.09 -0.0206 -41252.6
2.1 -0.0210827 -42218
2.11 -0.0215671 -43107.8
2.12 -0.0220586 -44117.3
2.13 -0.0225603 -45094.3
2.14 -0.023072 -46117.7
2.15 -0.0235905 -47207.3
2.16 -0.0241091 -48244.4
2.17 -0.0246175 -49261.4
2.18 -0.0251031 -50179.9
2.19 -0.0255524 -51131
2.2 -0.0259521 -51904.3
2.21 -0.0262907 -52581.5
2.22 -0.0265583 -53143
2.23 -0.0267474 -53468.5
2.24 -0.0268533 -53732.9
2.25 -0.0268743 -53722.3
2.26 -0.0268114 -53596.6
2.27 -0.0266673 -53334.6
2.28 -0.0264457 -52865
2.29 -0.0261523 -52331
2.3 -0.0257953 -51616.9
2.31 -0.0253831 -50818.8
2.32 -0.0249236 -49794.6
2.33 -0.0244248 -48928.6
2.34 -0.023895 -47763.7
2.35 -0.0233423 -46737.2
2.36 -0.0227733 -45520.4
2.37 -0.0221933 -44413
2.38 -0.0216072 -43240.7
2.39 -0.0210205 -42041.1
2.4 -0.0204387 -40956.3
2.41 -0.0198662 -39732.4
2.42 -0.0193077 -38589.1
2.43 -0.0187681 -37509.8
2.44 -0.0182525 -36531.3
2.45 -0.017766 -35479.4
2.46 -0.0173131 -34599.9
2.47 -0.0168975 -33795
2.48 -0.016523 -33072.3
2.49 -0.0161934 -32386.8
2.5 -0.0159125 -31824.9
2.51 -0.0156826 -31365.2
2.52 -0.0155048 -31009.7
2.53 -0.0153792 -30732
2.54 -0.0153041 -30634.5
2.55 -0.0152756 -30551.2
2.56 -0.0152864 -30572.8
2.57 -0.015326 -30678.3
2.58 -0.015382 -30764
2.59 -0.0154411 -30882.3
2.6 -0.0154899 -31006.1
2.61 -0.0155144 -30976.2
2.62 -0.0155026 -30978.9
2.63 -0.0154466 -30866.8
2.64 -0.0153425 -30685.1
2.65 -0.01519 -30327.4
2.66 -0.0149915 -30009.3
2.67 -0.0147527 -29479
2.68 -0.0144824 -28938.5
2.69 -0.0141908 -28329
2.7 -0.0138875 -27775
2.71 -0.0135811 -27162.2
2.72 -0.0132794 -26558.8
2.73 -0.0129893 -25952.3
2.74 -0.0127156 -25404.9
2.75 -0.0124611 -24869.5
2.76 -0.0122268 -24480
2.77 -0.0120133 -24000.3
2.78 -0.0118205 -23667.3
2.79 -0.0116478 -23295.7
2.8 -0.0114945 -23015.2
2.81 -0.0113593 -22666
2.82 -0.0112416 -22457
2.83 -0.0111408 -22255.4
2.84 -0.0110561 -22085.8
2.85 -0.0109855 -22050
2.86 -0.0109269 -21880
2.87 -0.0108774 -21728.4
2.88 -0.0108339 -21615.1
2.89 -0.0107924 -21532.1
2.9 -0.0107479 -21522.1
2.91 -0.010695 -21389.9
2.92 -0.0106284 -21256.9
2.93 -0.0105429 -21138.4
2.94 -0.0104324 -20917.5
2.95 -0.0102915 -20635.6
2.96 -0.0101153 -20151.6
2.97 -0.00989965 -19773
2.98 -0.00964097 -19308.2
2.99 -0.0093365 -18646.7
3 -0.00898466 -17995.6
3.01 -0.00858428 -17168.6
3.02 -0.00813461 -16321.8
3.03 -0.00763519 -15349.3
3.04 -0.00708539 -14170.8
3.05 -0.00648396 -12994.2
3.06 -0.00582909 -11631.9
3.07 -0.00511886 -10237.7
3.08 -0.00435091 -8675.5
3.09 -0.00352312 -7098.87
3.1 -0.00263456 -5295.44
3.11 -0.00168616 -3319.7
3.12 -0.000680788 -1335.26
3.13 0.000376304 726.295
3.14 0.00147698 2953.97
3.15 0.00261107 5248.45
3.16 0.0037675 7535
3.17 0.00493482 9895.96
3.18 0.00610184 12230
3.19 0.00725915 14492
3.2 0.00840022 16721.5
3.21 0.00952106 19042.1
3.22 0.0106196 21265.5
3.23 0.0116962 23392.4
3.24 0.0127536 25481
3.25 0.0137956 27538.6
3.26 0.0148249 29623.5
3.27 0.0158436 31713.6
3.28 0.016854 33708
3.29 0.0178573 35662
3.3 0.0188524 37704.9
3.31 0.0198369 39647.5
3.32 0.0208091 41644.4
3.33 0.0217673 43534.6
3.34 0.0227094 45418.8
3.35 0.0236331 47239.8
3.36 0.0245371 49021.5
3.37 0.025421 50868.3
3.38 0.026284 52541.7
3.39 0.0271252 54329.4
3.4 0.0279438 55808.7
3.41 0.0287395 57505.4
3.42 0.029512 59023.9
3.43 0.0302607 60521.3
3.44 0.0309852 62023
3.45 0.0316848 63343.4
3.46 0.0323578 64663.1
3.47 0.0330011 65975.9
3.48 0.0336103 67220.6
3.49 0.0341791 68384.6
3.5 0.0346994 69346.1
3.51 0.035162 70297.6
3.52 0.0355579 71089.4
3.53 0.0358788 71783.9
3.54 0.0361183 72263
3.55 0.0362729 72519.6
3.56 0.0363424 72711.2
3.57 0.0363302 72686.6
3.58 0.0362428 72433
3.59 0.0360894 72152.4
3.6 0.0358798 71759.6
3.61 0.0356235 71220.7
3.62 0.0353283 70709.1
3.63 0.0349994 69998.8
3.64 0.0346395 69279
3.65 0.0342471 68494.2
3.66 0.0338175 67635
3.67 0.0333445 66662.6
3.68 0.0328218 65617.2
3.69 0.032243 64459.7
3.7 0.0316018 63177.3
3.71 0.0308938 61734.9
3.72 0.0301173 60234.6
3.73 0.0292729 58519.6
3.74 0.0283618 56749.9
3.75 0.0273854 54770.8
3.76 0.0263466 52640.5
3.77 0.0252482 50470.2
3.78 0.0240928 48185.7
3.79 0.0228821 45711.6
3.8 0.0216176 43261.5
3.81 0.0203004 40653.5
3.82 0.0189327 37891.7
3.83 0.0175177 35061.7
3.84 0.0160592 32144.7
3.85 0.0145609 29148
3.86 0.0130272 26107
3.87 0.0114638 22927.6
3.88 0.00987612 19752.2
3.89 0.00826785 16588.3
3.9 0.00664113 13282.3
3.91 0.00499769 10021.7
3.92 0.00333881 6677.63
3.93 0.00166503 3303.75
3.94 -2.39558e-05 -100.537
3.95 -0.00172813 -3456.25
3.96 -0.00344558 -6943.79
3.97 -0.00517187 -10317.4
3.98 -0.00690082 -13801.6
3.99 -0.00862485 -17276
4 -0.0103346 -20669.3
4.01 -0.0120189 -24064.2
4.02 -0.0136656 -27410.1
4.03 -0.0152632 -30526.4
4.04 -0.0168021 -33604.1
4.05 -0.0182738 -36547.7
4.06 -0.0196711 -39316
4.07 -0.020988 -41949.8
4.08 -0.0222204 -44414.4
4.09 -0.0233652 -46756.8
4.1 -0.02442 -48892.7
4.11 -0.025382 -50711.4
4.12 -0.0262483 -52496.7
4.13 -0.0270162 -54058.7
4.14 -0.0276829 -55339.5
4.15 -0.0282458 -56518
4.16 -0.0287022 -57378.1
4.17 -0.0290493 -58072.4
4.18 -0.0292851 -58649.2
4.19 -0.0294086 -58817.2
4.2 -0.0294208 -58867.8
4.21 -0.0293237 -58647.4
4.22 -0.0291214 -58269
4.23 -0.0288207 -57641.5
4.24 -0.0284324 -56812.2
4.25 -0.0279693 -55938.7
4.26 -0.0274459 -54865.5
4.27 -0.026878 -53729.7
4.28 -0.026282 -52564
4.29 -0.0256735 -51294.4
4.3 -0.0250662 -50079.8
4.31 -0.024471 -48968.3
4.32 -0.0238958 -47817.9
4.33 -0.0233463 -46640
4.34 -0.022826 -45625.8
4.35 -0.0223372 -44727
4.36 -0.0218813 -43789
4.37 -0.0214603 -42973.3
4.38 -0.0210765 -42231.9
4.39 -0.0207332 -41519
4.4 -0.0204347 -40869.5
4.41 -0.0201854 -40397.2
4.42 -0.0199887 -40003.7
4.43 -0.0198462 -39692.5
4.44 -0.0197577 -39541.7
4.45 -0.0197202 -39387.9
4.46 -0.0197281 -39429.8
4.47 -0.0197719 -39570
4.48 -0.0198397 -39784.7
4.49 -0.019919 -39811.7
4.5 -0.0199977 -40021.8
4.51 -0.0200643 -40155
4.52 -0.0201077 -40162.8
4.53 -0.0201191 -40185.6
4.54 -0.0200929 -40212.2
4.55 -0.020025 -40076.3
4.56 -0.0199113 -39822.5
4.57 -0.0197473 -39520.8
4.58 -0.0195288 -39083.9
4.59 -0.0192517 -38503.4
4.6 -0.0189111 -37848.5
4.61 -0.0185016 -36950.5
4.62 -0.0180188 -36064
4.63 -0.0174607 -34947.7
4.64 -0.0168273 -33681
4.65 -0.0161211 -32189.6
4.66 -0.0153467 -30719.7
4.67 -0.0145099 -28993.4
4.68 -0.013617 -27260.2
4.69 -0.0126739 -25400.5
4.7 -0.0116858 -23371.5
4.71 -0.0106559 -21311.7
4.72 -0.00958563 -19145
4.73 -0.0084752 -16924.1
4.74 -0.00732445 -14648.9
4.75 -0.00613385 -12294
4.76 -0.00490454 -9782.77
4.77 -0.0036383 -7302.91
4.78 -0.00233771 -4675.41
4.79 -0.00100684 -2039.99
4.8 0.000348987 671.661
4.81 0.00172421 3448.42
4.82 0.00311389 6227.77
4.83 0.00451334 9000.38
4.84 0.00591717 11887
4.85 0.00731901 14611.7
4.86 0.00871266 17346.4
4.87 0.0100927 20159.1
4.88 0.0114541 22908.3
4.89 0.0127915 25583
4.9 0.0140991 28250.8
4.91 0.0153727 30771.7
4.92 0.0166116 33196.8
4.93 0.0178172 35634.3
4.94 0.0189895 37979
4.95 0.0201274 40202.1
4.96 0.021232 42437.6
4.97 0.0223057 44611.5
4.98 0.0233465 46693
4.99 0.0243469 48720.2
5 0.0252998 50625.9
5.01 0.0261987 52423.7
5.02 0.0270354 54044.4
5.03 0.0277999 55599.8
5.04 0.0284837 56914.7
5.05 0.0290811 58135.9
5.06 0.0295892 59178.5
5.07 0.0300068 60013.7
5.08 0.0303336 60667.3
5.09 0.0305701 61140.1
5.1 0.0307175 61461.3
5.11 0.0307779 61555.8
5.12 0.0307523 61504.6
5.13 0.03064 61227.4
5.14 0.0304397 60826.8
5.15 0.0301504 60327.2
5.16 0.0297722 59544.3
5.17 0.0293059 58559.1
5.18 0.0287538 57507.5
5.19 0.0281199 56187.1
5.2 0.0274108 54821.6
5.21 0.0266354 53297.2
5.22 0.0258036 51554.5
5.23 0.024925 49823.6
5.24 0.0240086 48017.2
5.25 0.0230624 46124.9
5.26 0.0220931 44186.1
5.27 0.0211047 42183.1
5.28 0.0200992 40198.5
5.29 0.0190764 38152.8
5.3 0.0180348 36069.7
5.31 0.0169725 33997.6
5.32 0.0158868 31747.3
5.33 0.0147754 29550.7
5.34 0.0136357 27271.4
5.35 0.012466 24853.1
5.36 0.0112658 22505.3
5.37 0.0100356 20045
5.38 0.00877744 17554.9
5.39 0.00749389 14987.8
5.4 0.0061889 12298.9
5.41 0.00486822 9683.82
5.42 0.00353942 7105.15
5.43 0.00221119 4422.38
5.44 0.000892549 1811.41
5.45 -0.000407325 -814.65
5.46 -0.00167842 -3383.16
5.47 -0.00290998 -5846.27
5.48 -0.00409161 -8209.53
5.49 -0.00521451 -10429
5.5 -0.00627118 -12595
5.51 -0.00725391 -14481.5
5.52 -0.00815412 -16281.9
5.53 -0.00896342 -17953.1
5.54 -0.00967655 -19379.4
5.55 -0.0102931 -20586.2
5.56 -0.0108066 -21534.2
5.57 -0.0112129 -22399.5
5.58 -0.011514 -22975.3
5.59 -0.0117162 -23406.1
5.6 -0.011825 -23650.1
5.61 -0.0118419 -23683.8
5.62 -0.0117755 -23524.7
5.63 -0.0116353 -23218
5.64 -0.0114282 -22830.2
5.65 -0.0111579 -22368.4
5.66 -0.0108262 -21626.1
5.67 -0.0104347 -20869.4
5.68 -0.00998372 -19993.8
5.69 -0.00947113 -18942.3
5.7 -0.00889288 -17812.1
5.71 -0.0082449 -16463.5
5.72 -0.00752455 -15022.8
5.73 -0.00673039 -13460.8
5.74 -0.00586157 -11723.1
5.75 -0.00491773 -9861.78
5.76 -0.00389968 -7773.05
5.77 -0.00281021 -5567.79
5.78 -0.00165331 -3438.18
5.79 -0.000432691 -865.383
5.8 0.000848217 1722.75
5.81 0.00218598 4371.96
5.82 0.00357677 7179.85
5.83 0.00501709 10034.2
5.84 0.00650445 13008.9
5.85 0.00803701 16100.3
5.86 0.00961294 19252.2
5.87 0.0112299 22459.9
5.88 0.0128852 25823
5.89 0.0145756 29203.8
5.9 0.0162978 32595.6
5.91 0.018048 36043.5
5.92 0.019822 39617.7
5.93 0.0216154 43204.5
5.94 0.0234244 46848.9
5.95 0.0252463 50440
5.96 0.0270791 54105.5
5.97 0.0289214 57842.7
5.98 0.0307718 61543.5
5.99 0.0326291 65205.6
6 0.0344926 69011.5
6.01 0.0363606 72747.5
6.02 0.0382303 76486.9
6.03 0.0400968 80219.9
6.04 0.0419544 83882.4
6.05 0.0437963 87566.2
6.06 0.0456138 91201.3
6.07 0.0473964 94819.2
6.08 0.0491328 98265.5
6.09 0.0508111 101622
6.1 0.0524196 104813
6.11 0.0539466 107920
6.12 0.0553811 110736
6.13 0.0567137 113454
6.14 0.0579365 115847
6.15 0.0590442 118062
6.16 0.0600327 120092
6.17 0.0609002 121774
6.18 0.0616465 123293
6.19 0.0622723 124650
6.2 0.062779 125532
6.21 0.0631683 126337
6.22 0.0634413 126962
6.23 0.0635986 127223
6.24 0.0636399 127227
6.25 0.0635641 127155
6.26 0.0633698 126792
6.27 0.0630551 126110
6.28 0.0626185 125290
6.29 0.0620581 124116
6.3 0.061373 122772
6.31 0.0605625 121099
6.32 0.0596268 119227
6.33 0.0585657 117131
6.34 0.0573792 114706
6.35 0.056067 112160
6.36 0.0546294 109285
6.37 0.0530664 106159
6.38 0.0513785 102783
6.39 0.0495665 99159.4
6.4 0.0476325 95291.4
6.41 0.0455801 91133.9
6.42 0.0434143 86802.2
6.43 0.0411412 82282.3
6.44 0.0387682 77510.1
6.45 0.0363042 72582
6.46 0.0337586 67543.4
6.47 0.0311411 62282.2
6.48 0.0284612 56896.2
6.49 0.0257282 51377.4
6.5 0.0229503 45900.6
6.51 0.0201351 40322.7
6.52 0.0172886 34603.6
6.53 0.0144159 28831.9
6.54 0.0115206 23041.2
6.55 0.00860524 17210.5
6.56 0.00567162 11316.9
6.57 0.00272114 5389.65
6.58 -0.000244916 -489.832
6.59 -0.0032251 -6502.83
6.6 -0.00621747 -12434.9
6.61 -0.00921933 -18438.7
6.62 -0.0122271 -24480.4
6.63 -0.0152367 -30499.6
6.64 -0.0182443 -36462.3
6.65 -0.0212463 -42413.6
6.66 -0.0242389 -48504.1
6.67 -0.0272189 -54437.8
6.68 -0.0301841 -60341.8
6.69 -0.0331328 -66265.6
6.7 -0.0360631 -72178.8
6.71 -0.0389724 -78023.7
6.72 -0.0418572 -83714.5
6.73 -0.0447133 -89400.4
6.74 -0.0475347 -95069.4
6.75 -0.0503136 -100627
6.76 -0.0530409 -106056
6.77 -0.0557072 -111441
6.78 -0.0583027 -116579
6.79 -0.0608187 -121611
6.8 -0.0632474 -126468
6.81 -0.0655827 -131165
6.82 -0.0678205 -135667
6.83 -0.0699584 -139838
6.84 -0.0719955 -143991
6.85 -0.0739318 -147890
6.86 -0.0757673 -151535
6.87 -0.0775023 -154952
6.88 -0.0791368 -158247
6.89 -0.0806701 -161314
6.9 -0.0821007 -164228
6.91 -0.0834268 -166880
6.92 -0.0846462 -169292
6.93 -0.0857562 -171512
6.94 -0.0867536 -173560
6.95 -0.087635 -175244
6.96 -0.0883975 -176821
6.97 -0.089038 -178050
6.98 -0.0895537 -179055
6.99 -0.0899433 -179887
7 -0.0902073 -180467
7.01 -0.0903481 -180722
7.02 -0.0903695 -180739
7.03 -0.0902773 -180555
7.04 -0.090079 -180184
7.05 -0.0897828 -179592
7.06 -0.0893967 -178767
7.07 -0.0889282 -177856
7.08 -0.0883834 -176767
7.09 -0.0877679 -175536
7.1 -0.0870861 -174225
7.11 -0.0863419 -172710
7.12 -0.0855387 -171104
7.13 -0.0846803 -169361
7.14 -0.0837713 -167595
7.15 -0.0828175 -165609
7.16 -0.081825 -163650
7.17 -0.0807999 -161600
7.18 -0.079748 -159522
7.19 -0.0786748 -157350
7.2 -0.0775848 -155249
7.21 -0.0764803 -152987
7.22 -0.075361 -150669
7.23 -0.0742253 -148451
7.24 -0.0730696 -146218
7.25 -0.0718891 -143804
7.26 -0.0706774 -141381
7.27 -0.0694272 -138854
7.28 -0.0681311 -136315
7.29 -0.0667823 -133591
7.3 -0.0653747 -130776
7.31 -0.0639025 -127805
7.32 -0.0623606 -124642
7.33 -0.0607454 -121544
7.34 -0.0590549 -118136
7.35 -0.0572885 -114577
7.36 -0.0554467 -110867
7.37 -0.0535312 -107115
7.38 -0.0515451 -103117
7.39 -0.0494932 -98933.8
7.4 -0.0473812 -94815.1
7.41 -0.0452149 -90429.7
7.42 -0.043 -86026.4
7.43 -0.0407429 -81485.8
7.44 -0.0384501 -76952.7
7.45 -0.0361276 -72255.1
7.46 -0.033781 -67535.7
7.47 -0.0314154 -62830.8
7.48 -0.0290355 -58071.1
7.49 -0.0266461 -53265.9
7.5 -0.0242514 -48502.7
7.51 -0.0218548 -43735.8
7.52 -0.0194589 -38891.5
7.53 -0.0170661 -34105.9
7.54 -0.0146783 -29356.6
7.55 -0.0122971 -24541.6
7.56 -0.00992382 -19847.6
7.57 -0.00755877 -15091.2
7.58 -0.00520231 -10378.3
7.59 -0.00285524 -5684.17
7.6 -0.000518897 -1064.11
7.61 0.00180556 3584.8
7.62 0.00411731 8208.32
7.63 0.00641558 12778.5
7.64 0.00869918 17372.1
7.65 0.010967 21960.4
7.66 0.0132193 26464.9
7.67 0.0154585 30943.4
7.68 0.0176893 35378.6
7.69 0.0199172 39860.7
7.7 0.0221486 44297.2
7.71 0.0243917 48730.8
7.72 0.0266574 53288.5
7.73 0.0289574 57888.6
7.74 0.0313 62600
7.75 0.033687 67400.3
7.76 0.0361252 72250.4
7.77 0.038618 77288.7
7.78 0.0411617 82323.3
7.79 0.0437466 87519.6
7.8 0.0463637 92753.7
7.81 0.0490075 98015
7.82 0.0516657 103358
7.83 0.0543255 108598
7.84 0.0569764 113953
7.85 0.0596101 119194
7.86 0.0622194 124465
7.87 0.0647969 129620
7.88 0.0673356 134592
7.89 0.0698298 139686
7.9 0.0722754 144498
7.91 0.0746685 149390
7.92 0.0770052 154037
7.93 0.079281 158562
7.94 0.0814926 162985
7.95 0.0836372 167327
7.96 0.085712 171424
7.97 0.0877142 175428
7.98 0.0896404 179281
7.99 0.0914875 182922
8 0.0932531 186506
8.01 0.0949351 189818
8.02 0.0965315 193063
8.03 0.0980403 196160
8.04 0.0994603 198921
8.05 0.100791 201556
8.06 0.102032 204038
8.07 0.103183 206367
8.08 0.104243 208513
8.09 0.105211 210448
8.1 0.106085 212169
8.11 0.106862 213777
8.12 0.10754 215159
8.13 0.108115 216230
8.14 0.108584 217168
8.15 0.108944 217915
8.16 0.109193 218413
8.17 0.109329 218685
8.18 0.109351 218703
8.19 0.10926 218519
8.2 0.109054 218187
8.21 0.108736 217525
8.22 0.108307 216641
8.23 0.107769 215590
8.24 0.107122 214244
8.25 0.106367 212708
8.26 0.105505 210983
8.27 0.104536 209045
8.28 0.103459 206865
8.29 0.102273 204572
8.3 0.100976 201925
8.31 0.0995659 199079
8.32 0.0980412 196030
8.33 0.0963997 192852
8.34 0.0946387 189304
8.35 0.0927552 185563
8.36 0.0907465 181493
8.37 0.0886103 177221
8.38 0.0863441 172636
8.39 0.0839441 167888
8.4 0.0814046 162783
8.41 0.0787195 157413
8.42 0.0758839 151768
8.43 0.0728953 145791
8.44 0.0697438 139461
8.45 0.0664223 132818
8.46 0.0629326 125812
8.47 0.0592739 118522
8.48 0.0554482 110896
8.49 0.0514592 102918
8.5 0.0473117 94623.4
8.51 0.0430197 86092.1
8.52 0.0385952 77164.2
8.53 0.0340438 68166.6
8.54 0.0293771 58727.9
8.55 0.0246074 49241.2
8.56 0.0197455 39464.7
8.57 0.0148003 29600.6
8.58 0.00978054 19613.7
8.59 0.00469661 9366.9
8.6 -0.000439611 -905.534
8.61 -0.00561569 -11284
8.62 -0.010819 -21611.8
8.63 -0.0160366 -32099.5
8.64 -0.0212542 -42534.8
8.65 -0.0264574 -52862.2
8.66 -0.0316323 -63317.3
8.67 -0.0367668 -73507.4
8.68 -0.0418505 -83727.3
8.69 -0.0468744 -93696.2
8.7 -0.051831 -103662
8.71 -0.056714 -113375
8.72 -0.061519 -123012
8.73 -0.0662431 -132539
8.74 -0.0708839 -141768
8.75 -0.0754383 -150850
8.76 -0.0799031 -159780
8.77 -0.0842752 -168524
8.78 -0.0885517 -177077
8.79 -0.0927287 -185484
8.8 -0.0968014 -193550
8.81 -0.100765 -201503
8.82 -0.104614 -209201
8.83 -0.108344 -216767
8.84 -0.111952 -223956
8.85 -0.115432 -230838
8.86 -0.118781 -237588
8.87 -0.121996 -243966
8.88 -0.125076 -250152
8.89 -0.128019 -256012
8.9 -0.130824 -261701
8.91 -0.133491 -267007
8.92 -0.136017 -272114
8.93 -0.138404 -276860
8.94 -0.140648 -281270
8.95 -0.142747 -285494
8.96 -0.144695 -289417
8.97 -0.146489 -292979
8.98 -0.148123 -296220
8.99 -0.149591 -299207
9 -0.150886 -301771
9.01 -0.152003 -304005
9.02 -0.152937 -305875
9.03 -0.153687 -307348
9.04 -0.154249 -308525
9.05 -0.154623 -309246
9.06 -0.154809 -309618
9.07 -0.154808 -309643
9.08 -0.154623 -309246
9.09 -0.154258 -308541
9.1 -0.153715 -307377
9.11 -0.153 -305974
9.12 -0.152117 -304234
9.13 -0.151072 -302170
9.14 -0.149868 -299737
9.15 -0.148511 -297075
9.16 -0.147003 -294007
9.17 -0.145347 -290667
9.18 -0.143543 -287061
9.19 -0.141595 -283163
9.2 -0.1395 -279026
9.21 -0.13726 -274493
9.22 -0.134875 -269724
9.23 -0.132347 -264642
9.24 -0.129678 -259409
9.25 -0.12687 -253793
9.26 -0.123927 -247881
9.27 -0.120852 -241731
9.28 -0.11765 -235326
9.29 -0.114324 -228674
9.3 -0.110876 -221673
9.31 -0.10731 -214621
9.32 -0.103629 -207257
9.33 -0.0998343 -199669
9.34 -0.09593 -191886
9.35 -0.0919192 -183865
9.36 -0.0878064 -175639
9.37 -0.0835968 -167194
9.38 -0.0792968 -158515
9.39 -0.0749132 -149879
9.4 -0.070453 -140959
9.41 -0.0659236 -131847
9.42 -0.0613322 -122664
9.43 -0.0566861 -113372
9.44 -0.0519923 -103958
9.45 -0.0472572 -94514.5
9.46 -0.0424868 -84999.9
9.47 -0.037687 -75347.7
9.48 -0.0328637 -65753.7
9.49 -0.0280226 -56018.9
9.5 -0.0231691 -46285.6
9.51 -0.0183083 -36616.6
9.52 -0.0134454 -26890.7
9.53 -0.0085857 -17118.8
9.54 -0.00373442 -7521.46
9.55 0.00110386 2181.41
9.56 0.00592458 11822.8
9.57 0.010723 21472.3
9.58 0.0154941 31014.6
9.59 0.0202329 40413.2
9.6 0.0249345 49895.3
9.61 0.0295937 59213.7
9.62 0.0342049 68409.8
9.63 0.0387623 77498.2
9.64 0.0432601 86520.2
9.65 0.047693 95359.7
9.66 0.0520557 104059
9.67 0.0563431 112739
9.68 0.0605501 121100
9.69 0.064672 129318
9.7 0.0687047 137436
9.71 0.0726443 145262
9.72 0.0764879 152976
9.73 0.0802327 160518
9.74 0.0838767 167780
9.75 0.0874192 174838
9.76 0.0908606 181747
9.77 0.0942015 188377
9.78 0.0974427 194859
9.79 0.100585 201144
9.8 0.10363 207208
9.81 0.106579 213158
9.82 0.109432 218811
9.83 0.112188 224376
9.84 0.114847 229721
9.85 0.11741 234820
9.86 0.119875 239724
9.87 0.122243 244486
9.88 0.124512 249025
9.89 0.126684 253368
9.9 0.128759 257544
9.91 0.130737 261475
9.92 0.132621 265189
9.93 0.134409 268793
9.94 0.136104 272207
9.95 0.137703 275433
9.96 0.139208 278442
9.97 0.140615 281282
9.98 0.141921 283868
9.99 0.143122 286297
10 0.144216 288458
10.01 0.145196 290445
10.02 0.146058 292143
10.03 0.146798 293597
10.04 0.147412 294824
10.05 0.147897 295767
10.06 0.148249 296446
10.07 0.148468 296936
10.08 0.148551 297129
10.09 0.1485 297000
10.1 0.148313 296626
10.11 0.147992 295959
10.12 0.147539 295052
10.13 0.146954 293961
10.14 0.14624 292480
10.15 0.145398 290796
10.16 0.14443 288886
10.17 0.143336 286699
10.18 0.142119 284211
10.19 0.140778 281581
10.2 0.139314 278681
10.21 0.13773 275512
10.22 0.136026 272078
10.23 0.134205 268410
10.24 0.132271 264568
10.25 0.130227 260480
10.26 0.128079 256158
10.27 0.125832 251637
10.28 0.123491 247009
10.29 0.121063 242179
10.3 0.118552 237051
10.31 0.115963 231978
10.32 0.113298 226595
10.33 0.110559 221065
10.34 0.107747 215467
10.35 0.10486 209694
10.36 0.101898 203743
10.37 0.0988565 197713
10.38 0.0957342 191416
10.39 0.0925283 185109
10.4 0.0892369 178447
10.41 0.0858587 171691
10.42 0.0823934 164787
10.43 0.0788412 157656
10.44 0.0752035 150433
10.45 0.0714823 142965
10.46 0.0676807 135388
10.47 0.063802 127578
10.48 0.05985 119700
10.49 0.0558289 111658
10.5 0.0517433 103487
10.51 0.0475981 95196.2
10.52 0.0433978 86769.4
10.53 0.039147 78293.9
10.54 0.03485 69700.1
10.55 0.0305119 60997.4
10.56 0.0261372 52221.7
10.57 0.0217305 43461
10.58 0.0172967 34567
10.59 0.012841 25681.9
10.6 0.00836892 16764.2
10.61 0.0038861 7745.9
10.62 -0.000602 -1151.37
10.63 -0.00508999 -10180
10.64 -0.00957245 -19144.9
10.65 -0.0140444 -28115.2
10.66 -0.0185015 -36976.7
10.67 -0.0229399 -45853.5
10.68 -0.0273562 -54738.6
10.69 -0.0317471 -63520.5
10.7 -0.0361099 -72167.2
10.71 -0.0404421 -80884.2
10.72 -0.0447412 -89508.7
10.73 -0.0490044 -98008.8
10.74 -0.0532288 -106484
10.75 -0.0574112 -114849
10.76 -0.061548 -123122
10.77 -0.0656355 -131245
10.78 -0.0696694 -139339
10.79 -0.0736452 -147343
10.8 -0.0775584 -155117
10.81 -0.081404 -162861
10.82 -0.0851769 -170301
10.83 -0.0888716 -177717
10.84 -0.0924825 -184939
10.85 -0.0960037 -192034
10.86 -0.0994294 -198859
10.87 -0.102753 -205480
10.88 -0.10597 -211966
10.89 -0.109073 -218145
10.9 -0.112057 -224166
10.91 -0.114917 -229834
10.92 -0.117648 -235244
10.93 -0.120246 -240466
10.94 -0.122707 -245414
10.95 -0.125027 -250027
10.96 -0.127202 -254456
10.97 -0.129229 -258563
10.98 -0.131105 -262236
10.99 -0.132828 -265603
11 -0.134395 -268817
11.01 -0.135805 -271583
11.02 -0.137055 -274136
11.03 -0.138145 -276264
11.04 -0.139074 -278148
11.05 -0.139843 -279712
11.06 -0.140451 -280903
11.07 -0.140902 -281803
11.08 -0.141196 -282365
11.09 -0.141337 -282726
11.1 -0.141328 -282682
11.11 -0.141173 -282294
11.12 -0.140877 -281780
11.13 -0.140443 -280887
11.14 -0.139877 -279727
11.15 -0.139182 -278390
11.16 -0.138363 -276752
11.17 -0.137424 -274821
11.18 -0.136369 -272791
11.19 -0.135203 -270407
11.2 -0.133931 -267809
11.21 -0.132556 -265139
11.22 -0.131085 -262143
11.23 -0.129521 -259043
11.24 -0.127871 -255769
11.25 -0.12614 -252280
11.26 -0.124334 -248694
11.27 -0.122458 -244969
11.28 -0.120518 -240983
11.29 -0.118518 -237089
11.3 -0.116464 -232929
11.31 -0.114359 -228718
11.32 -0.112205 -224436
11.33 -0.110004 -220007
11.34 -0.107755 -215563
11.35 -0.105459 -210945
11.36 -0.103115 -206230
11.37 -0.10072 -201492
11.38 -0.0982718 -196544
11.39 -0.0957691 -191565
11.4 -0.0932102 -186420
11.41 -0.0905938 -181188
11.42 -0.0879191 -175812
11.43 -0.0851864 -170347
11.44 -0.0823969 -164794
11.45 -0.0795522 -159078
11.46 -0.0766546 -153283
11.47 -0.0737067 -147413
11.48 -0.0707118 -141424
11.49 -0.0676736 -135321
11.5 -0.0645954 -129164
11.51 -0.0614806 -122882
11.52 -0.0583324 -116612
11.53 -0.0551541 -110282
11.54 -0.0519486 -103871
11.55 -0.0487186 -97489.9
11.56 -0.0454665 -90906.8
11.57 -0.0421947 -84415.8
11.58 -0.0389056 -77837.4
11.59 -0.0356016 -71203.1
11.6 -0.0322851 -64596.5
11.61 -0.0289585 -57943.3
11.62 -0.0256243 -51248.5
11.63 -0.0222852 -44596.8
11.64 -0.0189441 -37888.2
11.65 -0.0156035 -31206.9
11.66 -0.012266 -24505.6
11.67 -0.00893428 -17868.6
11.68 -0.00561108 -11143.2
11.69 -0.00229912 -4703.49
11.7 0.000998968 1971.62
11.71 0.00428035 8613.32
11.72 0.00754224 15110.8
11.73 0.0107819 21511.2
11.74 0.0139968 27993.5
11.75 0.0171843 34315.9
11.76 0.0203424 40658.6
11.77 0.0234698 46939.5
11.78 0.0265649 53156.1
11.79 0.0296267 59253.5
11.8 0.0326547 65335.6
11.81 0.0356484 71296.8
11.82 0.038608 77268.7
11.83 0.0415332 83040.2
11.84 0.044424 88847.9
11.85 0.0472803 94534.3
11.86 0.0501028 100179
11.87 0.0528918 105836
11.88 0.0556479 111322
11.89 0.0583719 116744
11.9 0.0610653 122157
11.91 0.0637297 127512
11.92 0.0663667 132733
11.93 0.0689782 137930
11.94 0.0715658 143053
11.95 0.0741312 148315
11.96 0.0766755 153404
11.97 0.0791991 158398
11.98 0.0817016 163429
11.99 0.0841818 168364
12 0.0866378 173276
12.01 0.0890664 178133
12.02 0.0914637 182980
12.03 0.0938246 187649
12.04 0.0961435 192287
12.05 0.0984146 196803
12.06 0.100632 201316
12.07 0.102788 205549
12.08 0.104877 209807
12.09 0.106895 213763
12.1 0.108834 217668
12.11 0.110692 221463
12.12 0.112464 224901
12.13 0.114147 228294
12.14 0.115738 231476
12.15 0.117236 234445
12.16 0.118637 237248
12.17 0.119941 239909
12.18 0.121145 242290
12.19 0.122247 244442
12.2 0.123245 246544
12.21 0.124138 248249
12.22 0.124922 249870
12.23 0.125597 251193
12.24 0.12616 252346
12.25 0.12661 253194
12.26 0.126947 253869
12.27 0.127171 254290
12.28 0.127282 254564
12.29 0.127279 254611
12.3 0.127164 254381
12.31 0.126937 253900
12.32 0.126598 253275
12.33 0.126147 252294
12.34 0.125584 251169
12.35 0.124909 249844
12.36 0.12412 248239
12.37 0.123215 246430
12.38 0.122194 244414
12.39 0.121053 242107
12.4 0.119792 239584
12.41 0.118407 236814
12.42 0.116896 233818
12.43 0.115257 230566
12.44 0.113486 226946
12.45 0.111582 223163
12.46 0.10954 219081
12.47 0.107359 214692
12.48 0.105034 210041
12.49 0.102561 205121
12.5 0.0999356 199845
12.51 0.097155 194310
12.52 0.0942157 188379
12.53 0.0911158 182232
12.54 0.0878547 175683
12.55 0.0844338 168841
12.56 0.0808569 161740
12.57 0.0771297 154207
12.58 0.07326 146520
12.59 0.0692575 138515
12.6 0.0651332 130266
12.61 0.0608996 121799
12.62 0.0565697 113166
12.63 0.0521565 104234
12.64 0.0476733 95294
12.65 0.0431325 86265.1
12.66 0.0385463 77066.3
12.67 0.0339256 67877.6
12.68 0.0292804 58534.5
12.69 0.0246192 49185.8
12.7 0.0199496 39899.3
12.71 0.0152782 30582.6
12.72 0.0106101 21272.9
12.73 0.00594979 11925.9
12.74 0.0013006 2601.2
12.75 -0.00333422 -6642.12
12.76 -0.00795177 -15929.8
12.77 -0.0125495 -25099
12.78 -0.0171249 -34249.8
12.79 -0.0216751 -43323.9
12.8 -0.0261968 -52393.5
12.81 -0.0306862 -61346.1
12.82 -0.0351395 -70357.9
12.83 -0.0395521 -79077.8
12.84 -0.0439191 -87811.9
12.85 -0.0482353 -96444.4
12.86 -0.0524951 -104964
12.87 -0.0566926 -113359
12.88 -0.0608221 -121644
12.89 -0.0648775 -129729
12.9 -0.0688529 -137653
12.91 -0.0727426 -145511
12.92 -0.0765411 -153056
12.93 -0.0802436 -160487
12.94 -0.0838453 -167717
12.95 -0.087342 -174684
12.96 -0.0907298 -181407
12.97 -0.0940053 -187984
12.98 -0.0971654 -194357
12.99 -0.100207 -200467
13 -0.103127 -206281
13.01 -0.105923 -211794
13.02 -0.108592 -217210
13.03 -0.11113 -222260
13.04 -0.113534 -227095
13.05 -0.115802 -231629
13.06 -0.117928 -235882
13.07 -0.11991 -239768
13.08 -0.121745 -243464
13.09 -0.123428 -246830
13.1 -0.124955 -249911
13.11 -0.126323 -252647
13.12 -0.127527 -255001
13.13 -0.128561 -257149
13.14 -0.129422 -258817
13.15 -0.130102 -260178
13.16 -0.130597 -261247
13.17 -0.130901 -261829
13.18 -0.13101 -261968
13.19 -0.13092 -261840
13.2 -0.130628 -261203
13.21 -0.130133 -260239
13.22 -0.129436 -258924
13.23 -0.128538 -257076
13.24 -0.127443 -254992
13.25 -0.126156 -252312
13.26 -0.124682 -249364
13.27 -0.123027 -246029
13.28 -0.121199 -242451
13.29 -0.119204 -238408
13.3 -0.117051 -234101
13.31 -0.114747 -229468
13.32 -0.112301 -224655
13.33 -0.109722 -219417
13.34 -0.107017 -214087
13.35 -0.104195 -208390
13.36 -0.101264 -202581
13.37 -0.0982307 -196461
13.38 -0.0951013 -190150
13.39 -0.0918818 -183737
13.4 -0.0885777 -177155
13.41 -0.0851936 -170387
13.42 -0.0817343 -163442
13.43 -0.0782043 -156382
13.44 -0.0746087 -149217
13.45 -0.0709523 -141957
13.46 -0.0672404 -134481
13.47 -0.0634781 -126983
13.48 -0.0596709 -119342
13.49 -0.0558241 -111622
13.5 -0.0519426 -103885
13.51 -0.048031 -96062
13.52 -0.0440937 -88213.7
13.53 -0.0401346 -80295.5
13.54 -0.0361576 -72341.6
13.55 -0.0321665 -64254
13.56 -0.0281648 -56329.6
13.57 -0.0241564 -48365.4
13.58 -0.0201449 -40316.2
13.59 -0.0161345 -32295.3
13.6 -0.0121291 -24231.9
13.61 -0.00813284 -16239.4
13.62 -0.00414939 -8298.79
13.63 -0.000182468 -312.311
13.64 0.00376422 7502.13
13.65 0.00768728 15348.3
13.66 0.0115836 23167.1
13.67 0.01545 30847.4
13.68 0.0192835 38567
13.69 0.0230808 46214.2
13.7 0.0268388 53677.5
13.71 0.0305545 61056.3
13.72 0.0342248 68423.2
13.73 0.0378463 75718.9
13.74 0.0414157 82805.1
13.75 0.0449295 89832.7
13.76 0.0483841 96820.9
13.77 0.0517758 103552
13.78 0.0551005 110148
13.79 0.0583542 116708
13.8 0.0615327 123039
13.81 0.064632 129264
13.82 0.0676482 135296
13.83 0.0705777 141103
13.84 0.0734172 146834
13.85 0.0761639 152302
13.86 0.078816 157632
13.87 0.0813721 162823
13.88 0.0838315 167663
13.89 0.0861939 172335
13.9 0.0884601 176920
13.91 0.0906311 181262
13.92 0.0927085 185443
13.93 0.0946937 189414
13.94 0.0965882 193176
13.95 0.0983938 196840
13.96 0.100112 200198
13.97 0.101744 203488
13.98 0.10329 206553
13.99 0.10475 209474
14 0.106124 212222
14.01 0.107412 214877
14.02 0.108612 217250
14.03 0.109723 219393
14.04 0.110743 221460
14.05 0.111672 223396
14.06 0.112507 225066
14.07 0.113247 226547
14.08 0.113893 227786
14.09 0.114442 228885
14.1 0.114896 229793
14.11 0.115255 230536
14.12 0.115518 230983
14.13 0.115685 231397
14.14 0.115758 231542
14.15 0.115735 231444
14.16 0.115617 231235
14.17 0.115403 230833
14.18 0.115093 230133
14.19 0.114684 229395
14.2 0.114177 228354
14.21 0.11357 227139
14.22 0.112861 225748
14.23 0.112049 224046
14.24 0.111134 222269
14.25 0.110115 220255
14.26 0.108989 218005
14.27 0.107758 215542
14.28 0.10642 212867
14.29 0.104977 210033
14.3 0.103427 206802
14.31 0.101772 203544
14.32 0.100012 199997
14.33 0.0981474 196295
14.34 0.0961792 192411
14.35 0.094108 188163
14.36 0.0919347 183896
14.37 0.0896601 179294
14.38 0.0872851 174570
14.39 0.0848106 169542
14.4 0.0822377 164397
14.41 0.0795679 159136
14.42 0.0768024 153605
14.43 0.0739426 147859
14.44 0.0709902 142007
14.45 0.0679471 135868
14.46 0.0648155 129631
14.47 0.0615975 123169
14.48 0.0582955 116644
14.49 0.0549125 109825
14.5 0.0514515 102903
14.51 0.0479159 95858
14.52 0.0443089 88617.8
14.53 0.0406343 81242.2
14.54 0.0368957 73844.1
14.55 0.0330969 66220.2
14.56 0.0292415 58430.5
14.57 0.0253333 50666.5
14.58 0.0213757 42751.4
14.59 0.0173727 34745.3
14.6 0.0133278 26603
14.61 0.00924481 18489.6
14.62 0.00512738 10307.4
14.63 0.000979229 2011.08
14.64 -0.00319593 -6391.86
14.65 -0.00739448 -14815.3
14.66 -0.011613 -23225.9
14.67 -0.0158479 -31722.2
14.68 -0.0200958 -40191.6
14.69 -0.024353 -48679.6
14.7 -0.0286157 -57205.1
14.71 -0.03288 -65707.5
14.72 -0.0371419 -74310.1
14.73 -0.0413966 -82740.5
14.74 -0.0456395 -91252.7
14.75 -0.0498658 -99731.6
14.76 -0.0540706 -108089
14.77 -0.058249 -116524
14.78 -0.0623957 -124818
14.79 -0.0665057 -133011
14.8 -0.0705739 -141148
14.81 -0.0745955 -149191
14.82 -0.0785652 -157157
14.83 -0.0824778 -164982
14.84 -0.0863281 -172656
14.85 -0.0901113 -180223
14.86 -0.0938224 -187645
14.87 -0.0974568 -194940
14.88 -0.10101 -202020
14.89 -0.104479 -208906
14.9 -0.107861 -215932
14.91 -0.111152 -222304
14.92 -0.114352 -228678
14.93 -0.117458 -234917
14.94 -0.12047 -240967
14.95 -0.123386 -246772
14.96 -0.126204 -252434
14.97 -0.128921 -257842
14.98 -0.131534 -263121
14.99 -0.134039 -268079
15 -0.136432 -272890
15.01 -0.138705 -277384
15.02 -0.140855 -281710
15.03 -0.142875 -285670
15.04 -0.144758 -289516
15.05 -0.146501 -292922
15.06 -0.148096 -296167
15.07 -0.149541 -299081
15.08 -0.150828 -301604
15.09 -0.151955 -303937
15.1 -0.152918 -305783
15.11 -0.153711 -307396
15.12 -0.154333 -308612
15.13 -0.154779 -309558
15.14 -0.155048 -310148
15.15 -0.155138 -310276
15.16 -0.155048 -310095
15.17 -0.154777 -309553
15.18 -0.154324 -308648
15.19 -0.153691 -307408
15.2 -0.152877 -305728
15.21 -0.151883 -303793
15.22 -0.15071 -301395
15.23 -0.14936 -298720
15.24 -0.147834 -295720
15.25 -0.146133 -292292
15.26 -0.14426 -288547
15.27 -0.142218 -284383
15.28 -0.140009 -280017
15.29 -0.137635 -275271
15.3 -0.135101 -270229
15.31 -0.132409 -264819
15.32 -0.129563 -259126
15.33 -0.126565 -253131
15.34 -0.12342 -246814
15.35 -0.120131 -240288
15.36 -0.116701 -233376
15.37 -0.113136 -226245
15.38 -0.109438 -218797
15.39 -0.105612 -211225
15.4 -0.101664 -203354
15.41 -0.0975967 -195220
15.42 -0.0934158 -186858
15.43 -0.0891255 -178198
15.44 -0.0847305 -169461
15.45 -0.0802352 -160444
15.46 -0.0756441 -151288
15.47 -0.0709615 -141923
15.48 -0.0661915 -132304
15.49 -0.0613389 -122678
15.5 -0.0564083 -112817
15.51 -0.0514044 -102809
15.52 -0.0463323 -92690.9
15.53 -0.0411973 -82420.9
15.54 -0.036005 -72036.3
15.55 -0.0307611 -61548.6
15.56 -0.0254714 -50916.5
15.57 -0.0201417 -40336
15.58 -0.0147777 -29529.1
15.59 -0.00938547 -18770.9
15.6 -0.0039708 -7967.9
15.61 0.00146032 2894.33
15.62 0.00690166 13829.6
15.63 0.0123467 24719.6
15.64 0.0177884 35603.1
15.65 0.0232193 46412.4
15.66 0.0286318 57289.9
15.67 0.0340175 68035.1
15.68 0.0393682 78841.6
15.69 0.044675 89376.4
15.7 0.0499297 99833.2
15.71 0.0551241 110248
15.72 0.0602504 120501
15.73 0.0653012 130681
15.74 0.0702698 140487
15.75 0.0751501 150248
15.76 0.0799364 159926
15.77 0.0846241 169248
15.78 0.0892089 178470
15.79 0.0936872 187374
15.8 0.0980561 196139
15.81 0.102313 204679
15.82 0.106456 212913
15.83 0.110484 220942
15.84 0.114394 228736
15.85 0.118186 236424
15.86 0.121856 243712
15.87 0.125403 250806
15.88 0.128824 257674
15.89 0.132116 264232
15.9 0.135276 270630
15.91 0.138299 276625
15.92 0.141184 282367
15.93 0.143924 287875
15.94 0.146518 293035
15.95 0.148959 297893
15.96 0.151247 302467
15.97 0.153376 306779
15.98 0.155345 310742
15.99 0.15715 314273
16 0.158789 317631
16.01 0.160261 320523
16.02 0.161565 323156
16.03 0.162699 325319
16.04 0.163663 327326
16.05 0.164457 328914
16.06 0.16508 330160
16.07 0.165534 331121
16.08 0.165819 331585
16.09 0.165936 331899
16.1 0.165888 331749
16.11 0.165674 331349
16.12 0.165298 330622
16.13 0.164759 329519
16.14 0.164061 328121
16.15 0.163202 326405
16.16 0.162185 324370
16.17 0.16101 321967
16.18 0.159677 319275
16.19 0.158187 316399
16.2 0.156539 313104
16.21 0.154734 309416
16.22 0.152774 305573
16.23 0.150657 301341
16.24 0.148387 296826
16.25 0.145963 291926
16.26 0.143388 286751
16.27 0.140665 281330
16.28 0.137795 275564
16.29 0.134783 269566
16.3 0.131631 263288
16.31 0.128343 256686
16.32 0.124924 249847
16.33 0.121377 242755
16.34 0.117709 235470
16.35 0.113923 227820
16.36 0.110025 220049
16.37 0.106019 212037
16.38 0.10191 203819
16.39 0.097703 195432
16.4 0.093403 186780
16.41 0.0890143 178002
16.42 0.0845417 169031
16.43 0.0799895 160005
16.44 0.0753621 150751
16.45 0.0706639 141328
16.46 0.0658994 131825
16.47 0.0610731 122094
16.48 0.0561896 112353
16.49 0.0512533 102480
16.5 0.0462692 92538.5
16.51 0.0412422 82563.3
16.52 0.0361771 72354.3
16.53 0.0310793 62158.5
16.54 0.0259538 51933.8
16.55 0.020806 41611.9
16.56 0.0156413 31282.6
16.57 0.0104651 20930.1
16.58 0.00528259 10565.2
16.59 9.91855e-05 119.432
16.6 -0.00507992 -10107.2
16.61 -0.0102499 -20552.4
16.62 -0.0154058 -30785.3
16.63 -0.0205431 -41138.7
16.64 -0.0256572 -51288
16.65 -0.030744 -61514.3
16.66 -0.0357994 -71572.6
16.67 -0.0408195 -81665.4
16.68 -0.0458002 -91574.1
16.69 -0.0507376 -101475
16.7 -0.0556279 -111308
16.71 -0.0604668 -120986
16.72 -0.0652503 -130527
16.73 -0.0699741 -139948
16.74 -0.074634 -149268
16.75 -0.0792256 -158399
16.76 -0.0837445 -167463
16.77 -0.0881862 -176320
16.78 -0.0925461 -185066
16.79 -0.0968198 -193640
16.8 -0.101003 -202005
16.81 -0.10509 -210232
16.82 -0.109076 -218126
16.83 -0.112958 -225916
16.84 -0.116729 -233485
16.85 -0.120387 -240800
16.86 -0.123925 -247849
16.87 -0.127339 -254625
16.88 -0.130625 -261249
16.89 -0.133778 -267582
16.9 -0.136795 -273563
16.91 -0.139671 -279290
16.92 -0.142404 -284781
16.93 -0.14499 -289926
16.94 -0.147426 -294825
16.95 -0.149711 -299447
16.96 -0.151842 -303658
16.97 -0.153819 -307586
16.98 -0.155641 -311256
16.99 -0.157307 -314668
17 -0.158818 -317557
17.01 -0.160173 -320346
17.02 -0.161372 -322796
17.03 -0.162414 -324828
17.04 -0.1633 -326600
17.05 -0.164028 -328057
17.06 -0.164599 -329198
17.07 -0.16501 -329994
17.08 -0.165261 -330496
17.09 -0.165351 -330702
17.1 -0.165278 -330529
17.11 -0.16504 -330028
17.12 -0.164637 -329222
17.13 -0.164069 -328163
17.14 -0.163333 -326692
17.15 -0.16243 -324859
17.16 -0.161359 -322719
17.17 -0.160122 -320297
17.18 -0.15872 -317439
17.19 -0.157153 -314279
17.2 -0.155424 -310821
17.21 -0.153535 -307044
17.22 -0.151489 -302978
17.23 -0.149288 -298576
17.24 -0.146936 -293846
17.25 -0.144435 -288923
17.26 -0.141789 -283553
17.27 -0.139001 -278003
17.28 -0.136075 -272123
17.29 -0.133012 -266024
17.3 -0.129817 -259635
17.31 -0.126494 -252988
17.32 -0.123045 -246090
17.33 -0.119475 -238949
17.34 -0.115786 -231546
17.35 -0.111983 -224020
17.36 -0.10807 -216167
17.37 -0.10405 -208101
17.38 -0.099928 -199882
17.39 -0.0957076 -191415
17.4 -0.0913936 -182787
17.41 -0.0869908 -174008
17.42 -0.0825039 -165008
17.43 -0.0779381 -155903
17.44 -0.0732986 -146597
17.45 -0.0685907 -137234
17.46 -0.0638199 -127587
17.47 -0.0589916 -117983
17.48 -0.0541114 -108223
17.49 -0.0491848 -98343.4
17.5 -0.0442178 -88409.2
17.51 -0.0392158 -78431.6
17.52 -0.0341847 -68422
17.53 -0.02913 -58286.3
17.54 -0.0240574 -48167.4
17.55 -0.0189723 -37944.5
17.56 -0.01388 -27760.1
17.57 -0.00878575 -17545.2
17.58 -0.00369433 -7414.98
17.59 0.00138946 2752.61
17.6 0.00646094 12895.6
17.61 0.0115156 23031.2
17.62 0.0165489 33097.8
17.63 0.0215564 43112.8
17.64 0.0265335 53040.7
17.65 0.0314757 62951.3
17.66 0.0363782 72782.7
17.67 0.0412364 82420.1
17.68 0.0460454 92117.2
17.69 0.0508005 101601
17.7 0.0554967 111020
17.71 0.0601291 120232
17.72 0.0646931 129412
17.73 0.0691836 138367
17.74 0.073596 147139
17.75 0.0779259 155852
17.76 0.0821685 164337
17.77 0.0863197 172639
17.78 0.0903752 180698
17.79 0.0943314 188663
17.8 0.0981845 196343
17.81 0.101931 203889
17.82 0.105569 211163
17.83 0.109094 218240
17.84 0.112505 225036
17.85 0.115799 231598
17.86 0.118975 237976
17.87 0.12203 244034
17.88 0.124964 249902
17.89 0.127775 255550
17.9 0.130461 260921
17.91 0.13302 266066
17.92 0.135451 270903
17.93 0.137754 275481
17.94 0.139925 279876
17.95 0.141963 283899
17.96 0.143866 287784
17.97 0.145632 291291
17.98 0.14726 294520
17.99 0.148747 297547
18 0.150092 300237
18.01 0.151293 302638
18.02 0.152348 304696
18.03 0.153257 306460
18.04 0.154017 308034
18.05 0.154628 309256
18.06 0.155089 310204
18.07 0.155399 310772
18.08 0.155558 311142
18.09 0.155565 311183
18.1 0.15542 310787
18.11 0.155123 310272
18.12 0.154674 309400
18.13 0.154073 308172
18.14 0.153321 306615
18.15 0.152419 304864
18.16 0.151368 302735
18.17 0.150169 300339
18.18 0.148826 297705
18.19 0.14734 294653
18.2 0.145714 291375
18.21 0.143952 287929
18.22 0.142056 284086
18.23 0.140031 280089
18.24 0.13788 275734
18.25 0.135607 271267
18.26 0.133215 266456
18.27 0.130707 261440
18.28 0.128086 256145
18.29 0.125355 250736
18.3 0.122516 245059
18.31 0.119572 239118
18.32 0.116525 233077
18.33 0.113378 226703
18.34 0.110132 220290
18.35 0.10679 213606
18.36 0.103354 206708
18.37 0.0998281 199683
18.38 0.0962145 192403
18.39 0.0925166 184981
18.4 0.0887377 177449
18.41 0.0848812 169762
18.42 0.0809507 161901
18.43 0.0769498 153926
18.44 0.0728817 145763
18.45 0.0687502 137527
18.46 0.0645584 129143
18.47 0.0603097 120593
18.48 0.0560077 111989
18.49 0.0516556 103259
18.5 0.047257 94566.7
18.51 0.0428153 85657
18.52 0.0383343 76721.3
18.53 0.0338178 67662
18.54 0.0292699 58566.1
18.55 0.0246946 49415.6
18.56 0.0200964 40140.2
18.57 0.0154798 30933.4
18.58 0.0108496 21699.2
18.59 0.00621039 12499.7
18.6 0.00156701 3055.07
18.61 -0.00307556 -6124.81
18.62 -0.0077125 -15398.7
18.63 -0.012339 -24678
18.64 -0.0169503 -33900.6
18.65 -0.0215418 -43083.6
18.66 -0.026109 -52217.9
18.67 -0.0306474 -61347.4
18.68 -0.0351528 -70305.6
18.69 -0.039621 -79242.1
18.7 -0.0440481 -88096.3
18.71 -0.0484301 -96807.6
18.72 -0.0527632 -105579
18.73 -0.0570435 -114166
18.74 -0.0612675 -122535
18.75 -0.0654316 -130916
18.76 -0.0695323 -139065
18.77 -0.0735661 -147159
18.78 -0.0775296 -155059
18.79 -0.0814192 -162838
18.8 -0.0852315 -170410
18.81 -0.0889629 -177952
18.82 -0.0926094 -185192
18.83 -0.0961671 -192334
18.84 -0.099632 -199264
18.85 -0.103 -205974
18.86 -0.106266 -212480
18.87 -0.109427 -218855
18.88 -0.112478 -224956
18.89 -0.115414 -230828
18.9 -0.118231 -236436
18.91 -0.120925 -241824
18.92 -0.123492 -247037
18.93 -0.125928 -251829
18.94 -0.128229 -256431
18.95 -0.130392 -260837
18.96 -0.132415 -264777
18.97 -0.134295 -268668
18.98 -0.13603 -272033
18.99 -0.137618 -275236
19 -0.139059 -278145
19.01 -0.140352 -280730
19.02 -0.141496 -282966
19.03 -0.142491 -285061
19.04 -0.143337 -286648
19.05 -0.144035 -288069
19.06 -0.144583 -289141
19.07 -0.144984 -289942
19.08 -0.145238 -290449
19.09 -0.145344 -290662
19.1 -0.145305 -290636
19.11 -0.14512 -290292
19.12 -0.14479 -289632
19.13 -0.144316 -288607
19.14 -0.1437 -287400
19.15 -0.142941 -285855
19.16 -0.14204 -284054
19.17 -0.140998 -281970
19.18 -0.139816 -279659
19.19 -0.138495 -276964
19.2 -0.137036 -274125
19.21 -0.13544 -270932
19.22 -0.133709 -267417
19.23 -0.131844 -263609
19.24 -0.129848 -259748
19.25 -0.127722 -255471
19.26 -0.12547 -250966
19.27 -0.123093 -246266
19.28 -0.120595 -241217
19.29 -0.117978 -235956
19.3 -0.115245 -230517
19.31 -0.112399 -224851
19.32 -0.109443 -218859
19.33 -0.10638 -212785
19.34 -0.103212 -206398
19.35 -0.0999443 -199915
19.36 -0.096579 -193158
19.37 -0.0931199 -186266
19.38 -0.0895707 -179115
19.39 -0.0859351 -171897
19.4 -0.0822173 -164461
19.41 -0.0784216 -156843
19.42 -0.0745522 -149052
19.43 -0.0706136 -141227
19.44 -0.0666106 -133221
19.45 -0.0625479 -125096
19.46 -0.0584302 -116913
19.47 -0.0542625 -108525
19.48 -0.0500499 -100126
19.49 -0.0457974 -91594.8
19.5 -0.0415103 -82967.9
19.51 -0.0371938 -74361.3
19.52 -0.0328533 -65759.1
19.53 -0.0284938 -56987.7
19.54 -0.0241207 -48188.8
19.55 -0.019739 -39477.9
19.56 -0.0153534 -30680.5
19.57 -0.0109686 -21910.9
19.58 -0.00658904 -13178.1
19.59 -0.00221881 -4463.93
19.6 0.00213804 4249.76
19.61 0.00647753 12902.4
19.62 0.0107958 21591.6
19.63 0.0150889 30151.4
19.64 0.0193528 38626.7
19.65 0.0235837 47193.8
19.66 0.0277776 55581.5
19.67 0.0319305 63861
19.68 0.0360387 72103.8
19.69 0.0400986 80197.3
19.7 0.0441068 88213.7
19.71 0.0480601 96120.3
19.72 0.0519556 103911
19.73 0.0557902 111607
19.74 0.0595616 119097
19.75 0.063267 126560
19.76 0.0669039 133860
19.77 0.07047 140914
19.78 0.0739627 147873
19.79 0.0773797 154812
19.8 0.0807184 161384
19.81 0.0839764 167979
19.82 0.0871511 174329
19.83 0.0902399 180506
19.84 0.0932401 186480
19.85 0.0961493 192299
19.86 0.0989649 197956
19.87 0.101684 203369
19.88 0.104305 208611
19.89 0.106826 213678
19.9 0.109244 218488
19.91 0.111557 223141
19.92 0.113765 227582
19.93 0.115864 231728
19.94 0.117855 235683
19.95 0.119735 239522
19.96 0.121503 242979
19.97 0.123158 246264
19.98 0.1247 249453
19.99 0.126127 252281
20 0.127439 254930
20.01 0.128634 257321
20.02 0.129712 259399
20.03 0.130674 261400
20.04 0.131517 263008
20.05 0.132242 264485
20.06 0.13285 265778
20.07 0.133339 266703
20.08 0.133709 267366
20.09 0.133963 267951
20.1 0.134098 268170
20.11 0.134117 268286
20.12 0.134019 268012
20.13 0.133806 267585
20.14 0.133478 266982
20.15 0.133036 266098
20.16 0.13248 265040
20.17 0.131813 263678
20.18 0.131033 262120
20.19 0.130143 260233
20.2 0.129142 258283
20.21 0.12803 256059
20.22 0.126808 253642
20.23 0.125476 250925
20.24 0.124034 248068
20.25 0.122483 244940
20.26 0.120823 241620
20.27 0.119056 238138
20.28 0.117181 234363
20.29 0.115201 230402
20.3 0.113115 226204
20.31 0.110926 221851
20.32 0.108633 217293
20.33 0.106239 212479
20.34 0.103745 207516
20.35 0.101152 202303
20.36 0.0984605 196947
20.37 0.0956733 191347
20.38 0.0927916 185583
20.39 0.0898171 179687
20.4 0.0867516 173503
20.41 0.083597 167194
20.42 0.0803554 160711
20.43 0.0770287 154084
20.44 0.0736192 147212
20.45 0.0701291 140285
20.46 0.0665608 133174
20.47 0.0629168 125860
20.48 0.0591997 118426
20.49 0.0554123 110877
20.5 0.0515575 103115
20.51 0.0476384 95382
20.52 0.0436579 87342.1
20.53 0.0396194 79186.2
20.54 0.0355263 71000
20.55 0.0313818 62763.6
20.56 0.0271891 54352
20.57 0.0229519 45877.6
20.58 0.0186738 37347.6
20.59 0.0143583 28742.9
20.6 0.0100093 20044.9
20.61 0.00563074 11287.8
20.62 0.00122683 2453.65
20.63 -0.00319812 -6396.24
20.64 -0.00763968 -15253
20.65 -0.0120933 -24160.4
20.66 -0.0165545 -33109
20.67 -0.0210185 -42010.6
20.68 -0.0254806 -50908.6
20.69 -0.0299362 -59872.5
20.7 -0.0343807 -68761.5
20.71 -0.0388095 -77566.4
20.72 -0.043218 -86409.7
20.73 -0.0476018 -95203.5
20.74 -0.0519563 -103913
20.75 -0.0562773 -112555
20.76 -0.0605604 -121147
20.77 -0.0648015 -129629
20.78 -0.0689964 -138019
20.79 -0.0731408 -146334
20.8 -0.0772307 -154461
20.81 -0.081262 -162498
20.82 -0.0852307 -170435
20.83 -0.0891327 -178292
20.84 -0.092964 -186007
20.85 -0.0967204 -193441
20.86 -0.100398 -200744
20.87 -0.103993 -207934
20.88 -0.107502 -214977
20.89 -0.110919 -221891
20.9 -0.114243 -228485
20.91 -0.117467 -234882
20.92 -0.12059 -241206
20.93 -0.123606 -247238
20.94 -0.126512 -253050
20.95 -0.129303 -258607
20.96 -0.131976 -263953
20.97 -0.134527 -269054
20.98 -0.136951 -273850
20.99 -0.139245 -278464
21 -0.141405 -282810
21.01 -0.143427 -286855
21.02 -0.145309 -290618
21.03 -0.147047 -294093
21.04 -0.148638 -297301
21.05 -0.150079 -300184
21.06 -0.151369 -302764
21.07 -0.152505 -304984
21.08 -0.153486 -307024
21.09 -0.154309 -308618
21.1 -0.154974 -309921
21.11 -0.155479 -311011
21.12 -0.155824 -311675
21.13 -0.156009 -311991
21.14 -0.156032 -312038
21.15 -0.155895 -311763
21.16 -0.155597 -311168
21.17 -0.15514 -310306
21.18 -0.154524 -309048
21.19 -0.15375 -307474
21.2 -0.15282 -305641
21.21 -0.151736 -303445
21.22 -0.150498 -300917
21.23 -0.149109 -298191
21.24 -0.14757 -295140
21.25 -0.145883 -291740
21.26 -0.14405 -288126
21.27 -0.142072 -284144
21.28 -0.139952 -279877
21.29 -0.137691 -275408
21.3 -0.135291 -270556
21.31 -0.132755 -265536
21.32 -0.130085 -260143
21.33 -0.127283 -254592
21.34 -0.124352 -248652
21.35 -0.121296 -242644
21.36 -0.118117 -236155
21.37 -0.114819 -229638
21.38 -0.111405 -222783
21.39 -0.107879 -215784
21.4 -0.104244 -208462
21.41 -0.100505 -200985
21.42 -0.0966658 -193358
21.43 -0.0927295 -185459
21.44 -0.0887008 -177428
21.45 -0.0845838 -169194
21.46 -0.0803831 -160766
21.47 -0.0761032 -152180
21.48 -0.0717489 -143445
21.49 -0.067325 -134650
21.5 -0.0628365 -125673
21.51 -0.0582882 -116576
21.52 -0.0536854 -107345
21.53 -0.0490331 -98039.8
21.54 -0.0443362 -88646.1
21.55 -0.0395999 -79199.8
21.56 -0.0348291 -69684.5
21.57 -0.0300287 -60110
21.58 -0.0252035 -50380.6
21.59 -0.0203582 -40663.8
21.6 -0.0154976 -30968.9
21.61 -0.0106263 -21252.6
21.62 -0.00574877 -11497.5
21.63 -0.000869564 -1739.13
21.64 0.00400678 7960.93
21.65 0.00887571 17751.4
21.66 0.0137326 27491.5
21.67 0.0185728 37093.1
21.68 0.0233918 46757.2
21.69 0.0281846 56395.6
21.7 0.0329466 65893.2
21.71 0.037673 75346
21.72 0.042359 84691.7
21.73 0.047 93973.8
21.74 0.0515915 103157
21.75 0.0561287 112257
21.76 0.0606075 121215
21.77 0.0650234 130047
21.78 0.0693723 138745
21.79 0.0736501 147327
21.8 0.077853 155706
21.81 0.081977 163954
21.82 0.0860183 171984
21.83 0.0899736 179921
21.84 0.0938391 187705
21.85 0.0976116 195197
21.86 0.101288 202576
21.87 0.104865 209756
21.88 0.108339 216678
21.89 0.111708 223390
21.9 0.114969 229911
21.91 0.118119 236238
21.92 0.121155 242337
21.93 0.124075 248203
21.94 0.126877 253806
21.95 0.129557 259113
21.96 0.132113 264225
21.97 0.134543 269059
21.98 0.136844 273741
21.99 0.139015 277951
22 0.141053 282106
22.01 0.142956 285887
22.02 0.144723 289421
22.03 0.146352 292652
22.04 0.147842 295632
22.05 0.149191 298409
22.06 0.150399 300745
22.07 0.151464 302955
22.08 0.152386 304746
22.09 0.153165 306304
22.1 0.1538 307600
22.11 0.154291 308581
22.12 0.154637 309274
22.13 0.15484 309679
22.14 0.154898 309797
22.15 0.154813 309653
22.16 0.154586 309197
22.17 0.154215 308378
22.18 0.153703 307459
22.19 0.15305 306047
22.2 0.152257 304514
22.21 0.151325 302676
22.22 0.150255 300511
22.23 0.149049 298098
22.24 0.147707 295441
22.25 0.146232 292437
22.26 0.144623 289273
22.27 0.142884 285794
22.28 0.141014 282081
22.29 0.139017 278007
22.3 0.136892 273757
22.31 0.134642 269283
22.32 0.132267 264509
22.33 0.129771 259568
22.34 0.127153 254333
22.35 0.124417 248860
22.36 0.121563 243100
22.37 0.118594 237215
22.38 0.115513 231026
22.39 0.112321 224721
22.4 0.109021 218043
22.41 0.105616 211259
22.42 0.102109 204245
22.43 0.0985023 196978
22.44 0.0947988 189624
22.45 0.0910016 181951
22.46 0.0871139 174228
22.47 0.0831388 166304
22.48 0.0790794 158185
22.49 0.0749392 149852
22.5 0.0707217 141496
22.51 0.0664304 132861
22.52 0.0620691 124191
22.53 0.0576417 115257
22.54 0.0531524 106305
22.55 0.0486052 97236.6
22.56 0.0440044 88035.2
22.57 0.0393546 78761.8
22.58 0.0346601 69267.6
22.59 0.0299257 59904
22.6 0.0251558 50311.6
22.61 0.0203552 40710.4
22.62 0.0155285 31004.4
22.63 0.0106805 21334.7
22.64 0.00581588 11631.8
22.65 0.000939363 1878.73
22.66 -0.00394431 -7888.62
22.67 -0.00883041 -17634.5
22.68 -0.0137141 -27375.7
22.69 -0.0185907 -37181.5
22.7 -0.0234553 -46936.9
22.71 -0.028303 -56606
22.72 -0.0331291 -66284.5
22.73 -0.0379286 -75883.5
22.74 -0.0426967 -85393.4
22.75 -0.0474285 -94883.3
22.76 -0.0521192 -104238
22.77 -0.0567639 -113607
22.78 -0.0613579 -122742
22.79 -0.0658965 -131819
22.8 -0.0703749 -140776
22.81 -0.0747886 -149630
22.82 -0.079133 -158266
22.83 -0.083404 -166808
22.84 -0.0875971 -175220
22.85 -0.0917081 -183442
22.86 -0.0957329 -191492
22.87 -0.0996674 -199309
22.88 -0.103508 -206989
22.89 -0.10725 -214500
22.9 -0.11089 -221780
22.91 -0.114424 -228848
22.92 -0.117848 -235696
22.93 -0.121159 -242318
22.94 -0.124352 -248758
22.95 -0.127426 -254904
22.96 -0.130375 -260697
22.97 -0.133196 -266340
22.98 -0.135888 -271803
22.99 -0.138446 -276893
23 -0.140869 -281737
23.01 -0.143152 -286330
23.02 -0.145293 -290613
23.03 -0.147291 -294555
23.04 -0.149141 -298256
23.05 -0.150842 -301685
23.06 -0.152392 -304731
23.07 -0.153787 -307601
23.08 -0.155027 -310027
23.09 -0.156108 -312189
23.1 -0.157029 -314031
23.11 -0.157787 -315601
23.12 -0.158382 -316765
23.13 -0.158813 -317651
23.14 -0.159077 -318153
23.15 -0.159174 -318375
23.16 -0.159105 -318157
23.17 -0.158868 -317762
23.18 -0.158464 -316981
23.19 -0.157894 -315841
23.2 -0.157158 -314317
23.21 -0.156258 -312595
23.22 -0.155194 -310415
23.23 -0.153969 -307937
23.24 -0.152583 -305113
23.25 -0.151039 -302052
23.26 -0.149339 -298677
23.27 -0.147484 -294968
23.28 -0.145478 -290955
23.29 -0.143321 -286669
23.3 -0.141017 -282034
23.31 -0.138568 -277162
23.32 -0.135976 -271900
23.33 -0.133244 -266514
23.34 -0.130374 -260722
23.35 -0.127369 -254685
23.36 -0.124231 -248436
23.37 -0.120964 -241928
23.38 -0.11757 -235192
23.39 -0.114052 -228130
23.4 -0.110413 -220801
23.41 -0.106658 -213290
23.42 -0.10279 -205580
23.43 -0.0988119 -197650
23.44 -0.0947286 -189405
23.45 -0.0905443 -181036
23.46 -0.0862633 -172527
23.47 -0.0818902 -163780
23.48 -0.0774296 -154833
23.49 -0.0728865 -145747
23.5 -0.0682657 -136505
23.51 -0.0635723 -127145
23.52 -0.0588113 -117623
23.53 -0.0539881 -108003
23.54 -0.049108 -98189.6
23.55 -0.0441762 -88352.4
23.56 -0.0391983 -78396.5
23.57 -0.0341796 -68385.6
23.58 -0.0291257 -58277.8
23.59 -0.024042 -48031.4
23.6 -0.0189339 -37841.6
23.61 -0.013807 -27613.9
23.62 -0.00866653 -17359.4
23.63 -0.00351809 -7062.5
23.64 0.0016329 3213.18
23.65 0.00678099 13562
23.66 0.0119206 23867.4
23.67 0.017046 34144.7
23.68 0.0221518 44356.3
23.69 0.0272324 54491
23.7 0.032282 64564.1
23.71 0.0372952 74590.5
23.72 0.0422664 84480.1
23.73 0.04719 94353.7
23.74 0.0520607 104095
23.75 0.0568731 113746
23.76 0.0616219 123270
23.77 0.0663021 132630
23.78 0.0709087 141791
23.79 0.0754371 150901
23.8 0.0798827 159792
23.81 0.084241 168508
23.82 0.0885078 176989
23.83 0.0926792 185358
23.84 0.0967513 193503
23.85 0.10072 201467
23.86 0.104583 209139
23.87 0.108335 216670
23.88 0.111973 223947
23.89 0.115495 231017
23.9 0.118897 237768
23.91 0.122175 244377
23.92 0.125327 250681
23.93 0.128349 256699
23.94 0.131239 262504
23.95 0.133993 267959
23.96 0.136608 273242
23.97 0.139082 278164
23.98 0.141412 282878
23.99 0.143597 287168
24 0.145633 291320
24.01 0.14752 295014
24.02 0.149255 298537
24.03 0.150838 301649
24.04 0.152266 304479
24.05 0.153539 307105
24.06 0.154657 309341
24.07 0.155618 311237
24.08 0.156423 312846
24.09 0.157071 314168
24.1 0.157561 315175
24.11 0.157895 315790
24.12 0.158072 316091
24.13 0.158092 316263
24.14 0.157957 315861
24.15 0.157666 315384
24.16 0.15722 314413
24.17 0.15662 313266
24.18 0.155867 311708
24.19 0.154962 309950
24.2 0.153906 307785
24.21 0.1527 305374
24.22 0.151347 302746
24.23 0.149846 299719
24.24 0.148202 296404
24.25 0.146415 292803
24.26 0.144487 288974
24.27 0.142421 284789
24.28 0.140219 280464
24.29 0.137884 275741
24.3 0.135417 270834
24.31 0.132822 265671
24.32 0.130102 260204
24.33 0.127258 254569
24.34 0.124295 248537
24.35 0.121214 242428
24.36 0.11802 236066
24.37 0.114715 229403
24.38 0.111303 222632
24.39 0.107787 215574
24.4 0.104171 208343
24.41 0.10046 200946
24.42 0.0966556 193311
24.43 0.092763 185473
24.44 0.0887859 177572
24.45 0.0847282 169430
24.46 0.0805938 161188
24.47 0.0763865 152747
24.48 0.0721103 144247
24.49 0.0677691 135538
24.5 0.0633669 126681
24.51 0.0589077 117763
24.52 0.0543957 108818
24.53 0.0498348 99669.5
24.54 0.0452293 90484.8
24.55 0.0405835 81167
24.56 0.0359019 71724.8
24.57 0.031189 62351.6
24.58 0.0264494 52846.2
24.59 0.021688 43402.3
24.6 0.0169096 33898.1
24.61 0.0121191 24185.6
24.62 0.00732182 14643.6
24.63 0.00252272 5045.45
24.64 -0.00227294 -4598.51
24.65 -0.00705996 -14093.6
24.66 -0.0118333 -23666.6
24.67 -0.0165879 -33175.8
24.68 -0.0213189 -42664.1
24.69 -0.0260215 -52043
24.7 -0.0306911 -61355.8
24.71 -0.0353233 -70646.6
24.72 -0.0399139 -79880.3
24.73 -0.0444587 -88838.4
24.74 -0.0489538 -97881.3
24.75 -0.0533954 -106791
24.76 -0.0577796 -115507
24.77 -0.0621028 -124206
24.78 -0.0663613 -132723
24.79 -0.0705513 -141076
24.8 -0.0746693 -149391
24.81 -0.0787117 -157397
24.82 -0.082675 -165350
24.83 -0.0865556 -173085
24.84 -0.0903501 -180648
24.85 -0.0940551 -188137
24.86 -0.0976674 -195308
24.87 -0.101184 -202367
24.88 -0.1046 -209201
24.89 -0.107915 -215803
24.9 -0.111123 -222246
24.91 -0.114223 -228472
24.92 -0.11721 -234420
24.93 -0.120082 -240164
24.94 -0.122836 -245698
24.95 -0.125468 -250936
24.96 -0.127976 -255979
24.97 -0.130358 -260663
24.98 -0.13261 -265247
24.99 -0.134731 -269436
25 -0.136718 -273436
25.01 -0.138569 -277112
25.02 -0.140283 -280566
25.03 -0.141858 -283689
25.04 -0.143292 -286557
25.05 -0.144584 -289194
25.06 -0.145733 -291492
25.07 -0.146737 -293528
25.08 -0.147597 -295194
25.09 -0.14831 -296594
25.1 -0.148877 -297727
25.11 -0.149296 -298618
25.12 -0.149567 -299160
25.13 -0.149689 -299351
25.14 -0.149662 -299298
25.15 -0.149486 -298972
25.16 -0.14916 -298294
25.17 -0.148685 -297371
25.18 -0.148061 -296123
25.19 -0.147288 -294577
25.2 -0.146367 -292735
25.21 -0.145299 -290624
25.22 -0.144084 -288141
25.23 -0.142724 -285448
25.24 -0.14122 -282414
25.25 -0.139575 -279150
25.26 -0.13779 -275579
25.27 -0.135867 -271707
25.28 -0.133808 -267616
25.29 -0.131616 -263259
25.3 -0.129294 -258614
25.31 -0.126844 -253714
25.32 -0.124269 -248485
25.33 -0.121571 -243142
25.34 -0.118754 -237534
25.35 -0.115821 -231615
25.36 -0.112773 -225600
25.37 -0.109616 -219205
25.38 -0.106351 -212676
25.39 -0.102982 -205964
25.4 -0.0995122 -199051
25.41 -0.095945 -191890
25.42 -0.0922838 -184541
25.43 -0.0885323 -177091
25.44 -0.0846941 -169362
25.45 -0.0807731 -161520
25.46 -0.0767731 -153572
25.47 -0.072698 -145396
25.48 -0.0685519 -137156
25.49 -0.064339 -128678
25.5 -0.0600634 -120153
25.51 -0.0557296 -111433
25.52 -0.0513419 -102684
25.53 -0.0469049 -93809.8
25.54 -0.0424231 -84819.9
25.55 -0.0379011 -75802.3
25.56 -0.0333437 -66766.4
25.57 -0.0287557 -57537.6
25.58 -0.0241418 -48283.5
25.59 -0.0195069 -38961.2
25.6 -0.0148561 -29712.2
25.61 -0.0101942 -20414.7
25.62 -0.00552634 -11052.7
25.63 -0.000857492 -1688.67
25.64 0.00380727 7588.23
25.65 0.00846294 16899.6
25.66 0.0131045 26235.3
25.67 0.0177269 35480
25.68 0.0223252 44703
25.69 0.0268947 53763.1
25.7 0.0314307 62861.4
25.71 0.0359285 71883.3
25.72 0.0403836 80740.9
25.73 0.0447917 89583.4
25.74 0.0491484 98323.1
25.75 0.0534495 106899
25.76 0.0576909 115329
25.77 0.0618686 123764
25.78 0.0659786 131957
25.79 0.070017 140034
25.8 0.07398 147934
25.81 0.077864 155728
25.82 0.0816652 163330
25.83 0.0853804 170761
25.84 0.089006 177986
25.85 0.0925389 185078
25.86 0.0959758 192004
25.87 0.0993138 198628
25.88 0.10255 205126
25.89 0.105681 211335
25.9 0.108704 217514
25.91 0.111617 223234
25.92 0.114417 228886
25.93 0.117101 234202
25.94 0.119666 239333
25.95 0.122111 244222
25.96 0.124433 248892
25.97 0.126629 253257
25.98 0.128697 257367
25.99 0.130635 261216
26 0.13244 264854
26.01 0.134112 268250
26.02 0.135648 271374
26.03 0.137046 274118
26.04 0.138305 276583
26.05 0.139423 278847
26.06 0.140401 280828
26.07 0.141236 282525
26.08 0.141928 283909
26.09 0.142477 284954
26.1 0.142882 285789
26.11 0.143142 286337
26.12 0.143259 286544
26.13 0.143232 286437
26.14 0.143061 286121
26.15 0.142747 285520
26.16 0.142291 284555
26.17 0.141693 283413
26.18 0.140956 281911
26.19 0.140078 280157
26.2 0.139063 278074
26.21 0.137912 275797
26.22 0.136625 273302
26.23 0.135204 270382
26.24 0.133652 267382
26.25 0.131969 263964
26.26 0.130158 260289
26.27 0.12822 256439
26.28 0.126157 252288
26.29 0.123973 247945
26.3 0.121668 243363
26.31 0.119246 238545
26.32 0.116709 233419
26.33 0.11406 228094
26.34 0.111302 222578
26.35 0.108438 216824
26.36 0.105471 210916
26.37 0.102405 204836
26.38 0.0992417 198510
26.39 0.0959859 191972
26.4 0.0926406 185308
26.41 0.0892093 178366
26.42 0.0856957 171365
26.43 0.082103 164259
26.44 0.078435 156844
26.45 0.0746951 149390
26.46 0.070887 141774
26.47 0.067014 134081
26.48 0.06308 126186
26.49 0.0590884 118177
26.5 0.0550431 110060
26.51 0.0509479 101817
26.52 0.0468065 93639.2
26.53 0.0426228 85271.8
26.54 0.0384007 76775.1
26.55 0.0341443 68341.2
26.56 0.0298574 59662.2
26.57 0.0255441 51114.5
26.58 0.0212083 42416.6
26.59 0.0168541 33734.5
26.6 0.0124854 25023.4
26.61 0.00810618 16291.3
26.62 0.00372057 7414.84
26.63 -0.000667283 -1229.32
26.64 -0.00505334 -10106.7
26.65 -0.00943329 -18840.3
26.66 -0.0138029 -27553.2
26.67 -0.018158 -36342.3
26.68 -0.0224942 -44988.3
26.69 -0.0268072 -53561.8
26.7 -0.031093 -62159.7
26.71 -0.0353473 -70694.6
26.72 -0.0395661 -79211.1
26.73 -0.0437454 -87543.4
26.74 -0.0478813 -95841.6
26.75 -0.0519701 -103914
26.76 -0.0560082 -111990
26.77 -0.0599918 -119984
26.78 -0.0639174 -127835
26.79 -0.0677815 -135563
26.8 -0.0715807 -143188
26.81 -0.0753115 -150597
26.82 -0.0789706 -157888
26.83 -0.0825545 -165083
26.84 -0.0860601 -172173
26.85 -0.0894839 -178994
26.86 -0.092823 -185646
26.87 -0.0960742 -192122
26.88 -0.0992345 -198548
26.89 -0.102301 -204576
26.9 -0.105271 -210595
26.91 -0.108142 -216285
26.92 -0.110912 -221824
26.93 -0.113578 -227103
26.94 -0.116137 -232300
26.95 -0.118588 -237202
26.96 -0.120928 -241856
26.97 -0.123155 -246337
26.98 -0.125268 -250562
26.99 -0.127264 -254475
27 -0.129141 -258308
27.01 -0.130897 -261768
27.02 -0.132531 -265062
27.03 -0.134041 -268029
27.04 -0.135424 -270823
27.05 -0.136681 -273388
27.06 -0.137808 -275616
27.07 -0.138805 -277611
27.08 -0.139671 -279343
27.09 -0.140405 -280757
27.1 -0.141005 -282010
27.11 -0.141471 -282995
27.12 -0.141802 -283578
27.13 -0.141998 -283996
27.14 -0.142058 -284115
27.15 -0.141981 -283962
27.16 -0.141767 -283534
27.17 -0.141416 -282833
27.18 -0.140928 -281856
27.19 -0.140302 -280579
27.2 -0.139539 -279079
27.21 -0.138639 -277305
27.22 -0.137603 -275205
27.23 -0.13643 -272833
27.24 -0.135122 -270270
27.25 -0.13368 -267385
27.26 -0.132104 -264208
27.27 -0.130397 -260795
27.28 -0.12856 -257200
27.29 -0.126595 -253243
27.3 -0.124504 -249034
27.31 -0.122288 -244576
27.32 -0.119951 -239901
27.33 -0.117493 -234986
27.34 -0.114918 -229810
27.35 -0.112228 -224456
27.36 -0.109425 -218824
27.37 -0.106512 -213024
27.38 -0.103491 -206982
27.39 -0.100365 -200730
27.4 -0.0971367 -194247
27.41 -0.0938089 -187644
27.42 -0.0903844 -180821
27.43 -0.0868664 -173733
27.44 -0.0832579 -166463
27.45 -0.0795622 -159124
27.46 -0.0757829 -151592
27.47 -0.0719232 -143873
27.48 -0.067987 -135948
27.49 -0.0639779 -127903
27.5 -0.0599 -119826
27.51 -0.0557571 -111567
27.52 -0.0515534 -103054
27.53 -0.0472932 -94560.1
27.54 -0.0429808 -85988
27.55 -0.0386207 -77267.8
27.56 -0.0342173 -68434.6
27.57 -0.0297752 -59550.3
27.58 -0.0252988 -50624
27.59 -0.0207928 -41533
27.6 -0.0162618 -32497.2
27.61 -0.0117101 -23472.9
27.62 -0.00714239 -14232.2
27.63 -0.0025632 -5126.4
27.64 0.00202299 3993.36
27.65 0.0066117 13223.4
27.66 0.0111983 22423
27.67 0.0157784 31635.7
27.68 0.0203471 40694.3
27.69 0.0249002 49826.6
27.7 0.0294328 58892
27.71 0.0339406 67933.8
27.72 0.0384188 76811.4
27.73 0.0428631 85726.2
27.74 0.0472688 94511.3
27.75 0.0516316 103263
27.76 0.0559471 111894
27.77 0.0602108 120474
27.78 0.0644184 128863
27.79 0.0685658 137132
27.8 0.0726488 145324
27.81 0.0766632 153326
27.82 0.080605 161210
27.83 0.0844702 168967
27.84 0.0882549 176484
27.85 0.0919554 183911
27.86 0.0955678 191136
27.87 0.0990884 198177
27.88 0.102514 205054
27.89 0.10584 211732
27.9 0.109063 218126
27.91 0.112181 224335
27.92 0.115188 230377
27.93 0.118083 236140
27.94 0.120862 241698
27.95 0.123521 247069
27.96 0.126058 252117
27.97 0.12847 256940
27.98 0.130754 261455
27.99 0.132906 265813
28 0.134926 269826
28.01 0.13681 273672
28.02 0.138555 277058
28.03 0.140161 280322
28.04 0.141624 283275
28.05 0.142944 285888
28.06 0.144118 288236
28.07 0.145146 290318
28.08 0.146025 291998
28.09 0.146756 293512
28.1 0.147337 294595
28.11 0.147768 295537
28.12 0.148049 296072
28.13 0.148179 296385
28.14 0.148159 296292
28.15 0.147989 296004
28.16 0.147668 295310
28.17 0.147198 294369
28.18 0.146578 293130
28.19 0.14581 291673
28.2 0.144895 289763
28.21 0.143832 287639
28.22 0.142625 285276
28.23 0.141273 282492
28.24 0.139777 279555
28.25 0.138141 276282
28.26 0.136364 272729
28.27 0.13445 268979
28.28 0.132399 264746
28.29 0.130215 260456
28.3 0.127898 255823
28.31 0.125453 250879
28.32 0.12288 245734
28.33 0.120184 240367
28.34 0.117366 234679
28.35 0.11443 228885
28.36 0.111378 222783
28.37 0.108215 216404
28.38 0.104943 209860
28.39 0.101566 203158
28.4 0.0980867 196173
28.41 0.0945093 188966
28.42 0.0908371 181727
28.43 0.087074 174122
28.44 0.0832239 166448
28.45 0.0792907 158581
28.46 0.0752787 150584
28.47 0.0711921 142437
28.48 0.0670354 134071
28.49 0.0628131 125653
28.5 0.0585299 117112
28.51 0.0541904 108354
28.52 0.0497994 99704.1
28.53 0.0453617 90723.5
28.54 0.0408822 81738.1
28.55 0.0363656 72757.6
28.56 0.0318167 63659.7
28.57 0.0272402 54480.4
28.58 0.0226408 45228.9
28.59 0.018023 36072.4
28.6 0.0133915 26783.1
28.61 0.00875085 17501.7
28.62 0.00410541 8237.14
28.63 -0.000540341 -1080.68
28.64 -0.00518194 -10363.9
28.65 -0.00981492 -19656.2
28.66 -0.0144348 -28790.7
28.67 -0.0190372 -38100.7
28.68 -0.0236175 -47235
28.69 -0.0281713 -56316.3
28.7 -0.0326942 -65362
28.71 -0.0371816 -74363.3
28.72 -0.0416294 -83285.1
28.73 -0.0460331 -92013.6
28.74 -0.0503887 -100856
28.75 -0.0546921 -109358
28.76 -0.0589393 -117879
28.77 -0.0631266 -126227
28.78 -0.0672501 -134474
28.79 -0.0713062 -142639
28.8 -0.0752912 -150530
28.81 -0.0792018 -158456
28.82 -0.0830343 -166069
28.83 -0.0867854 -173623
28.84 -0.0904516 -180930
28.85 -0.0940296 -188086
28.86 -0.0975161 -195085
28.87 -0.100908 -201789
28.88 -0.104202 -208377
28.89 -0.107394 -214763
28.9 -0.110483 -220967
28.91 -0.113465 -226904
28.92 -0.116337 -232754
28.93 -0.119097 -238221
28.94 -0.121742 -243484
28.95 -0.124269 -248513
28.96 -0.126677 -253302
28.97 -0.128963 -257953
28.98 -0.131125 -262250
28.99 -0.133161 -266296
29 -0.135069 -270086
29.01 -0.136848 -273696
29.02 -0.138496 -277017
29.03 -0.14001 -279995
29.04 -0.141391 -282783
29.05 -0.142637 -285195
29.06 -0.143746 -287466
29.07 -0.144718 -289436
29.08 -0.145552 -291157
29.09 -0.146247 -292494
29.1 -0.146803 -293632
29.11 -0.147218 -294410
29.12 -0.147494 -294962
29.13 -0.147629 -295232
29.14 -0.147624 -295274
29.15 -0.147478 -294957
29.16 -0.147193 -294412
29.17 -0.146767 -293560
29.18 -0.146202 -292404
29.19 -0.145498 -290970
29.2 -0.144656 -289312
29.21 -0.143677 -287353
29.22 -0.142561 -285069
29.23 -0.14131 -282646
29.24 -0.139925 -279849
29.25 -0.138407 -276840
29.26 -0.136757 -273567
29.27 -0.134978 -269982
29.28 -0.13307 -266167
29.29 -0.131036 -262099
29.3 -0.128877 -257860
29.31 -0.126595 -253190
29.32 -0.124192 -248464
29.33 -0.121671 -243289
29.34 -0.119032 -238091
29.35 -0.11628 -232560
29.36 -0.113415 -226804
29.37 -0.110442 -220910
29.38 -0.107361 -214723
29.39 -0.104177 -208381
29.4 -0.100892 -201758
29.41 -0.0975087 -195017
29.42 -0.0940303 -188034
29.43 -0.0904598 -180920
29.44 -0.0868004 -173574
29.45 -0.083055 -166084
29.46 -0.079227 -158454
29.47 -0.0753195 -150665
29.48 -0.0713359 -142672
29.49 -0.0672796 -134559
29.5 -0.0631542 -126282
29.51 -0.0589633 -117927
29.52 -0.0547108 -109474
29.53 -0.0504004 -100774
29.54 -0.0460362 -92072.3
29.55 -0.0416222 -83244.4
29.56 -0.0371626 -74325.3
29.57 -0.0326618 -65323.6
29.58 -0.028124 -56247.9
29.59 -0.0235536 -47159.7
29.6 -0.018955 -37936.2
29.61 -0.0143327 -28744.3
29.62 -0.00969121 -19382.4
29.63 -0.00503512 -10070.2
29.64 -0.000368983 -764.279
29.65 0.0043026 8631.52
29.66 0.00897492 17976.1
29.67 0.0136432 27260.1
29.68 0.0183028 36631.8
29.69 0.0229486 45897.3
29.7 0.027576 55178.2
29.71 0.0321798 64359.6
29.72 0.0367553 73536.8
29.73 0.0412975 82595
29.74 0.0458017 91629.7
29.75 0.0502632 100474
29.76 0.0546776 109408
29.77 0.0590402 118054
29.78 0.063347 126668
29.79 0.0675937 135161
29.8 0.0717762 143526
29.81 0.0758905 151807
29.82 0.0799328 159839
29.83 0.083899 167772
29.84 0.0877853 175544
29.85 0.0915879 183176
29.86 0.0953029 190579
29.87 0.0989267 197853
29.88 0.102455 204937
29.89 0.105886 211771
29.9 0.109213 218453
29.91 0.112435 224897
29.92 0.115548 231018
29.93 0.118549 237072
29.94 0.121434 242894
29.95 0.1242 248400
29.96 0.126844 253609
29.97 0.129364 258728
29.98 0.131756 263538
29.99 0.134018 268037
30 0.136148 272270
30.01 0.138143 276259
30.02 0.14 279974
30.03 0.141718 283384
30.04 0.143295 286590
30.05 0.144728 289430
30.06 0.146016 292032
30.07 0.147157 294287
30.08 0.148149 296246
30.09 0.148992 297958
30.1 0.149684 299395
30.11 0.150225 300449
30.12 0.150612 301277
30.13 0.150847 301694
30.14 0.150927 301855
30.15 0.150854 301656
30.16 0.150627 301280
30.17 0.150245 300517
30.18 0.14971 299393
30.19 0.149021 298068
30.2 0.148179 296332
30.21 0.147185 294344
30.22 0.14604 292106
30.23 0.144745 289542
30.24 0.143301 286627
30.25 0.141709 283365
30.26 0.139971 279995
30.27 0.13809 276100
30.28 0.136066 272105
30.29 0.133901 267829
30.3 0.131599 263197
30.31 0.12916 258373
30.32 0.126588 253176
30.33 0.123885 247744
30.34 0.121054 242108
30.35 0.118097 236195
30.36 0.115018 230063
30.37 0.11182 223692
30.38 0.108505 216958
30.39 0.105077 210155
30.4 0.10154 203081
30.41 0.0978975 195769
30.42 0.0941524 188279
30.43 0.0903091 180592
30.44 0.0863713 172716
30.45 0.0823432 164713
30.46 0.0782288 156379
30.47 0.0740324 148091
30.48 0.0697582 139543
30.49 0.0654105 130768
30.5 0.0609938 122040
30.51 0.0565126 113025
30.52 0.0519715 103917
30.53 0.0473754 94724.4
30.54 0.0427289 85457.8
30.55 0.0380371 76100.5
30.56 0.0333049 66583.5
30.57 0.0285375 57075
30.58 0.02374 47506.2
30.59 0.0189175 37887.6
30.6 0.0140753 28177
30.61 0.00921872 18437.4
30.62 0.00435287 8705.75
30.63 -0.00051702 -1034.04
30.64 -0.00538579 -10745.3
30.65 -0.0102483 -20522.9
30.66 -0.0150995 -30198.9
30.67 -0.0199342 -39894.8
30.68 -0.0247476 -49521.6
30.69 -0.0295347 -59095.7
30.7 -0.0342905 -68554.6
30.71 -0.0390102 -77941.5
30.72 -0.0436891 -87378.1
30.73 -0.0483222 -96723.4
30.74 -0.052905 -105836
30.75 -0.0574328 -114866
30.76 -0.0619009 -123802
30.77 -0.0663049 -132636
30.78 -0.0706404 -141202
30.79 -0.074903 -149806
30.8 -0.0790885 -158230
30.81 -0.0831925 -166385
30.82 -0.087211 -174475
30.83 -0.09114 -182254
30.84 -0.0949755 -190030
30.85 -0.0987136 -197427
30.86 -0.102351 -204701
30.87 -0.105883 -211792
30.88 -0.109307 -218587
30.89 -0.112619 -225211
30.9 -0.115816 -231605
30.91 -0.118894 -237815
30.92 -0.121851 -243703
30.93 -0.124684 -249369
30.94 -0.12739 -254807
30.95 -0.129967 -259855
30.96 -0.132411 -264849
30.97 -0.134721 -269443
30.98 -0.136895 -273790
30.99 -0.138931 -277835
31 -0.140826 -281626
31.01 -0.14258 -285161
31.02 -0.144191 -288382
31.03 -0.145657 -291314
31.04 -0.146977 -293955
31.05 -0.148151 -296301
31.06 -0.149176 -298405
31.07 -0.150052 -300105
31.08 -0.150779 -301559
31.09 -0.151356 -302686
31.1 -0.151782 -303538
31.11 -0.152057 -304140
31.12 -0.15218 -304360
31.13 -0.152152 -304330
31.14 -0.151972 -303944
31.15 -0.151641 -303230
31.16 -0.15116 -302347
31.17 -0.150529 -301058
31.18 -0.149748 -299497
31.19 -0.14882 -297692
31.2 -0.147744 -295489
31.21 -0.146524 -293073
31.22 -0.145159 -290291
31.23 -0.143652 -287303
31.24 -0.142004 -283955
31.25 -0.140218 -280383
31.26 -0.138295 -276616
31.27 -0.136238 -272476
31.28 -0.134049 -268097
31.29 -0.131729 -263485
31.3 -0.129283 -258513
31.31 -0.126711 -253396
31.32 -0.124018 -248035
31.33 -0.121204 -242408
31.34 -0.118274 -236600
31.35 -0.115229 -230432
31.36 -0.112074 -224121
31.37 -0.10881 -217620
31.38 -0.105442 -210910
31.39 -0.101972 -203917
31.4 -0.0984038 -196808
31.41 -0.0947411 -189482
31.42 -0.0909875 -181949
31.43 -0.0871465 -174293
31.44 -0.083222 -166444
31.45 -0.0792178 -158409
31.46 -0.075138 -150302
31.47 -0.0709866 -141894
31.48 -0.0667677 -133562
31.49 -0.0624855 -125024
31.5 -0.0581443 -116341
31.51 -0.0537483 -107523
31.52 -0.0493019 -98603.8
31.53 -0.0448096 -89671.7
31.54 -0.0402756 -80603.9
31.55 -0.0357046 -71382.9
31.56 -0.0311009 -62175.6
31.57 -0.0264692 -52938.3
31.58 -0.0218137 -43627.5
31.59 -0.0171392 -34225.7
31.6 -0.01245 -24873.8
31.61 -0.00775086 -15449.1
31.62 -0.0030462 -6092.39
31.63 0.00165943 3371.49
31.64 0.00636141 12722.8
31.65 0.0110552 22136.7
31.66 0.0157363 31498.8
31.67 0.0204 40773.6
31.68 0.0250418 50083.5
31.69 0.0296571 59287.9
31.7 0.0342415 68483
31.71 0.0387904 77554.4
31.72 0.0432992 86598.5
31.73 0.0477637 95527.4
31.74 0.0521793 104332
31.75 0.0565418 113084
31.76 0.0608469 121720
31.77 0.0650905 130181
31.78 0.0692685 138511
31.79 0.0733769 146727
31.8 0.0774119 154771
31.81 0.0813697 162766
31.82 0.0852466 170546
31.83 0.0890391 178052
31.84 0.0927437 185514
31.85 0.0963571 192740
31.86 0.0998759 199752
31.87 0.103297 206620
31.88 0.106617 213261
31.89 0.109834 219693
31.9 0.112943 225939
31.91 0.115943 231912
31.92 0.11883 237634
31.93 0.121602 243178
31.94 0.124256 248539
31.95 0.12679 253581
31.96 0.129201 258429
31.97 0.131487 262921
31.98 0.133645 267291
31.99 0.135674 271295
32 0.137571 275168
32.01 0.139334 278641
32.02 0.140961 281949
32.03 0.142452 284877
32.04 0.143803 287607
32.05 0.145015 289951
32.06 0.146085 292197
32.07 0.147013 294052
32.08 0.147798 295543
32.09 0.148439 296877
32.1 0.148935 297844
32.11 0.149287 298573
32.12 0.149493 299065
32.13 0.149554 299108
32.14 0.149469 298913
32.15 0.14924 298532
32.16 0.148865 297730
32.17 0.148346 296691
32.18 0.147682 295390
32.19 0.146875 293776
32.2 0.145925 291850
32.21 0.144833 289692
32.22 0.1436 287200
32.23 0.142228 284456
32.24 0.140717 281461
32.25 0.13907 278113
32.26 0.137287 274575
32.27 0.135372 270691
32.28 0.133324 266622
32.29 0.131148 262321
32.3 0.128843 257713
32.31 0.126414 252775
32.32 0.123862 247723
32.33 0.121189 242325
32.34 0.118399 236797
32.35 0.115493 231012
32.36 0.112475 224977
32.37 0.109348 218723
32.38 0.106115 212282
32.39 0.102779 205584
32.4 0.0993426 198738
32.41 0.0958103 191621
32.42 0.0921851 184344
32.43 0.0884706 176967
32.44 0.0846703 169288
32.45 0.0807879 161602
32.46 0.0768272 153707
32.47 0.0727919 145558
32.48 0.0686859 137425
32.49 0.0645131 129026
32.5 0.0602776 120581
32.51 0.0559834 112019
32.52 0.0516346 103269
32.53 0.0472356 94471.2
32.54 0.0427907 85607.7
32.55 0.0383043 76608.5
32.56 0.0337808 67561.6
32.57 0.0292248 58423.3
32.58 0.024641 49308.3
32.59 0.0200339 40067.8
32.6 0.0154082 30790.2
32.61 0.0107688 21537.7
32.62 0.00612043 12214.6
32.63 0.00146784 2935.69
32.64 -0.00318411 -6394.54
32.65 -0.00783057 -15634.8
32.66 -0.0124667 -24933.4
32.67 -0.0170877 -34201.6
32.68 -0.0216886 -43377.2
32.69 -0.0262647 -52503.1
32.7 -0.0308112 -61622.4
32.71 -0.0353235 -70646.9
32.72 -0.0397968 -79593.6
32.73 -0.0442267 -88453.3
32.74 -0.0486086 -97217.2
32.75 -0.0529383 -105903
32.76 -0.0572116 -114423
32.77 -0.0614244 -122796
32.78 -0.0655727 -131145
32.79 -0.0696528 -139332
32.8 -0.0736607 -147321
32.81 -0.077593 -155186
32.82 -0.081446 -162866
32.83 -0.0852161 -170432
32.84 -0.0888999 -177800
32.85 -0.0924939 -184935
32.86 -0.0959947 -191937
32.87 -0.0993989 -198798
32.88 -0.102703 -205433
32.89 -0.105904 -211782
32.9 -0.108999 -217999
32.91 -0.111985 -223944
32.92 -0.114858 -229690
32.93 -0.117617 -235181
32.94 -0.120258 -240542
32.95 -0.122779 -245584
32.96 -0.125177 -250380
32.97 -0.12745 -254980
32.98 -0.129597 -259194
32.99 -0.131615 -263229
33 -0.133501 -267003
33.01 -0.135255 -270511
33.02 -0.136875 -273777
33.03 -0.138359 -276665
33.04 -0.139706 -279385
33.05 -0.140914 -281775
33.06 -0.141982 -283991
33.07 -0.14291 -285794
33.08 -0.143696 -287392
33.09 -0.14434 -288653
33.1 -0.144841 -289681
33.11 -0.145198 -290397
33.12 -0.145412 -290850
33.13 -0.145482 -290938
33.14 -0.145408 -290790
33.15 -0.14519 -290381
33.16 -0.144829 -289737
33.17 -0.144324 -288648
33.18 -0.143677 -287380
33.19 -0.142887 -285827
33.2 -0.141956 -283912
33.21 -0.140884 -281742
33.22 -0.139673 -279347
33.23 -0.138324 -276622
33.24 -0.136838 -273676
33.25 -0.135217 -270460
33.26 -0.133462 -266898
33.27 -0.131576 -263126
33.28 -0.12956 -259121
33.29 -0.127417 -254834
33.3 -0.125149 -250350
33.31 -0.122757 -245541
33.32 -0.120246 -240518
33.33 -0.117616 -235233
33.34 -0.114872 -229796
33.35 -0.112015 -224004
33.36 -0.109049 -218098
33.37 -0.105976 -212031
33.38 -0.1028 -205599
33.39 -0.0995229 -199046
33.4 -0.0961488 -192271
33.41 -0.0926808 -185335
33.42 -0.0891222 -178244
33.43 -0.0854764 -170953
33.44 -0.081747 -163520
33.45 -0.0779376 -155875
33.46 -0.0740519 -148130
33.47 -0.0700937 -140240
33.48 -0.0660668 -132160
33.49 -0.0619752 -123950
33.5 -0.0578229 -115646
33.51 -0.053614 -107175
33.52 -0.0493526 -98679
33.53 -0.0450429 -90085.8
33.54 -0.040689 -81351.7
33.55 -0.0362952 -72590.4
33.56 -0.0318659 -63731.8
33.57 -0.0274053 -54837
33.58 -0.022918 -45809.7
33.59 -0.0184083 -36895.5
33.6 -0.0138807 -27787.7
33.61 -0.00933974 -18679.5
33.62 -0.00478997 -9553.63
33.63 -0.000235964 -419.302
33.64 0.00431772 8609.14
33.65 0.00886659 17680.6
33.66 0.0134061 26785.9
33.67 0.0179317 35889.8
33.68 0.0224389 44877.8
33.69 0.0269232 53846.4
33.7 0.0313802 62760.3
33.71 0.0358054 71584.4
33.72 0.0401944 80336.2
33.73 0.044543 89086
33.74 0.0488468 97693.6
33.75 0.0531016 106230
33.76 0.0573032 114606
33.77 0.0614475 122895
33.78 0.0655306 130982
33.79 0.0695484 139123
33.8 0.073497 146941
33.81 0.0773728 154772
33.82 0.0811719 162396
33.83 0.0848908 169808
33.84 0.0885259 177025
33.85 0.0920737 184174
33.86 0.0955309 191062
33.87 0.0988942 197815
33.88 0.10216 204268
33.89 0.105326 210627
33.9 0.108389 216779
33.91 0.111346 222718
33.92 0.114194 228414
33.93 0.11693 233860
33.94 0.119552 239103
33.95 0.122057 244113
33.96 0.124442 248885
33.97 0.126707 253413
33.98 0.128847 257642
33.99 0.130862 261750
34 0.132749 265524
34.01 0.134506 269038
34.02 0.136132 272316
34.03 0.137625 275223
34.04 0.138983 277965
34.05 0.140205 280410
34.06 0.14129 282632
34.07 0.142236 284446
34.08 0.143043 286112
34.09 0.14371 287393
34.1 0.144235 288497
34.11 0.144619 289239
34.12 0.144861 289696
34.13 0.144961 289869
34.14 0.144918 289863
34.15 0.144733 289467
34.16 0.144406 288866
34.17 0.143938 287902
34.18 0.143329 286631
34.19 0.142579 285237
34.2 0.14169 283407
34.21 0.140664 281327
34.22 0.1395 278999
34.23 0.1382 276374
34.24 0.136766 273480
34.25 0.1352 270400
34.26 0.133502 267031
34.27 0.131675 263298
34.28 0.129721 259441
34.29 0.12764 255255
34.3 0.125437 250847
34.31 0.123111 246196
34.32 0.120666 241332
34.33 0.118104 236208
34.34 0.115427 230775
34.35 0.112638 225302
34.36 0.109739 219531
34.37 0.106734 213494
34.38 0.103624 207221
34.39 0.100413 200799
34.4 0.0971038 194260
34.41 0.0936998 187400
34.42 0.0902041 180408
34.43 0.0866203 173293
34.44 0.0829516 165929
34.45 0.0792017 158377
34.46 0.0753743 150801
34.47 0.0714732 142920
34.48 0.0675021 135004
34.49 0.0634652 126983
34.5 0.0593664 118733
34.51 0.0552097 110419
34.52 0.0509994 101973
34.53 0.0467397 93426.8
34.54 0.0424348 84843.3
34.55 0.038089 76151.7
34.56 0.0337065 67439.3
34.57 0.0292916 58635.8
34.58 0.0248487 49697.3
34.59 0.0203821 40764.1
34.6 0.0158961 31818.6
34.61 0.0113952 22790.5
34.62 0.00688378 13793.9
34.63 0.00236617 4758.66
34.64 -0.00215318 -4332.67
34.65 -0.00666987 -13339.7
34.66 -0.0111795 -22438
34.67 -0.0156777 -31302.7
34.68 -0.02016 -40320
34.69 -0.0246221 -49244.3
34.7 -0.0290598 -58119.6
34.71 -0.0334687 -66963.6
34.72 -0.0378445 -75715.2
34.73 -0.042183 -84418.7
34.74 -0.0464802 -92986.7
34.75 -0.0507319 -101490
34.76 -0.054934 -109868
34.77 -0.0590825 -118191
34.78 -0.0631735 -126400
34.79 -0.0672031 -134406
34.8 -0.0711673 -142361
34.81 -0.0750624 -150099
34.82 -0.0788847 -157796
34.83 -0.0826303 -165261
34.84 -0.0862958 -172592
34.85 -0.0898775 -179781
34.86 -0.0933721 -186744
34.87 -0.0967761 -193552
34.88 -0.100086 -200199
34.89 -0.103299 -206572
34.9 -0.106412 -212799
34.91 -0.109422 -218845
34.92 -0.112326 -224732
34.93 -0.115122 -230244
34.94 -0.117806 -235638
34.95 -0.120376 -240751
34.96 -0.122829 -245685
34.97 -0.125164 -250302
34.98 -0.127378 -254730
34.99 -0.129469 -258912
35 -0.131435 -262870
35.01 -0.133274 -266522
35.02 -0.134984 -269916
35.03 -0.136564 -273129
35.04 -0.138013 -276025
35.05 -0.139328 -278655
35.06 -0.140508 -280990
35.07 -0.141553 -283158
35.08 -0.142461 -284948
35.09 -0.143232 -286516
35.1 -0.143864 -287701
35.11 -0.144357 -288740
35.12 -0.144711 -289448
35.13 -0.144924 -289875
35.14 -0.144998 -289917
35.15 -0.144931 -289862
35.16 -0.144724 -289474
35.17 -0.144377 -288753
35.18 -0.143889 -287779
35.19 -0.143262 -286551
35.2 -0.142497 -285020
35.21 -0.141593 -283211
35.22 -0.140551 -281102
35.23 -0.139373 -278746
35.24 -0.138059 -276093
35.25 -0.136612 -273302
35.26 -0.135031 -270115
35.27 -0.133319 -266638
35.28 -0.131477 -262955
35.29 -0.129507 -259041
35.3 -0.127411 -254822
35.31 -0.125191 -250434
35.32 -0.122848 -245722
35.33 -0.120385 -240770
35.34 -0.117804 -235556
35.35 -0.115109 -230217
35.36 -0.1123 -224574
35.37 -0.109382 -218763
35.38 -0.106356 -212660
35.39 -0.103226 -206505
35.4 -0.0999949 -199963
35.41 -0.0966653 -193304
35.42 -0.0932407 -186455
35.43 -0.0897241 -179475
35.44 -0.0861189 -172238
35.45 -0.0824284 -164857
35.46 -0.0786562 -157339
35.47 -0.0748057 -149611
35.48 -0.0708806 -141761
35.49 -0.0668846 -133769
35.5 -0.0628214 -125643
35.51 -0.058695 -117364
35.52 -0.0545093 -109045
35.53 -0.0502683 -100537
35.54 -0.0459761 -91978.4
35.55 -0.0416368 -83273.6
35.56 -0.0372547 -74483.2
35.57 -0.0328342 -65615.8
35.58 -0.0283795 -56811.6
35.59 -0.023895 -47711
35.6 -0.0193852 -38770.4
35.61 -0.0148545 -29709
35.62 -0.0103074 -20641.2
35.63 -0.0057485 -11549.6
35.64 -0.00118219 -2311.76
35.65 0.00338684 6694.73
35.66 0.00795413 15881.9
35.67 0.0125151 25030.1
35.68 0.0170651 34103.9
35.69 0.0215997 43146.7
35.7 0.0261143 52254.8
35.71 0.0306043 61234.9
35.72 0.0350654 70078.1
35.73 0.0394931 78959.9
35.74 0.043883 87792.3
35.75 0.0482308 96435.3
35.76 0.0525322 105064
35.77 0.0567831 113592
35.78 0.0609792 121985
35.79 0.0651165 130233
35.8 0.069191 138408
35.81 0.0731987 146450
35.82 0.0771356 154245
35.83 0.080998 161996
35.84 0.0847819 169617
35.85 0.0884837 176994
35.86 0.0920997 184173
35.87 0.0956262 191253
35.88 0.0990598 198172
35.89 0.102397 204794
35.9 0.105634 211216
35.91 0.108768 217510
35.92 0.111796 223514
35.93 0.114715 229430
35.94 0.117521 235095
35.95 0.120212 240424
35.96 0.122785 245543
35.97 0.125237 250448
35.98 0.127566 255132
35.99 0.129769 259565
36 0.131845 263689
36.01 0.13379 267580
36.02 0.135603 271233
36.03 0.137282 274591
36.04 0.138826 277599
36.05 0.140232 280463
36.06 0.141499 282971
36.07 0.142626 285225
36.08 0.143611 287275
36.09 0.144455 288935
36.1 0.145154 290282
36.11 0.14571 291420
36.12 0.146121 292242
36.13 0.146387 292826
36.14 0.146507 293014
36.15 0.146481 292962
36.16 0.14631 292646
36.17 0.145992 291985
36.18 0.145529 291085
36.19 0.144921 289843
36.2 0.144169 288285
36.21 0.143272 286571
36.22 0.142233 284519
36.23 0.141051 282077
36.24 0.139729 279432
36.25 0.138267 276508
36.26 0.136667 273361
36.27 0.134931 269861
36.28 0.133059 266119
36.29 0.131055 262110
36.3 0.128919 257865
36.31 0.126655 253283
36.32 0.124264 248580
36.33 0.121748 243496
36.34 0.11911 238195
36.35 0.116354 232734
36.36 0.11348 226935
36.37 0.110494 220908
36.38 0.107396 214766
36.39 0.104191 208355
36.4 0.100881 201763
36.41 0.0974706 194994
36.42 0.0939623 187925
36.43 0.0903598 180746
36.44 0.0866667 173360
36.45 0.0828868 165774
36.46 0.0790238 158074
36.47 0.0750815 150137
36.48 0.071064 142207
36.49 0.0669752 133950
36.5 0.0628194 125691
36.51 0.0586006 117201
36.52 0.0543233 108647
36.53 0.0499918 99957.2
36.54 0.0456105 91247.3
36.55 0.041184 82368
36.56 0.0367168 73407.3
36.57 0.0322135 64427.1
36.58 0.0276788 55331.2
36.59 0.0231172 46287
36.6 0.0185333 37119.3
36.61 0.0139319 27890.1
36.62 0.00931753 18608.7
36.63 0.00469488 9389.76
36.64 6.85419e-05 137.084
36.65 -0.00455686 -9113.72
36.66 -0.00917671 -18353.4
36.67 -0.0137864 -27572.8
36.68 -0.0183813 -36789
36.69 -0.0229569 -45861.1
36.7 -0.0275085 -55017
36.71 -0.0320315 -64063.1
36.72 -0.0365215 -72990.3
36.73 -0.0409738 -81947.6
36.74 -0.045384 -90794.3
36.75 -0.0497476 -99495.2
36.76 -0.0540602 -108147
36.77 -0.0583176 -116635
36.78 -0.0625156 -125005
36.79 -0.0666499 -133273
36.8 -0.0707165 -141407
36.81 -0.0747115 -149449
36.82 -0.0786309 -157235
36.83 -0.0824708 -164915
36.84 -0.0862276 -172429
36.85 -0.0898976 -179795
36.86 -0.0934772 -186981
36.87 -0.0969628 -193952
36.88 -0.100351 -200649
36.89 -0.103639 -207303
36.9 -0.106822 -213671
36.91 -0.109899 -219798
36.92 -0.112865 -225704
36.93 -0.115719 -231412
36.94 -0.118457 -236887
36.95 -0.121076 -242153
36.96 -0.123575 -247124
36.97 -0.12595 -251875
36.98 -0.1282 -256400
36.99 -0.130322 -260592
37 -0.132314 -264655
37.01 -0.134175 -268297
37.02 -0.135902 -271778
37.03 -0.137494 -274989
37.04 -0.13895 -277899
37.05 -0.140267 -280561
37.06 -0.141445 -282811
37.07 -0.142483 -284992
37.08 -0.143379 -286758
37.09 -0.144133 -288240
37.1 -0.144744 -289488
37.11 -0.145211 -290422
37.12 -0.145534 -291043
37.13 -0.145713 -291453
37.14 -0.145748 -291496
37.15 -0.145639 -291277
37.16 -0.145385 -290823
37.17 -0.144988 -289975
37.18 -0.144447 -288921
37.19 -0.143764 -287554
37.2 -0.142939 -285826
37.21 -0.141973 -283973
37.22 -0.140868 -281709
37.23 -0.139624 -279274
37.24 -0.138242 -276510
37.25 -0.136724 -273475
37.26 -0.135073 -270171
37.27 -0.133288 -266628
37.28 -0.131372 -262692
37.29 -0.129328 -258681
37.3 -0.127156 -254286
37.31 -0.12486 -249719
37.32 -0.122441 -244881
37.33 -0.119902 -239803
37.34 -0.117245 -234437
37.35 -0.114473 -228946
37.36 -0.111589 -223179
37.37 -0.108596 -217218
37.38 -0.105496 -211018
37.39 -0.102293 -204585
37.4 -0.0989888 -197978
37.41 -0.095588 -191150
37.42 -0.0920933 -184160
37.43 -0.0885082 -176964
37.44 -0.0848362 -169699
37.45 -0.0810809 -162109
37.46 -0.0772459 -154518
37.47 -0.0733349 -146670
37.48 -0.0693519 -138704
37.49 -0.0653007 -130549
37.5 -0.0611853 -122371
37.51 -0.0570098 -114046
37.52 -0.0527784 -105530
37.53 -0.0484952 -96990.4
37.54 -0.0441646 -88329.1
37.55 -0.0397908 -79555.3
37.56 -0.0353783 -70756.6
37.57 -0.0309315 -61862.9
37.58 -0.0264547 -52856.8
37.59 -0.0219525 -43878.7
37.6 -0.0174294 -34885
37.61 -0.0128897 -25726.8
37.62 -0.00833809 -16676.2
37.63 -0.00377897 -7452.68
37.64 0.000783076 1592.47
37.65 0.0053436 10713.5
37.66 0.00989811 19796.2
37.67 0.0144421 28936.9
37.68 0.0189711 37889.6
37.69 0.0234807 46961.5
37.7 0.0279665 55933
37.71 0.032424 64848
37.72 0.0368489 73671.5
37.73 0.0412368 82499.9
37.74 0.0455835 91193.3
37.75 0.0498846 99716.6
37.76 0.0541361 108246
37.77 0.0583337 116641
37.78 0.0624734 124973
37.79 0.0665511 133076
37.8 0.070563 141152
37.81 0.074505 149010
37.82 0.0783733 156747
37.83 0.0821643 164329
37.84 0.0858742 171775
37.85 0.0894995 179052
37.86 0.0930365 186073
37.87 0.0964819 192911
37.88 0.0998323 199665
37.89 0.103084 206169
37.9 0.106235 212470
37.91 0.109281 218536
37.92 0.11222 224440
37.93 0.115048 230122
37.94 0.117763 235525
37.95 0.120361 240696
37.96 0.122841 245683
37.97 0.1252 250453
37.98 0.127436 254872
37.99 0.129546 259144
38 0.131528 263056
38.01 0.133381 266787
38.02 0.135101 270177
38.03 0.136689 273326
38.04 0.138142 276284
38.05 0.139458 278890
38.06 0.140637 281274
38.07 0.141677 283354
38.08 0.142577 285128
38.09 0.143337 286647
38.1 0.143955 287883
38.11 0.14443 288887
38.12 0.144764 289554
38.13 0.144954 289908
38.14 0.145001 290029
38.15 0.144905 289784
38.16 0.144667 289333
38.17 0.144285 288570
38.18 0.143761 287522
38.19 0.143095 286164
38.2 0.142288 284549
38.21 0.14134 282628
38.22 0.140253 280480
38.23 0.139027 278081
38.24 0.137664 275329
38.25 0.136165 272357
38.26 0.134532 269090
38.27 0.132765 265504
38.28 0.130867 261786
38.29 0.128839 257678
38.3 0.126684 253368
38.31 0.124403 248806
38.32 0.121999 244025
38.33 0.119474 238896
38.34 0.116831 233688
38.35 0.114071 228169
38.36 0.111199 222397
38.37 0.108215 216431
38.38 0.105125 210276
38.39 0.10193 203833
38.4 0.0986334 197214
38.41 0.0952389 190452
38.42 0.0917497 183526
38.43 0.0881691 176364
38.44 0.0845006 168975
38.45 0.0807479 161496
38.46 0.0769146 153882
38.47 0.0730045 145983
38.48 0.0690215 138043
38.49 0.0649694 129886
38.5 0.0608524 121757
38.51 0.0566744 113296
38.52 0.0524398 104880
38.53 0.0481525 96357.7
38.54 0.043817 87607.7
38.55 0.0394376 78954.2
38.56 0.0350186 70037.3
38.57 0.0305645 61155.4
38.58 0.0260798 52133.2
38.59 0.0215689 43137.8
38.6 0.0170364 33993.8
38.61 0.0124868 25000
38.62 0.00792475 15823.2
38.63 0.00335474 6762.1
38.64 -0.00121868 -2437.36
38.65 -0.0057909 -11608.1
38.66 -0.0103573 -20714.7
38.67 -0.0149135 -29879.6
38.68 -0.0194547 -38935.8
38.69 -0.0239766 -48005.9
38.7 -0.0284746 -56975.6
38.71 -0.0329443 -65888.6
38.72 -0.0373812 -74736.2
38.73 -0.041781 -83614.7
38.74 -0.0461393 -92226
38.75 -0.0504518 -100930
38.76 -0.0547142 -109428
38.77 -0.0589222 -117844
38.78 -0.0630718 -126091
38.79 -0.0671588 -134265
38.8 -0.0711792 -142332
38.81 -0.075129 -150205
38.82 -0.0790043 -158009
38.83 -0.0828011 -165629
38.84 -0.0865158 -173032
38.85 -0.0901447 -180289
38.86 -0.0936841 -187421
38.87 -0.0971304 -194261
38.88 -0.10048 -200987
38.89 -0.103731 -207382
38.9 -0.106878 -213756
38.91 -0.109919 -219812
38.92 -0.112851 -225702
38.93 -0.115671 -231368
38.94 -0.118376 -236778
38.95 -0.120963 -241900
38.96 -0.123431 -246914
38.97 -0.125776 -251525
38.98 -0.127996 -255992
38.99 -0.130089 -260204
39 -0.132053 -264106
39.01 -0.133886 -267771
39.02 -0.135586 -271224
39.03 -0.137151 -274329
39.04 -0.138581 -277161
39.05 -0.139872 -279771
39.06 -0.141026 -282025
39.07 -0.142039 -284025
39.08 -0.142911 -285796
39.09 -0.143641 -287283
39.1 -0.14423 -288512
39.11 -0.144675 -289375
39.12 -0.144976 -289952
39.13 -0.145134 -290268
39.14 -0.145148 -290296
39.15 -0.145018 -289958
39.16 -0.144745 -289516
39.17 -0.144328 -288657
39.18 -0.143769 -287564
39.19 -0.143067 -286161
39.2 -0.142224 -284449
39.21 -0.141241 -282455
39.22 -0.140118 -280235
39.23 -0.138856 -277712
39.24 -0.137457 -274967
39.25 -0.135923 -271819
39.26 -0.134254 -268535
39.27 -0.132453 -264959
39.28 -0.130521 -260964
39.29 -0.128461 -256948
39.3 -0.126274 -252469
39.31 -0.123962 -247899
39.32 -0.121529 -243031
39.33 -0.118975 -237951
39.34 -0.116305 -232636
39.35 -0.11352 -227118
39.36 -0.110623 -221219
39.37 -0.107617 -215129
39.38 -0.104505 -209011
39.39 -0.101291 -202529
39.4 -0.0979767 -195980
39.41 -0.0945662 -189054
39.42 -0.0910629 -182126
39.43 -0.08747 -174993
39.44 -0.083791 -167608
39.45 -0.0800298 -160060
39.46 -0.0761899 -152353
39.47 -0.0722751 -144603
39.48 -0.0682894 -136605
39.49 -0.0642365 -128499
39.5 -0.0601206 -120215
39.51 -0.0559457 -111891
39.52 -0.051716 -103406
39.53 -0.0474355 -94897.4
39.54 -0.0431086 -86217.3
39.55 -0.0387395 -77479.1
39.56 -0.0343326 -68665.2
39.57 -0.0298921 -59705.3
39.58 -0.0254226 -50845.2
39.59 -0.0209284 -41909.4
39.6 -0.0164139 -32854.1
39.61 -0.0118836 -23793.5
39.62 -0.00734193 -14657.6
39.63 -0.00279344 -5586.88
39.64 0.00175743 3620.12
39.65 0.00630614 12664.9
39.66 0.0108482 21749.1
39.67 0.0153793 30758.6
39.68 0.0198948 39789.6
39.69 0.0243904 48728.2
39.7 0.0288617 57697
39.71 0.0333041 66582
39.72 0.0377135 75374.4
39.73 0.0420855 84197.3
39.74 0.0464156 92857.6
39.75 0.0506998 101373
39.76 0.0549337 109815
39.77 0.0591133 118253
39.78 0.0632343 126416
39.79 0.0672929 134586
39.8 0.0712849 142543
39.81 0.0752064 150413
39.82 0.0790537 158107
39.83 0.0828229 165672
39.84 0.0865103 173047
39.85 0.0901123 180198
39.86 0.0936253 187224
39.87 0.097046 194118
39.88 0.100371 200689
39.89 0.103597 207194
39.9 0.106721 213441
39.91 0.109739 219452
39.92 0.112649 225246
39.93 0.115448 230923
39.94 0.118133 236188
39.95 0.120702 241404
39.96 0.123152 246277
39.97 0.12548 251038
39.98 0.127684 255368
39.99 0.129762 259498
40 0.131713 263478
