0.01 0
0.02 -1.89831e-06
0.03 -5.69278e-06
0.04 -1.12809e-05
0.05 -1.86938e-05
0.06 -2.79617e-05
0.07 -3.91304e-05
0.08 -5.22579e-05
0.09 -6.73195e-05
0.1 -8.439e-05
0.11 -0.000103413
0.12 -0.000124403
0.13 -0.000147318
0.14 -0.00017221
0.15 -0.000199066
0.16 -0.000227883
0.17 -0.000258557
0.18 -0.000291003
0.19 -0.000325209
0.2 -0.000361169
0.21 -0.000398833
0.22 -0.000438235
0.23 -0.000479466
0.24 -0.000522369
0.25 -0.000566958
0.26 -0.000613182
0.27 -0.000661131
0.28 -0.000710855
0.29 -0.000762422
0.3 -0.000815753
0.31 -0.000870792
0.32 -0.000927525
0.33 -0.000986008
0.34 -0.00104635
0.35 -0.00110838
0.36 -0.0011721
0.37 -0.00123753
0.38 -0.00130466
0.39 -0.00137355
0.4 -0.00144398
0.41 -0.00151599
0.42 -0.00158945
0.43 -0.00166438
0.44 -0.00174063
0.45 -0.00181819
0.46 -0.00189699
0.47 -0.00197703
0.48 -0.00205815
0.49 -0.00214017
0.5 -0.00222317
0.51 -0.00230709
0.52 -0.00239187
0.53 -0.00247752
0.54 -0.00256395
0.55 -0.00265106
0.56 -0.00273885
0.57 -0.00282728
0.58 -0.00291628
0.59 -0.00300586
0.6 -0.00309591
0.61 -0.00318639
0.62 -0.00327732
0.63 -0.00336855
0.64 -0.00346
0.65 -0.00355164
0.66 -0.00364336
0.67 -0.00373503
0.68 -0.00382656
0.69 -0.00391778
0.7 -0.00400862
0.71 -0.00409908
0.72 -0.00418905
0.73 -0.00427838
0.74 -0.00436712
0.75 -0.0044552
0.76 -0.00454266
0.77 -0.00462958
0.78 -0.00471585
0.79 -0.00480148
0.8 -0.00488649
0.81 -0.00497088
0.82 -0.00505463
0.83 -0.00513761
0.84 -0.00521964
0.85 -0.00530058
0.86 -0.00538034
0.87 -0.00545856
0.88 -0.0055349
0.89 -0.00560927
0.9 -0.0056811
0.91 -0.00575029
0.92 -0.00581647
0.93 -0.00587952
0.94 -0.00593937
0.95 -0.00599573
0.96 -0.00604864
0.97 -0.00609803
0.98 -0.006144
0.99 -0.00618682
1 -0.00622646
1.01 -0.00626302
1.02 -0.00629666
1.03 -0.0063275
1.04 -0.00635559
1.05 -0.00638109
1.06 -0.00640408
1.07 -0.00642419
1.08 -0.00644126
1.09 -0.00645535
1.1 -0.00646644
1.11 -0.00647443
1.12 -0.00647928
1.13 -0.00648107
1.14 -0.00647994
1.15 -0.00647607
1.16 -0.00646961
1.17 -0.00646067
1.18 -0.00644945
1.19 -0.00643609
1.2 -0.00642072
1.21 -0.00640347
1.22 -0.00638444
1.23 -0.00636357
1.24 -0.00634087
1.25 -0.00631629
1.26 -0.00628962
1.27 -0.00626074
1.28 -0.00622946
1.29 -0.0061957
1.3 -0.00615932
1.31 -0.00612023
1.32 -0.00607824
1.33 -0.00603334
1.34 -0.0059856
1.35 -0.00593508
1.36 -0.00588175
1.37 -0.00582571
1.38 -0.00576708
1.39 -0.00570619
1.4 -0.00564312
1.41 -0.00557814
1.42 -0.00551158
1.43 -0.0054437
1.44 -0.00537509
1.45 -0.00530596
1.46 -0.00523647
1.47 -0.00516698
1.48 -0.00509762
1.49 -0.0050285
1.5 -0.00495967
1.51 -0.00489129
1.52 -0.00482368
1.53 -0.00475688
1.54 -0.00469107
1.55 -0.00462653
1.56 -0.0045635
1.57 -0.00450206
1.58 -0.00444229
1.59 -0.00438425
1.6 -0.00432796
1.61 -0.00427336
1.62 -0.00422027
1.63 -0.00416847
1.64 -0.00411785
1.65 -0.00406832
1.66 -0.00401968
1.67 -0.00397172
1.68 -0.00392429
1.69 -0.0038773
1.7 -0.00383067
1.71 -0.00378422
1.72 -0.003738
1.73 -0.00369208
1.74 -0.00364641
1.75 -0.00360102
1.76 -0.00355599
1.77 -0.00351143
1.78 -0.00346751
1.79 -0.00342431
1.8 -0.00338195
1.81 -0.00334044
1.82 -0.00329982
1.83 -0.00326004
1.84 -0.0032211
1.85 -0.00318299
1.86 -0.00314558
1.87 -0.00310886
1.88 -0.0030727
1.89 -0.00303702
1.9 -0.00300163
1.91 -0.00296633
1.92 -0.00293094
1.93 -0.00289518
1.94 -0.00285869
1.95 -0.00282117
1.96 -0.00278243
1.97 -0.0027422
1.98 -0.00270046
1.99 -0.00265715
2 -0.00261238
2.01 -0.00256632
2.02 -0.00251916
2.03 -0.00247119
2.04 -0.0024226
2.05 -0.00237376
2.06 -0.00232504
2.07 -0.00227678
2.08 -0.00222937
2.09 -0.00218322
2.1 -0.00213866
2.11 -0.00209609
2.12 -0.00205585
2.13 -0.00201813
2.14 -0.00198289
2.15 -0.00194987
2.16 -0.00191874
2.17 -0.00188895
2.18 -0.00185983
2.19 -0.00183068
2.2 -0.0018009
2.21 -0.00176993
2.22 -0.00173735
2.23 -0.00170291
2.24 -0.0016664
2.25 -0.00162787
2.26 -0.00158744
2.27 -0.00154529
2.28 -0.00150169
2.29 -0.00145701
2.3 -0.00141166
2.31 -0.00136607
2.32 -0.00132065
2.33 -0.00127579
2.34 -0.0012319
2.35 -0.00118935
2.36 -0.00114848
2.37 -0.00110953
2.38 -0.00107284
2.39 -0.00103865
2.4 -0.00100713
2.41 -0.000978486
2.42 -0.000952936
2.43 -0.000930775
2.44 -0.000912279
2.45 -0.000897693
2.46 -0.000887162
2.47 -0.000880864
2.48 -0.000878986
2.49 -0.000881649
2.5 -0.000888986
2.51 -0.000901143
2.52 -0.000918118
2.53 -0.000939855
2.54 -0.000966201
2.55 -0.000997007
2.56 -0.00103178
2.57 -0.00106995
2.58 -0.00111084
2.59 -0.00115363
2.6 -0.00119767
2.61 -0.00124215
2.62 -0.0012865
2.63 -0.00133043
2.64 -0.00137387
2.65 -0.00141687
2.66 -0.00145942
2.67 -0.00150195
2.68 -0.00154482
2.69 -0.00158861
2.7 -0.00163379
2.71 -0.00168084
2.72 -0.00172991
2.73 -0.00178136
2.74 -0.00183525
2.75 -0.00189173
2.76 -0.0019508
2.77 -0.00201237
2.78 -0.00207639
2.79 -0.00214283
2.8 -0.00221158
2.81 -0.0022826
2.82 -0.00235569
2.83 -0.00243084
2.84 -0.00250786
2.85 -0.00258672
2.86 -0.00266721
2.87 -0.00274907
2.88 -0.00283219
2.89 -0.00291622
2.9 -0.00300089
2.91 -0.00308596
2.92 -0.003171
2.93 -0.00325567
2.94 -0.0033397
2.95 -0.00342267
2.96 -0.00350435
2.97 -0.00358457
2.98 -0.00366307
2.99 -0.00373968
3 -0.00381439
3.01 -0.00388698
3.02 -0.0039574
3.03 -0.00402558
3.04 -0.00409146
3.05 -0.00415494
3.06 -0.00421576
3.07 -0.00427381
3.08 -0.00432885
3.09 -0.00438077
3.1 -0.00442952
3.11 -0.00447509
3.12 -0.0045176
3.13 -0.00455726
3.14 -0.00459453
3.15 -0.0046299
3.16 -0.00466387
3.17 -0.00469691
3.18 -0.00472951
3.19 -0.00476196
3.2 -0.00479449
3.21 -0.00482724
3.22 -0.00486019
3.23 -0.00489322
3.24 -0.00492597
3.25 -0.00495824
3.26 -0.00498985
3.27 -0.00502057
3.28 -0.00505018
3.29 -0.00507865
3.3 -0.00510605
3.31 -0.00513253
3.32 -0.00515797
3.33 -0.00518242
3.34 -0.00520603
3.35 -0.00522872
3.36 -0.00525051
3.37 -0.00527142
3.38 -0.00529137
3.39 -0.00531045
3.4 -0.00532869
3.41 -0.00534584
3.42 -0.00536192
3.43 -0.00537686
3.44 -0.00539067
3.45 -0.00540341
3.46 -0.00541494
3.47 -0.00542547
3.48 -0.00543517
3.49 -0.0054444
3.5 -0.0054535
3.51 -0.00546302
3.52 -0.00547337
3.53 -0.00548488
3.54 -0.00549798
3.55 -0.0055128
3.56 -0.005529
3.57 -0.0055463
3.58 -0.00556431
3.59 -0.00558258
3.6 -0.0056005
3.61 -0.00561754
3.62 -0.00563329
3.63 -0.00564758
3.64 -0.00566043
3.65 -0.00567191
3.66 -0.00568243
3.67 -0.00569242
3.68 -0.00570208
3.69 -0.00571177
3.7 -0.00572179
3.71 -0.00573239
3.72 -0.00574365
3.73 -0.0057555
3.74 -0.00576793
3.75 -0.00578072
3.76 -0.00579388
3.77 -0.00580721
3.78 -0.00582065
3.79 -0.00583418
3.8 -0.00584779
3.81 -0.00586159
3.82 -0.00587552
3.83 -0.00588928
3.84 -0.00590275
3.85 -0.0059158
3.86 -0.00592819
3.87 -0.0059397
3.88 -0.00595022
3.89 -0.00595952
3.9 -0.00596764
3.91 -0.0059746
3.92 -0.00598043
3.93 -0.00598515
3.94 -0.00598892
3.95 -0.00599182
3.96 -0.00599374
3.97 -0.00599451
3.98 -0.00599389
3.99 -0.00599155
4 -0.00598706
4.01 -0.00597989
4.02 -0.00596953
4.03 -0.00595546
4.04 -0.00593736
4.05 -0.00591487
4.06 -0.00588773
4.07 -0.00585569
4.08 -0.00581872
4.09 -0.0057767
4.1 -0.00572967
4.11 -0.00567763
4.12 -0.00562055
4.13 -0.0055584
4.14 -0.00549116
4.15 -0.00541881
4.16 -0.00534125
4.17 -0.00525878
4.18 -0.00517133
4.19 -0.00507906
4.2 -0.00498208
4.21 -0.00488053
4.22 -0.00477459
4.23 -0.0046649
4.24 -0.00455202
4.25 -0.00443666
4.26 -0.00431967
4.27 -0.00420187
4.28 -0.00408415
4.29 -0.00396722
4.3 -0.0038519
4.31 -0.0037386
4.32 -0.00362767
4.33 -0.0035194
4.34 -0.00341394
4.35 -0.0033114
4.36 -0.00321183
4.37 -0.0031153
4.38 -0.00302203
4.39 -0.00293223
4.4 -0.00284615
4.41 -0.00276397
4.42 -0.00268585
4.43 -0.00261192
4.44 -0.0025422
4.45 -0.00247649
4.46 -0.0024144
4.47 -0.00235554
4.48 -0.00229926
4.49 -0.00224487
4.5 -0.0021918
4.51 -0.00213945
4.52 -0.00208736
4.53 -0.00203515
4.54 -0.00198265
4.55 -0.00192979
4.56 -0.00187636
4.57 -0.00182216
4.58 -0.00176698
4.59 -0.00171065
4.6 -0.00165291
4.61 -0.00159349
4.62 -0.00153221
4.63 -0.001469
4.64 -0.00140395
4.65 -0.00133728
4.66 -0.0012692
4.67 -0.00120014
4.68 -0.0011303
4.69 -0.00105997
4.7 -0.00098939
4.71 -0.000918691
4.72 -0.000847972
4.73 -0.000777156
4.74 -0.000706268
4.75 -0.000635255
4.76 -0.000564143
4.77 -0.000492929
4.78 -0.000421779
4.79 -0.000351014
4.8 -0.000280858
4.81 -0.000211621
4.82 -0.000143478
4.83 -7.65999e-05
4.84 -1.12052e-05
4.85 5.24114e-05
4.86 0.000113974
4.87 0.000173177
4.88 0.000229877
4.89 0.000283804
4.9 0.000334608
4.91 0.000382247
4.92 0.000426805
4.93 0.00046836
4.94 0.000506955
4.95 0.000542521
4.96 0.000575236
4.97 0.000605221
4.98 0.000632198
4.99 0.00065573
5 0.000675528
5.01 0.00069119
5.02 0.000702291
5.03 0.000708341
5.04 0.000708939
5.05 0.000703861
5.06 0.000693033
5.07 0.000676493
5.08 0.000654259
5.09 0.000626317
5.1 0.000592872
5.11 0.000554034
5.12 0.000509763
5.13 0.000459959
5.14 0.000404916
5.15 0.000344657
5.16 0.000279344
5.17 0.000208966
5.18 0.000133634
5.19 5.37172e-05
5.2 -3.03943e-05
5.21 -0.000118155
5.22 -0.000209142
5.23 -0.000302792
5.24 -0.000398664
5.25 -0.000496419
5.26 -0.000595681
5.27 -0.000696313
5.28 -0.000798326
5.29 -0.000901635
5.3 -0.00100636
5.31 -0.00111264
5.32 -0.00122061
5.33 -0.00133038
5.34 -0.00144221
5.35 -0.00155608
5.36 -0.00167199
5.37 -0.00178991
5.38 -0.00190967
5.39 -0.00203109
5.4 -0.00215397
5.41 -0.00227795
5.42 -0.00240264
5.43 -0.00252769
5.44 -0.00265244
5.45 -0.00277649
5.46 -0.00289939
5.47 -0.00302053
5.48 -0.00313941
5.49 -0.00325566
5.5 -0.00336885
5.51 -0.00347859
5.52 -0.00358448
5.53 -0.00368612
5.54 -0.00378324
5.55 -0.00387594
5.56 -0.00396362
5.57 -0.00404648
5.58 -0.00412441
5.59 -0.00419797
5.6 -0.00426722
5.61 -0.0043323
5.62 -0.0043937
5.63 -0.0044519
5.64 -0.00450715
5.65 -0.00455956
5.66 -0.00460913
5.67 -0.00465587
5.68 -0.00469981
5.69 -0.00474063
5.7 -0.00477805
5.71 -0.00481184
5.72 -0.00484181
5.73 -0.00486794
5.74 -0.00489016
5.75 -0.00490844
5.76 -0.00492265
5.77 -0.00493299
5.78 -0.00493956
5.79 -0.00494249
5.8 -0.00494193
5.81 -0.004938
5.82 -0.00493082
5.83 -0.00492043
5.84 -0.00490695
5.85 -0.00489039
5.86 -0.00487074
5.87 -0.00484804
5.88 -0.00482232
5.89 -0.0047937
5.9 -0.0047623
5.91 -0.00472832
5.92 -0.00469184
5.93 -0.00465294
5.94 -0.00461176
5.95 -0.00456837
5.96 -0.00452277
5.97 -0.00447491
5.98 -0.00442481
5.99 -0.00437246
6 -0.00431785
6.01 -0.00426098
6.02 -0.00420193
6.03 -0.00414097
6.04 -0.00407829
6.05 -0.00401423
6.06 -0.00394925
6.07 -0.00388384
6.08 -0.00381848
6.09 -0.00375372
6.1 -0.00369012
6.11 -0.00362826
6.12 -0.00356863
6.13 -0.00351163
6.14 -0.00345754
6.15 -0.00340655
6.16 -0.00335876
6.17 -0.00331431
6.18 -0.00327305
6.19 -0.00323492
6.2 -0.00319982
6.21 -0.00316769
6.22 -0.00313852
6.23 -0.00311227
6.24 -0.00308893
6.25 -0.00306853
6.26 -0.00305123
6.27 -0.00303715
6.28 -0.00302636
6.29 -0.00301896
6.3 -0.00301506
6.31 -0.00301466
6.32 -0.00301786
6.33 -0.0030247
6.34 -0.00303522
6.35 -0.00304949
6.36 -0.0030676
6.37 -0.00308961
6.38 -0.00311555
6.39 -0.00314549
6.4 -0.00317941
6.41 -0.00321714
6.42 -0.0032585
6.43 -0.00330319
6.44 -0.00335092
6.45 -0.00340129
6.46 -0.00345395
6.47 -0.00350853
6.48 -0.00356466
6.49 -0.00362202
6.5 -0.00368022
6.51 -0.00373904
6.52 -0.00379841
6.53 -0.0038581
6.54 -0.00391813
6.55 -0.0039785
6.56 -0.00403922
6.57 -0.00410041
6.58 -0.00416213
6.59 -0.00422441
6.6 -0.00428726
6.61 -0.00435068
6.62 -0.00441464
6.63 -0.00447894
6.64 -0.00454356
6.65 -0.00460837
6.66 -0.00467331
6.67 -0.00473841
6.68 -0.00480365
6.69 -0.00486906
6.7 -0.00493468
6.71 -0.00500044
6.72 -0.00506637
6.73 -0.0051323
6.74 -0.00519804
6.75 -0.00526314
6.76 -0.00532729
6.77 -0.00539022
6.78 -0.00545133
6.79 -0.00551024
6.8 -0.00556655
6.81 -0.00562013
6.82 -0.00567102
6.83 -0.0057189
6.84 -0.00576384
6.85 -0.00580586
6.86 -0.00584503
6.87 -0.00588149
6.88 -0.00591544
6.89 -0.00594662
6.9 -0.00597501
6.91 -0.00600059
6.92 -0.00602314
6.93 -0.00604258
6.94 -0.00605881
6.95 -0.00607174
6.96 -0.00608132
6.97 -0.00608751
6.98 -0.00608993
6.99 -0.00608858
7 -0.0060836
7.01 -0.00607507
7.02 -0.00606319
7.03 -0.00604833
7.04 -0.00603093
7.05 -0.00601142
7.06 -0.00599017
7.07 -0.00596761
7.08 -0.00594387
7.09 -0.00591947
7.1 -0.00589453
7.11 -0.00586923
7.12 -0.00584367
7.13 -0.00581795
7.14 -0.00579232
7.15 -0.00576704
7.16 -0.00574239
7.17 -0.00571871
7.18 -0.00569633
7.19 -0.00567545
7.2 -0.00565627
7.21 -0.00563875
7.22 -0.00562287
7.23 -0.00560845
7.24 -0.00559527
7.25 -0.005583
7.26 -0.00557124
7.27 -0.00555951
7.28 -0.00554745
7.29 -0.00553463
7.3 -0.00552073
7.31 -0.00550543
7.32 -0.00548834
7.33 -0.00546937
7.34 -0.0054484
7.35 -0.00542537
7.36 -0.00540016
7.37 -0.00537293
7.38 -0.0053438
7.39 -0.00531301
7.4 -0.0052808
7.41 -0.00524742
7.42 -0.0052131
7.43 -0.00517799
7.44 -0.00514244
7.45 -0.00510663
7.46 -0.00507085
7.47 -0.0050352
7.48 -0.00499982
7.49 -0.00496485
7.5 -0.00493039
7.51 -0.00489655
7.52 -0.0048633
7.53 -0.00483057
7.54 -0.00479835
7.55 -0.00476658
7.56 -0.00473531
7.57 -0.00470446
7.58 -0.00467391
7.59 -0.00464362
7.6 -0.00461353
7.61 -0.0045836
7.62 -0.00455381
7.63 -0.00452407
7.64 -0.00449428
7.65 -0.00446438
7.66 -0.00443432
7.67 -0.00440379
7.68 -0.00437252
7.69 -0.00434011
7.7 -0.00430606
7.71 -0.00426979
7.72 -0.00423057
7.73 -0.00418771
7.74 -0.00414082
7.75 -0.00408984
7.76 -0.0040341
7.77 -0.0039736
7.78 -0.00390833
7.79 -0.00383914
7.8 -0.00376605
7.81 -0.00368954
7.82 -0.00361017
7.83 -0.00352839
7.84 -0.00344456
7.85 -0.00335907
7.86 -0.00327215
7.87 -0.00318408
7.88 -0.00309507
7.89 -0.00300527
7.9 -0.00291478
7.91 -0.00282379
7.92 -0.0027324
7.93 -0.00264081
7.94 -0.00254903
7.95 -0.00245711
7.96 -0.00236517
7.97 -0.00227331
7.98 -0.00218172
7.99 -0.00209037
8 -0.00199935
8.01 -0.00190885
8.02 -0.00181881
8.03 -0.00172932
8.04 -0.00164045
8.05 -0.0015521
8.06 -0.00146423
8.07 -0.00137698
8.08 -0.00129033
8.09 -0.00120435
8.1 -0.00111913
8.11 -0.0010348
8.12 -0.000951506
8.13 -0.000869523
8.14 -0.000788968
8.15 -0.000710056
8.16 -0.000632923
8.17 -0.00055767
8.18 -0.000484312
8.19 -0.000412822
8.2 -0.000343327
8.21 -0.000275849
8.22 -0.000210318
8.23 -0.000146698
8.24 -8.49513e-05
8.25 -2.51241e-05
8.26 3.26824e-05
8.27 8.83121e-05
8.28 0.000141755
8.29 0.00019283
8.3 0.000241248
8.31 0.00028688
8.32 0.000329578
8.33 0.000369097
8.34 0.00040519
8.35 0.000437616
8.36 0.000466075
8.37 0.000490294
8.38 0.000510023
8.39 0.000524893
8.4 0.000534404
8.41 0.000538162
8.42 0.000535808
8.43 0.000527082
8.44 0.000511117
8.45 0.000487716
8.46 0.000456669
8.47 0.000417877
8.48 0.00037128
8.49 0.000316902
8.5 0.000254779
8.51 0.000185967
8.52 0.000110529
8.53 2.88347e-05
8.54 -5.87274e-05
8.55 -0.000151836
8.56 -0.000250027
8.57 -0.000353059
8.58 -0.000460765
8.59 -0.000572668
8.6 -0.000688372
8.61 -0.000807535
8.62 -0.000929606
8.63 -0.00105409
8.64 -0.00118057
8.65 -0.0013084
8.66 -0.0014371
8.67 -0.00156636
8.68 -0.00169579
8.69 -0.00182516
8.7 -0.0019544
8.71 -0.00208336
8.72 -0.00221197
8.73 -0.0023404
8.74 -0.00246851
8.75 -0.00259637
8.76 -0.00272406
8.77 -0.00285163
8.78 -0.00297898
8.79 -0.00310611
8.8 -0.0032328
8.81 -0.00335892
8.82 -0.00348451
8.83 -0.00360939
8.84 -0.00373351
8.85 -0.00385678
8.86 -0.00397902
8.87 -0.00410032
8.88 -0.00422084
8.89 -0.00434053
8.9 -0.00445938
8.91 -0.0045775
8.92 -0.00469486
8.93 -0.00481141
8.94 -0.00492723
8.95 -0.00504211
8.96 -0.00515587
8.97 -0.0052684
8.98 -0.00537928
8.99 -0.00548812
9 -0.00559474
9.01 -0.00569859
9.02 -0.00579938
9.03 -0.00589711
9.04 -0.00599142
9.05 -0.00608219
9.06 -0.00616945
9.07 -0.006253
9.08 -0.00633293
9.09 -0.00640944
9.1 -0.00648245
9.11 -0.00655215
9.12 -0.00661871
9.13 -0.0066824
9.14 -0.00674307
9.15 -0.00680089
9.16 -0.00685572
9.17 -0.00690756
9.18 -0.00695651
9.19 -0.00700223
9.2 -0.00704464
9.21 -0.00708344
9.22 -0.00711863
9.23 -0.00715028
9.24 -0.00717838
9.25 -0.00720263
9.26 -0.00722313
9.27 -0.00723985
9.28 -0.0072528
9.29 -0.00726195
9.3 -0.00726725
9.31 -0.00726872
9.32 -0.00726625
9.33 -0.00725982
9.34 -0.00724946
9.35 -0.0072351
9.36 -0.00721675
9.37 -0.00719453
9.38 -0.00716855
9.39 -0.00713888
9.4 -0.00710571
9.41 -0.00706931
9.42 -0.00702989
9.43 -0.00698761
9.44 -0.00694262
9.45 -0.0068951
9.46 -0.00684522
9.47 -0.00679306
9.48 -0.00673866
9.49 -0.00668219
9.5 -0.00662377
9.51 -0.00656345
9.52 -0.00650131
9.53 -0.00643738
9.54 -0.00637179
9.55 -0.00630488
9.56 -0.00623658
9.57 -0.00616694
9.58 -0.00609624
9.59 -0.00602449
9.6 -0.0059517
9.61 -0.00587801
9.62 -0.00580351
9.63 -0.00572864
9.64 -0.00565348
9.65 -0.00557821
9.66 -0.00550289
9.67 -0.00542757
9.68 -0.00535239
9.69 -0.00527741
9.7 -0.00520296
9.71 -0.00512906
9.72 -0.00505575
9.73 -0.00498299
9.74 -0.00491072
9.75 -0.00483877
9.76 -0.00476695
9.77 -0.00469513
9.78 -0.00462314
9.79 -0.0045507
9.8 -0.00447762
9.81 -0.00440383
9.82 -0.00432918
9.83 -0.00425361
9.84 -0.00417701
9.85 -0.00409934
9.86 -0.00402047
9.87 -0.0039404
9.88 -0.00385906
9.89 -0.00377624
9.9 -0.00369185
9.91 -0.00360587
9.92 -0.00351821
9.93 -0.00342881
9.94 -0.00333757
9.95 -0.00324445
9.96 -0.00314948
9.97 -0.0030528
9.98 -0.00295445
9.99 -0.0028548
10 -0.00275395
10.01 -0.00265214
10.02 -0.00254969
10.03 -0.00244677
10.04 -0.00234368
10.05 -0.00224052
10.06 -0.00213743
10.07 -0.00203455
10.08 -0.00193191
10.09 -0.00182963
10.1 -0.00172767
10.11 -0.00162603
10.12 -0.0015248
10.13 -0.00142391
10.14 -0.00132338
10.15 -0.00122315
10.16 -0.00112325
10.17 -0.00102382
10.18 -0.000924903
10.19 -0.000826587
10.2 -0.000728888
10.21 -0.000631829
10.22 -0.000535532
10.23 -0.000439953
10.24 -0.000345072
10.25 -0.000250845
10.26 -0.000157148
10.27 -6.38891e-05
10.28 2.90905e-05
10.29 0.00012196
10.3 0.000214789
10.31 0.000307639
10.32 0.000400259
10.33 0.000492625
10.34 0.000584288
10.35 0.000675016
10.36 0.000764515
10.37 0.000852062
10.38 0.000937367
10.39 0.00101985
10.4 0.00109931
10.41 0.00117547
10.42 0.00124807
10.43 0.00131655
10.44 0.00138083
10.45 0.00144054
10.46 0.00149565
10.47 0.00154623
10.48 0.00159215
10.49 0.00163342
10.5 0.00167003
10.51 0.00170194
10.52 0.00172902
10.53 0.00175125
10.54 0.00176858
10.55 0.00178094
10.56 0.00178838
10.57 0.00179083
10.58 0.00178842
10.59 0.00178113
10.6 0.00176906
10.61 0.00175225
10.62 0.00173071
10.63 0.00170452
10.64 0.00167369
10.65 0.00163827
10.66 0.0015983
10.67 0.00155362
10.68 0.00150417
10.69 0.00145044
10.7 0.00139235
10.71 0.00132992
10.72 0.00126315
10.73 0.00119192
10.74 0.00111664
10.75 0.00103719
10.76 0.000953921
10.77 0.0008668
10.78 0.000775827
10.79 0.000681469
10.8 0.000584014
10.81 0.000483446
10.82 0.000380259
10.83 0.000274678
10.84 0.000166772
10.85 5.68121e-05
10.86 -5.49747e-05
10.87 -0.000168507
10.88 -0.000283498
10.89 -0.000399728
10.9 -0.000517083
10.91 -0.000635338
10.92 -0.000754317
10.93 -0.000873964
10.94 -0.000994043
10.95 -0.00111447
10.96 -0.00123513
10.97 -0.0013559
10.98 -0.00147666
10.99 -0.00159742
11 -0.0017179
11.01 -0.00183805
11.02 -0.00195792
11.03 -0.00207736
11.04 -0.0021964
11.05 -0.00231512
11.06 -0.0024334
11.07 -0.00255134
11.08 -0.00266915
11.09 -0.00278673
11.1 -0.00290425
11.11 -0.00302192
11.12 -0.00313992
11.13 -0.00325833
11.14 -0.00337739
11.15 -0.00349721
11.16 -0.00361785
11.17 -0.0037396
11.18 -0.00386237
11.19 -0.00398628
11.2 -0.00411154
11.21 -0.00423821
11.22 -0.00436629
11.23 -0.00449612
11.24 -0.00462772
11.25 -0.00476124
11.26 -0.00489688
11.27 -0.00503471
11.28 -0.00517484
11.29 -0.00531738
11.3 -0.00546228
11.31 -0.00560934
11.32 -0.00575863
11.33 -0.00590967
11.34 -0.00606215
11.35 -0.00621598
11.36 -0.00637045
11.37 -0.00652514
11.38 -0.00667994
11.39 -0.00683416
11.4 -0.00698736
11.41 -0.00713939
11.42 -0.00728964
11.43 -0.00743777
11.44 -0.00758385
11.45 -0.00772741
11.46 -0.0078682
11.47 -0.00800632
11.48 -0.00814132
11.49 -0.00827304
11.5 -0.00840167
11.51 -0.00852673
11.52 -0.00864812
11.53 -0.00876587
11.54 -0.00887955
11.55 -0.00898898
11.56 -0.00909423
11.57 -0.00919487
11.58 -0.00929075
11.59 -0.00938183
11.6 -0.0094678
11.61 -0.00954854
11.62 -0.00962402
11.63 -0.009694
11.64 -0.0097583
11.65 -0.00981689
11.66 -0.00986979
11.67 -0.00991665
11.68 -0.00995748
11.69 -0.00999214
11.7 -0.0100206
11.71 -0.0100428
11.72 -0.0100588
11.73 -0.0100687
11.74 -0.0100722
11.75 -0.0100692
11.76 -0.0100596
11.77 -0.0100433
11.78 -0.0100203
11.79 -0.00999041
11.8 -0.0099536
11.81 -0.00990965
11.82 -0.00985867
11.83 -0.00980057
11.84 -0.00973522
11.85 -0.00966251
11.86 -0.00958236
11.87 -0.00949469
11.88 -0.00939941
11.89 -0.00929677
11.9 -0.00918659
11.91 -0.00906885
11.92 -0.00894341
11.93 -0.00881007
11.94 -0.00866903
11.95 -0.00852013
11.96 -0.00836328
11.97 -0.00819893
11.98 -0.00802719
11.99 -0.00784807
12 -0.00766194
12.01 -0.00746919
12.02 -0.00726992
12.03 -0.00706472
12.04 -0.00685408
12.05 -0.00663825
12.06 -0.00641789
12.07 -0.00619352
12.08 -0.0059654
12.09 -0.00573428
12.1 -0.00550054
12.11 -0.00526439
12.12 -0.00502644
12.13 -0.00478691
12.14 -0.00454598
12.15 -0.00430376
12.16 -0.00406038
12.17 -0.0038159
12.18 -0.0035705
12.19 -0.00332433
12.2 -0.00307749
12.21 -0.00283025
12.22 -0.00258281
12.23 -0.00233518
12.24 -0.00208769
12.25 -0.00184048
12.26 -0.00159357
12.27 -0.00134722
12.28 -0.00110149
12.29 -0.00085643
12.3 -0.000612272
12.31 -0.000369048
12.32 -0.000126792
12.33 0.000114167
12.34 0.00035374
12.35 0.000591818
12.36 0.000827742
12.37 0.00106094
12.38 0.00129084
12.39 0.00151728
12.4 0.00173921
12.41 0.00195598
12.42 0.00216732
12.43 0.0023722
12.44 0.00256997
12.45 0.0027603
12.46 0.00294216
12.47 0.00311491
12.48 0.00327817
12.49 0.00343095
12.5 0.00357262
12.51 0.0037028
12.52 0.00382062
12.53 0.00392594
12.54 0.00401806
12.55 0.00409687
12.56 0.00416243
12.57 0.00421486
12.58 0.00425389
12.59 0.0042798
12.6 0.00429303
12.61 0.004294
12.62 0.00428319
12.63 0.00426107
12.64 0.00422808
12.65 0.00418458
12.66 0.00413091
12.67 0.00406777
12.68 0.0039953
12.69 0.0039137
12.7 0.00382367
12.71 0.0037252
12.72 0.00361826
12.73 0.00350361
12.74 0.00338143
12.75 0.00325157
12.76 0.00311457
12.77 0.00297065
12.78 0.00281966
12.79 0.00266225
12.8 0.00249881
12.81 0.00232925
12.82 0.00215428
12.83 0.00197432
12.84 0.00178935
12.85 0.00160027
12.86 0.00140751
12.87 0.0012111
12.88 0.001012
12.89 0.000810708
12.9 0.000607276
12.91 0.000402525
12.92 0.00019668
12.93 -1.02589e-05
12.94 -0.000217963
12.95 -0.000426311
12.96 -0.000635254
12.97 -0.000844607
12.98 -0.00105423
12.99 -0.00126414
13 -0.0014741
13.01 -0.00168401
13.02 -0.00189386
13.03 -0.00210338
13.04 -0.00231243
13.05 -0.00252097
13.06 -0.00272872
13.07 -0.00293545
13.08 -0.0031411
13.09 -0.00334533
13.1 -0.00354792
13.11 -0.0037488
13.12 -0.00394755
13.13 -0.00414392
13.14 -0.00433768
13.15 -0.00452844
13.16 -0.00471583
13.17 -0.00489971
13.18 -0.00507962
13.19 -0.00525534
13.2 -0.0054268
13.21 -0.00559365
13.22 -0.0057556
13.23 -0.00591285
13.24 -0.00606504
13.25 -0.00621226
13.26 -0.00635474
13.27 -0.00649236
13.28 -0.00662526
13.29 -0.00675369
13.3 -0.0068776
13.31 -0.00699714
13.32 -0.00711268
13.33 -0.00722407
13.34 -0.00733155
13.35 -0.00743542
13.36 -0.00753563
13.37 -0.00763211
13.38 -0.00772513
13.39 -0.00781446
13.4 -0.0079002
13.41 -0.00798244
13.42 -0.0080609
13.43 -0.00813554
13.44 -0.0082065
13.45 -0.00827357
13.46 -0.00833688
13.47 -0.0083963
13.48 -0.00845196
13.49 -0.00850397
13.5 -0.0085521
13.51 -0.00859634
13.52 -0.0086366
13.53 -0.00867291
13.54 -0.00870529
13.55 -0.00873385
13.56 -0.0087582
13.57 -0.00877832
13.58 -0.00879424
13.59 -0.00880599
13.6 -0.00881345
13.61 -0.00881655
13.62 -0.0088153
13.63 -0.0088098
13.64 -0.00879997
13.65 -0.00878576
13.66 -0.00876715
13.67 -0.00874412
13.68 -0.00871656
13.69 -0.00868447
13.7 -0.00864784
13.71 -0.00860666
13.72 -0.00856108
13.73 -0.00851114
13.74 -0.0084569
13.75 -0.00839841
13.76 -0.00833569
13.77 -0.00826891
13.78 -0.0081981
13.79 -0.00812343
13.8 -0.00804528
13.81 -0.00796378
13.82 -0.00787915
13.83 -0.00779138
13.84 -0.00770058
13.85 -0.00760678
13.86 -0.00751026
13.87 -0.00741094
13.88 -0.00730902
13.89 -0.00720441
13.9 -0.00709695
13.91 -0.00698684
13.92 -0.00687387
13.93 -0.00675818
13.94 -0.00663949
13.95 -0.00651776
13.96 -0.00639325
13.97 -0.00626577
13.98 -0.00613533
13.99 -0.00600194
14 -0.00586606
14.01 -0.00572772
14.02 -0.00558724
14.03 -0.00544469
14.04 -0.00530015
14.05 -0.00515411
14.06 -0.00500662
14.07 -0.00485779
14.08 -0.00470767
14.09 -0.00455635
14.1 -0.00440383
14.11 -0.00425013
14.12 -0.00409537
14.13 -0.0039395
14.14 -0.00378267
14.15 -0.00362497
14.16 -0.00346643
14.17 -0.00330716
14.18 -0.00314731
14.19 -0.00298693
14.2 -0.00282631
14.21 -0.00266557
14.22 -0.00250482
14.23 -0.00234426
14.24 -0.00218412
14.25 -0.00202449
14.26 -0.00186561
14.27 -0.00170764
14.28 -0.00155066
14.29 -0.00139492
14.3 -0.00124056
14.31 -0.00108762
14.32 -0.000936253
14.33 -0.000786618
14.34 -0.000638817
14.35 -0.000493023
14.36 -0.000349433
14.37 -0.000208111
14.38 -6.93356e-05
14.39 6.68048e-05
14.4 0.00020019
14.41 0.000330683
14.42 0.000458236
14.43 0.000582749
14.44 0.000703961
14.45 0.000821786
14.46 0.000935799
14.47 0.00104592
14.48 0.00115169
14.49 0.00125311
14.5 0.00135014
14.51 0.00144218
14.52 0.00152927
14.53 0.00161108
14.54 0.00168757
14.55 0.00175866
14.56 0.00182427
14.57 0.00188441
14.58 0.00193853
14.59 0.00198654
14.6 0.00202846
14.61 0.002064
14.62 0.00209308
14.63 0.00211566
14.64 0.00213179
14.65 0.00214145
14.66 0.00214454
14.67 0.00214109
14.68 0.00213108
14.69 0.00211446
14.7 0.00209117
14.71 0.00206123
14.72 0.00202466
14.73 0.00198144
14.74 0.00193161
14.75 0.00187516
14.76 0.00181256
14.77 0.00174391
14.78 0.00166953
14.79 0.00158949
14.8 0.00150374
14.81 0.00141285
14.82 0.00131713
14.83 0.00121664
14.84 0.00111182
14.85 0.00100295
14.86 0.00088997
14.87 0.000773426
14.88 0.00065351
14.89 0.000530175
14.9 0.000403835
14.91 0.000274528
14.92 0.000142143
14.93 6.77641e-06
14.94 -0.000131605
14.95 -0.000273113
14.96 -0.000417614
14.97 -0.000564987
14.98 -0.000715197
14.99 -0.000867942
15 -0.00102301
15.01 -0.00118026
15.02 -0.00133928
15.03 -0.00149982
15.04 -0.00166176
15.05 -0.00182466
15.06 -0.00198829
15.07 -0.00215245
15.08 -0.00231686
15.09 -0.00248121
15.1 -0.00264547
15.11 -0.00280923
15.12 -0.00297227
15.13 -0.00313457
15.14 -0.00329589
15.15 -0.00345605
15.16 -0.00361509
15.17 -0.00377275
15.18 -0.00392899
15.19 -0.00408381
15.2 -0.00423698
15.21 -0.00438845
15.22 -0.00453825
15.23 -0.00468626
15.24 -0.00483239
15.25 -0.00497664
15.26 -0.00511893
15.27 -0.00525922
15.28 -0.00539761
15.29 -0.00553388
15.3 -0.00566788
15.31 -0.00579968
15.32 -0.00592894
15.33 -0.0060555
15.34 -0.00617945
15.35 -0.00630051
15.36 -0.00641842
15.37 -0.00653337
15.38 -0.00664498
15.39 -0.00675315
15.4 -0.00685803
15.41 -0.00695929
15.42 -0.00705674
15.43 -0.00715051
15.44 -0.0072403
15.45 -0.00732605
15.46 -0.00740777
15.47 -0.00748519
15.48 -0.00755822
15.49 -0.00762685
15.5 -0.00769087
15.51 -0.00775028
15.52 -0.00780493
15.53 -0.00785483
15.54 -0.00790009
15.55 -0.00794039
15.56 -0.00797582
15.57 -0.00800626
15.58 -0.00803177
15.59 -0.00805245
15.6 -0.00806832
15.61 -0.00807953
15.62 -0.00808579
15.63 -0.0080872
15.64 -0.00808381
15.65 -0.00807581
15.66 -0.0080632
15.67 -0.00804624
15.68 -0.00802513
15.69 -0.00800002
15.7 -0.00797103
15.71 -0.00793836
15.72 -0.00790231
15.73 -0.00786305
15.74 -0.00782059
15.75 -0.00777498
15.76 -0.00772636
15.77 -0.00767479
15.78 -0.0076203
15.79 -0.00756289
15.8 -0.00750258
15.81 -0.00743926
15.82 -0.00737293
15.83 -0.00730356
15.84 -0.00723106
15.85 -0.00715539
15.86 -0.00707686
15.87 -0.00699544
15.88 -0.00691128
15.89 -0.00682439
15.9 -0.00673485
15.91 -0.00664274
15.92 -0.00654845
15.93 -0.00645199
15.94 -0.00635369
15.95 -0.0062536
15.96 -0.00615182
15.97 -0.00604878
15.98 -0.0059445
15.99 -0.00583927
16 -0.00573307
16.01 -0.00562599
16.02 -0.00551834
16.03 -0.00541014
16.04 -0.00530164
16.05 -0.00519279
16.06 -0.00508361
16.07 -0.00497421
16.08 -0.00486456
16.09 -0.00475463
16.1 -0.00464432
16.11 -0.00453356
16.12 -0.0044225
16.13 -0.00431103
16.14 -0.00419926
16.15 -0.00408717
16.16 -0.00397483
16.17 -0.00386241
16.18 -0.00374994
16.19 -0.00363754
16.2 -0.0035253
16.21 -0.0034133
16.22 -0.00330164
16.23 -0.00319044
16.24 -0.00307982
16.25 -0.00296983
16.26 -0.0028605
16.27 -0.00275207
16.28 -0.00264452
16.29 -0.00253789
16.3 -0.00243216
16.31 -0.00232724
16.32 -0.00222321
16.33 -0.00212007
16.34 -0.00201788
16.35 -0.00191659
16.36 -0.00181611
16.37 -0.00171655
16.38 -0.00161782
16.39 -0.00152003
16.4 -0.00142312
16.41 -0.00132708
16.42 -0.00123207
16.43 -0.00113816
16.44 -0.00104539
16.45 -0.000953808
16.46 -0.00086339
16.47 -0.000774315
16.48 -0.000686613
16.49 -0.00060035
16.5 -0.000515513
16.51 -0.000432096
16.52 -0.000350097
16.53 -0.000269697
16.54 -0.000190866
16.55 -0.000113794
16.56 -3.83527e-05
16.57 3.54678e-05
16.58 0.000107604
16.59 0.000178047
16.6 0.000246719
16.61 0.000313514
16.62 0.000378341
16.63 0.000441175
16.64 0.000502015
16.65 0.000560797
16.66 0.000617432
16.67 0.000671662
16.68 0.000723421
16.69 0.00077271
16.7 0.000819166
16.71 0.000862735
16.72 0.000903408
16.73 0.00094122
16.74 0.000976003
16.75 0.00100765
16.76 0.00103617
16.77 0.0010615
16.78 0.00108362
16.79 0.00110244
16.8 0.00111795
16.81 0.00113023
16.82 0.0011392
16.83 0.00114492
16.84 0.00114748
16.85 0.0011469
16.86 0.00114322
16.87 0.00113655
16.88 0.00112689
16.89 0.0011143
16.9 0.00109883
16.91 0.00108053
16.92 0.00105946
16.93 0.00103562
16.94 0.00100897
16.95 0.000979525
16.96 0.000947165
16.97 0.000911819
16.98 0.000873385
16.99 0.000832185
17 0.0007882
17.01 0.000741361
17.02 0.000691854
17.03 0.000639639
17.04 0.000584653
17.05 0.000526835
17.06 0.000466632
17.07 0.000404078
17.08 0.000339257
17.09 0.000272244
17.1 0.000203124
17.11 0.0001321
17.12 5.92614e-05
17.13 -1.52478e-05
17.14 -9.14228e-05
17.15 -0.000169194
17.16 -0.000248414
17.17 -0.000329063
17.18 -0.000411024
17.19 -0.000494384
17.2 -0.000579003
17.21 -0.000664898
17.22 -0.000752126
17.23 -0.00084058
17.24 -0.000930299
17.25 -0.00102129
17.26 -0.00111348
17.27 -0.00120686
17.28 -0.00130151
17.29 -0.00139731
17.3 -0.00149416
17.31 -0.00159215
17.32 -0.00169113
17.33 -0.00179104
17.34 -0.0018919
17.35 -0.00199366
17.36 -0.00209621
17.37 -0.00219957
17.38 -0.00230366
17.39 -0.00240848
17.4 -0.00251395
17.41 -0.00262007
17.42 -0.00272677
17.43 -0.00283419
17.44 -0.00294216
17.45 -0.00305066
17.46 -0.00315979
17.47 -0.00326945
17.48 -0.00337968
17.49 -0.00349054
17.5 -0.00360189
17.51 -0.00371379
17.52 -0.00382628
17.53 -0.00393925
17.54 -0.00405266
17.55 -0.00416659
17.56 -0.00428085
17.57 -0.00439545
17.58 -0.00451034
17.59 -0.00462549
17.6 -0.00474075
17.61 -0.00485611
17.62 -0.00497144
17.63 -0.00508664
17.64 -0.00520181
17.65 -0.00531677
17.66 -0.00543139
17.67 -0.00554572
17.68 -0.0056594
17.69 -0.00577231
17.7 -0.00588455
17.71 -0.00599574
17.72 -0.00610579
17.73 -0.00621472
17.74 -0.00632221
17.75 -0.00642814
17.76 -0.00653257
17.77 -0.0066352
17.78 -0.00673595
17.79 -0.00683484
17.8 -0.00693153
17.81 -0.0070258
17.82 -0.00711774
17.83 -0.00720693
17.84 -0.00729316
17.85 -0.00737651
17.86 -0.00745663
17.87 -0.00753324
17.88 -0.00760648
17.89 -0.00767593
17.9 -0.00774148
17.91 -0.00780304
17.92 -0.00786064
17.93 -0.00791394
17.94 -0.00796294
17.95 -0.00800743
17.96 -0.00804744
17.97 -0.00808304
17.98 -0.00811422
17.99 -0.00814078
18 -0.00816276
18.01 -0.00818007
18.02 -0.00819283
18.03 -0.00820091
18.04 -0.0082043
18.05 -0.00820303
18.06 -0.00819713
18.07 -0.00818659
18.08 -0.00817144
18.09 -0.00815175
18.1 -0.00812743
18.11 -0.00809854
18.12 -0.0080651
18.13 -0.00802706
18.14 -0.00798454
18.15 -0.00793757
18.16 -0.00788614
18.17 -0.00783034
18.18 -0.00777024
18.19 -0.00770577
18.2 -0.00763688
18.21 -0.00756362
18.22 -0.0074862
18.23 -0.00740455
18.24 -0.00731878
18.25 -0.00722883
18.26 -0.0071347
18.27 -0.00703648
18.28 -0.00693453
18.29 -0.0068288
18.3 -0.00671962
18.31 -0.00660704
18.32 -0.00649111
18.33 -0.00637226
18.34 -0.00625056
18.35 -0.00612639
18.36 -0.0059998
18.37 -0.005871
18.38 -0.00574005
18.39 -0.00560708
18.4 -0.00547212
18.41 -0.00533583
18.42 -0.00519818
18.43 -0.00505942
18.44 -0.00491957
18.45 -0.00477874
18.46 -0.0046371
18.47 -0.00449474
18.48 -0.00435175
18.49 -0.00420833
18.5 -0.00406456
18.51 -0.00392048
18.52 -0.00377618
18.53 -0.00363175
18.54 -0.0034873
18.55 -0.00334293
18.56 -0.00319868
18.57 -0.00305457
18.58 -0.00291079
18.59 -0.00276736
18.6 -0.00262429
18.61 -0.00248161
18.62 -0.0023394
18.63 -0.00219768
18.64 -0.00205662
18.65 -0.00191624
18.66 -0.00177654
18.67 -0.0016377
18.68 -0.00149981
18.69 -0.00136291
18.7 -0.0012271
18.71 -0.00109237
18.72 -0.000958796
18.73 -0.000826629
18.74 -0.000695934
18.75 -0.000566817
18.76 -0.000439365
18.77 -0.000313625
18.78 -0.000189772
18.79 -6.78265e-05
18.8 5.19912e-05
18.81 0.000169776
18.82 0.000285486
18.83 0.000399157
18.84 0.000510595
18.85 0.000619809
18.86 0.000726629
18.87 0.000831099
18.88 0.000933268
18.89 0.0010327
18.9 0.00112949
18.91 0.00122327
18.92 0.00131416
18.93 0.0014022
18.94 0.00148694
18.95 0.00156836
18.96 0.00164618
18.97 0.00172038
18.98 0.00179095
18.99 0.00185781
19 0.00192087
19.01 0.00197954
19.02 0.0020338
19.03 0.00208351
19.04 0.00212834
19.05 0.00216826
19.06 0.00220322
19.07 0.00223309
19.08 0.0022578
19.09 0.00227729
19.1 0.00229147
19.11 0.00230022
19.12 0.0023035
19.13 0.00230138
19.14 0.00229383
19.15 0.0022808
19.16 0.00226234
19.17 0.00223845
19.18 0.00220917
19.19 0.00217451
19.2 0.00213447
19.21 0.00208902
19.22 0.00203805
19.23 0.00198214
19.24 0.00192116
19.25 0.0018554
19.26 0.00178482
19.27 0.00170936
19.28 0.00162945
19.29 0.00154508
19.3 0.00145669
19.31 0.00136416
19.32 0.0012675
19.33 0.0011673
19.34 0.00106371
19.35 0.000956722
19.36 0.000846768
19.37 0.00073403
19.38 0.000618458
19.39 0.000500428
19.4 0.000380101
19.41 0.000257389
19.42 0.000132357
19.43 5.10001e-06
19.44 -0.00012446
19.45 -0.000256176
19.46 -0.000389993
19.47 -0.000525995
19.48 -0.000664098
19.49 -0.000804218
19.5 -0.000946387
19.51 -0.00109051
19.52 -0.00123657
19.53 -0.00138459
19.54 -0.0015345
19.55 -0.00168622
19.56 -0.00183981
19.57 -0.00199513
19.58 -0.00215207
19.59 -0.00231067
19.6 -0.00247063
19.61 -0.00263192
19.62 -0.0027945
19.63 -0.00295828
19.64 -0.00312315
19.65 -0.00328904
19.66 -0.00345582
19.67 -0.00362344
19.68 -0.00379186
19.69 -0.00396092
19.7 -0.00413039
19.71 -0.00430029
19.72 -0.00447042
19.73 -0.0046407
19.74 -0.00481103
19.75 -0.00498125
19.76 -0.00515119
19.77 -0.00532075
19.78 -0.00548989
19.79 -0.00565824
19.8 -0.00582551
19.81 -0.00599161
19.82 -0.00615606
19.83 -0.0063187
19.84 -0.00647952
19.85 -0.00663799
19.86 -0.00679392
19.87 -0.0069473
19.88 -0.0070977
19.89 -0.00724492
19.9 -0.00738899
19.91 -0.00752942
19.92 -0.00766601
19.93 -0.00779881
19.94 -0.00792745
19.95 -0.00805162
19.96 -0.00817137
19.97 -0.00828629
19.98 -0.00839614
19.99 -0.00850106
20 -0.00860059
20.01 -0.00869453
20.02 -0.00878297
20.03 -0.0088655
20.04 -0.008942
20.05 -0.00901259
20.06 -0.00907694
20.07 -0.009135
20.08 -0.00918656
20.09 -0.00923158
20.1 -0.0092701
20.11 -0.00930184
20.12 -0.00932682
20.13 -0.00934499
20.14 -0.00935611
20.15 -0.00936026
20.16 -0.00935743
20.17 -0.00934759
20.18 -0.00933072
20.19 -0.00930687
20.2 -0.00927606
20.21 -0.0092383
20.22 -0.00919369
20.23 -0.00914234
20.24 -0.00908438
20.25 -0.00901994
20.26 -0.00894907
20.27 -0.0088719
20.28 -0.00878859
20.29 -0.0086996
20.3 -0.00860494
20.31 -0.00850491
20.32 -0.00839959
20.33 -0.0082891
20.34 -0.00817387
20.35 -0.00805394
20.36 -0.0079297
20.37 -0.00780123
20.38 -0.00766886
20.39 -0.00753274
20.4 -0.00739288
20.41 -0.0072498
20.42 -0.00710362
20.43 -0.00695486
20.44 -0.00680369
20.45 -0.00665015
20.46 -0.00649471
20.47 -0.00633757
20.48 -0.00617888
20.49 -0.00601902
20.5 -0.00585818
20.51 -0.00569648
20.52 -0.00553437
20.53 -0.00537215
20.54 -0.00520989
20.55 -0.00504789
20.56 -0.00488625
20.57 -0.00472498
20.58 -0.00456421
20.59 -0.00440407
20.6 -0.00424462
20.61 -0.00408597
20.62 -0.00392826
20.63 -0.00377143
20.64 -0.00361562
20.65 -0.0034609
20.66 -0.00330724
20.67 -0.00315486
20.68 -0.00300372
20.69 -0.00285386
20.7 -0.00270535
20.71 -0.00255822
20.72 -0.00241253
20.73 -0.00226839
20.74 -0.0021259
20.75 -0.00198504
20.76 -0.00184594
20.77 -0.00170862
20.78 -0.00157313
20.79 -0.0014396
20.8 -0.00130803
20.81 -0.00117836
20.82 -0.00105083
20.83 -0.000925504
20.84 -0.000802546
20.85 -0.000681853
20.86 -0.000563487
20.87 -0.00044737
20.88 -0.000333747
20.89 -0.000222573
20.9 -0.000114045
20.91 -8.09284e-06
20.92 9.5326e-05
20.93 0.000196127
20.94 0.000294308
20.95 0.000389873
20.96 0.00048289
20.97 0.00057343
20.98 0.00066138
20.99 0.000746777
21 0.00082943
21.01 0.000909389
21.02 0.000986644
21.03 0.00106114
21.04 0.00113259
21.05 0.00120101
21.06 0.00126615
21.07 0.0013281
21.08 0.00138682
21.09 0.00144234
21.1 0.00149464
21.11 0.0015436
21.12 0.00158871
21.13 0.00162995
21.14 0.00166739
21.15 0.00170102
21.16 0.00173046
21.17 0.00175571
21.18 0.00177679
21.19 0.00179367
21.2 0.00180627
21.21 0.00181456
21.22 0.00181858
21.23 0.00181823
21.24 0.0018135
21.25 0.00180441
21.26 0.00179091
21.27 0.00177301
21.28 0.00175083
21.29 0.00172433
21.3 0.00169349
21.31 0.00165835
21.32 0.00161887
21.33 0.00157498
21.34 0.00152664
21.35 0.00147441
21.36 0.00141826
21.37 0.00135845
21.38 0.00129493
21.39 0.00122767
21.4 0.00115703
21.41 0.00108302
21.42 0.00100589
21.43 0.000925659
21.44 0.000842237
21.45 0.000756079
21.46 0.000667392
21.47 0.000576057
21.48 0.000482445
21.49 0.000386586
21.5 0.000288429
21.51 0.000188097
21.52 8.55413e-05
21.53 -1.92237e-05
21.54 -0.000126144
21.55 -0.000235127
21.56 -0.000346241
21.57 -0.000459323
21.58 -0.000574261
21.59 -0.000691108
21.6 -0.000809782
21.61 -0.000930121
21.62 -0.00105217
21.63 -0.0011757
21.64 -0.00130066
21.65 -0.00142702
21.66 -0.00155469
21.67 -0.00168354
21.68 -0.00181367
21.69 -0.00194486
21.7 -0.00207707
21.71 -0.00221032
21.72 -0.00234445
21.73 -0.00247937
21.74 -0.00261514
21.75 -0.00275156
21.76 -0.00288857
21.77 -0.00302619
21.78 -0.00316419
21.79 -0.00330252
21.8 -0.00344128
21.81 -0.00358019
21.82 -0.00371925
21.83 -0.00385846
21.84 -0.0039976
21.85 -0.00413667
21.86 -0.00427559
21.87 -0.00441425
21.88 -0.00455249
21.89 -0.00469037
21.9 -0.00482774
21.91 -0.0049645
21.92 -0.00510063
21.93 -0.00523601
21.94 -0.00537056
21.95 -0.00550432
21.96 -0.00563684
21.97 -0.005768
21.98 -0.00589781
21.99 -0.00602586
22 -0.00615202
22.01 -0.00627629
22.02 -0.0063984
22.03 -0.00651812
22.04 -0.00663554
22.05 -0.00675027
22.06 -0.0068621
22.07 -0.00697111
22.08 -0.00707693
22.09 -0.00717939
22.1 -0.00727858
22.11 -0.00737408
22.12 -0.00746576
22.13 -0.00755362
22.14 -0.00763742
22.15 -0.00771702
22.16 -0.00779249
22.17 -0.00786341
22.18 -0.00792972
22.19 -0.00799142
22.2 -0.00804854
22.21 -0.00810081
22.22 -0.00814819
22.23 -0.00819056
22.24 -0.00822787
22.25 -0.00826021
22.26 -0.00828761
22.27 -0.00830981
22.28 -0.0083268
22.29 -0.00833863
22.3 -0.00834536
22.31 -0.0083469
22.32 -0.00834335
22.33 -0.00833482
22.34 -0.00832132
22.35 -0.00830289
22.36 -0.00827956
22.37 -0.00825139
22.38 -0.00821837
22.39 -0.00818053
22.4 -0.00813796
22.41 -0.0080909
22.42 -0.00803932
22.43 -0.00798329
22.44 -0.00792289
22.45 -0.00785828
22.46 -0.00778954
22.47 -0.0077168
22.48 -0.00764014
22.49 -0.00755964
22.5 -0.00747569
22.51 -0.00738838
22.52 -0.00729793
22.53 -0.00720438
22.54 -0.00710775
22.55 -0.00700815
22.56 -0.00690592
22.57 -0.00680116
22.58 -0.00669406
22.59 -0.00658467
22.6 -0.00647307
22.61 -0.00635962
22.62 -0.00624427
22.63 -0.00612733
22.64 -0.00600879
22.65 -0.00588874
22.66 -0.00576757
22.67 -0.00564536
22.68 -0.00552231
22.69 -0.00539842
22.7 -0.00527403
22.71 -0.00514916
22.72 -0.00502392
22.73 -0.00489829
22.74 -0.00477247
22.75 -0.00464649
22.76 -0.00452049
22.77 -0.00439443
22.78 -0.00426829
22.79 -0.0041421
22.8 -0.00401597
22.81 -0.00388991
22.82 -0.00376406
22.83 -0.00363844
22.84 -0.00351307
22.85 -0.00338798
22.86 -0.00326326
22.87 -0.00313892
22.88 -0.00301505
22.89 -0.00289165
22.9 -0.00276873
22.91 -0.00264635
22.92 -0.00252468
22.93 -0.00240371
22.94 -0.00228353
22.95 -0.0021641
22.96 -0.00204543
22.97 -0.00192757
22.98 -0.00181066
22.99 -0.00169469
23 -0.00157974
23.01 -0.00146584
23.02 -0.00135293
23.03 -0.00124119
23.04 -0.00113062
23.05 -0.00102126
23.06 -0.000913094
23.07 -0.000806078
23.08 -0.000700277
23.09 -0.000595663
23.1 -0.000492323
23.11 -0.000390233
23.12 -0.000289338
23.13 -0.000189811
23.14 -9.16585e-05
23.15 5.10076e-06
23.16 0.000100478
23.17 0.000194458
23.18 0.000286868
23.19 0.000377797
23.2 0.000467077
23.21 0.000554651
23.22 0.000640477
23.23 0.000724457
23.24 0.000806267
23.25 0.000885901
23.26 0.000962957
23.27 0.00103749
23.28 0.0011094
23.29 0.00117866
23.3 0.00124516
23.31 0.00130842
23.32 0.00136843
23.33 0.00142518
23.34 0.00147829
23.35 0.00152787
23.36 0.0015739
23.37 0.00161636
23.38 0.00165513
23.39 0.00169018
23.4 0.0017214
23.41 0.00174874
23.42 0.00177219
23.43 0.00179168
23.44 0.00180715
23.45 0.00181855
23.46 0.00182583
23.47 0.00182888
23.48 0.0018277
23.49 0.0018223
23.5 0.00181263
23.51 0.00179869
23.52 0.00178047
23.53 0.00175792
23.54 0.001731
23.55 0.00169971
23.56 0.00166401
23.57 0.00162384
23.58 0.00157912
23.59 0.00153027
23.6 0.00147722
23.61 0.00142025
23.62 0.0013593
23.63 0.0012943
23.64 0.00122566
23.65 0.00115339
23.66 0.00107766
23.67 0.000998579
23.68 0.00091601
23.69 0.000830383
23.7 0.000741836
23.71 0.000650241
23.72 0.000555984
23.73 0.000459148
23.74 0.000359648
23.75 0.000257648
23.76 0.000153198
23.77 4.62833e-05
23.78 -6.29967e-05
23.79 -0.000174574
23.8 -0.000288491
23.81 -0.000404592
23.82 -0.000522797
23.83 -0.000643055
23.84 -0.00076522
23.85 -0.000889277
23.86 -0.00101523
23.87 -0.00114284
23.88 -0.00127196
23.89 -0.00140273
23.9 -0.00153493
23.91 -0.00166852
23.92 -0.00180354
23.93 -0.0019398
23.94 -0.0020772
23.95 -0.00221573
23.96 -0.00235528
23.97 -0.00249582
23.98 -0.00263736
23.99 -0.00277967
24 -0.00292273
24.01 -0.00306651
24.02 -0.00321089
24.03 -0.00335569
24.04 -0.003501
24.05 -0.00364661
24.06 -0.00379237
24.07 -0.00393839
24.08 -0.00408445
24.09 -0.00423052
24.1 -0.00437656
24.11 -0.00452235
24.12 -0.00466784
24.13 -0.00481292
24.14 -0.0049575
24.15 -0.00510152
24.16 -0.00524498
24.17 -0.00538769
24.18 -0.0055295
24.19 -0.00567044
24.2 -0.00581007
24.21 -0.00594823
24.22 -0.00608497
24.23 -0.00621982
24.24 -0.00635262
24.25 -0.00648341
24.26 -0.00661175
24.27 -0.00673745
24.28 -0.00686053
24.29 -0.00698063
24.3 -0.00709754
24.31 -0.00721136
24.32 -0.00732177
24.33 -0.00742853
24.34 -0.00753178
24.35 -0.00763117
24.36 -0.00772652
24.37 -0.00781788
24.38 -0.00790492
24.39 -0.0079876
24.4 -0.00806589
24.41 -0.00813952
24.42 -0.00820838
24.43 -0.00827255
24.44 -0.00833178
24.45 -0.0083861
24.46 -0.00843528
24.47 -0.00847934
24.48 -0.00851842
24.49 -0.00855227
24.5 -0.00858088
24.51 -0.00860429
24.52 -0.00862243
24.53 -0.00863522
24.54 -0.00864276
24.55 -0.00864506
24.56 -0.0086421
24.57 -0.00863383
24.58 -0.00862031
24.59 -0.00860152
24.6 -0.00857742
24.61 -0.00854801
24.62 -0.00851331
24.63 -0.00847331
24.64 -0.00842796
24.65 -0.00837726
24.66 -0.00832126
24.67 -0.0082601
24.68 -0.00819381
24.69 -0.00812243
24.7 -0.00804634
24.71 -0.00796555
24.72 -0.00788028
24.73 -0.00779059
24.74 -0.00769657
24.75 -0.00759825
24.76 -0.007496
24.77 -0.00738995
24.78 -0.00728034
24.79 -0.00716723
24.8 -0.00705068
24.81 -0.00693106
24.82 -0.00680843
24.83 -0.0066831
24.84 -0.00655507
24.85 -0.00642474
24.86 -0.00629222
24.87 -0.00615753
24.88 -0.00602112
24.89 -0.00588302
24.9 -0.00574359
24.91 -0.00560276
24.92 -0.00546058
24.93 -0.0053175
24.94 -0.0051736
24.95 -0.00502914
24.96 -0.00488411
24.97 -0.00473854
24.98 -0.00459257
24.99 -0.00444627
25 -0.00429962
25.01 -0.00415267
25.02 -0.0040055
25.03 -0.00385818
25.04 -0.00371087
25.05 -0.00356364
25.06 -0.00341651
25.07 -0.00326953
25.08 -0.00312277
25.09 -0.00297623
25.1 -0.00283006
25.11 -0.0026843
25.12 -0.00253899
25.13 -0.00239423
25.14 -0.00225004
25.15 -0.00210649
25.16 -0.00196367
25.17 -0.00182169
25.18 -0.00168052
25.19 -0.00154024
25.2 -0.00140096
25.21 -0.00126266
25.22 -0.00112547
25.23 -0.000989518
25.24 -0.000854793
25.25 -0.000721406
25.26 -0.000589467
25.27 -0.000459018
25.28 -0.000330078
25.29 -0.000202891
25.3 -7.74787e-05
25.31 4.61411e-05
25.32 0.000167783
25.33 0.000287415
25.34 0.000404861
25.35 0.000520188
25.36 0.000633297
25.37 0.000744169
25.38 0.000852369
25.39 0.0009579
25.4 0.00106046
25.41 0.00115994
25.42 0.0012563
25.43 0.00134907
25.44 0.00143825
25.45 0.00152348
25.46 0.00160477
25.47 0.001682
25.48 0.00175512
25.49 0.00182365
25.5 0.00188758
25.51 0.0019466
25.52 0.00200068
25.53 0.00204982
25.54 0.00209395
25.55 0.00213298
25.56 0.0021668
25.57 0.00219536
25.58 0.00221856
25.59 0.00223627
25.6 0.00224839
25.61 0.00225492
25.62 0.00225583
25.63 0.00225102
25.64 0.00224053
25.65 0.0022244
25.66 0.0022025
25.67 0.00217484
25.68 0.00214143
25.69 0.0021023
25.7 0.00205733
25.71 0.00200654
25.72 0.00195032
25.73 0.00188872
25.74 0.00182195
25.75 0.00175003
25.76 0.00167294
25.77 0.00159117
25.78 0.00150466
25.79 0.00141381
25.8 0.00131862
25.81 0.00121953
25.82 0.00111675
25.83 0.00101025
25.84 0.000900457
25.85 0.000787601
25.86 0.000671644
25.87 0.000553074
25.88 0.000432059
25.89 0.000308576
25.9 0.000182864
25.91 5.50282e-05
25.92 -7.49809e-05
25.93 -0.000206987
25.94 -0.000340893
25.95 -0.000476736
25.96 -0.000614351
25.97 -0.000753722
25.98 -0.00089482
25.99 -0.00103743
26 -0.00118153
26.01 -0.00132717
26.02 -0.00147412
26.03 -0.00162235
26.04 -0.00177187
26.05 -0.00192257
26.06 -0.00207434
26.07 -0.00222713
26.08 -0.00238077
26.09 -0.00253525
26.1 -0.00269054
26.11 -0.00284644
26.12 -0.00300286
26.13 -0.00315973
26.14 -0.00331699
26.15 -0.0034745
26.16 -0.00363224
26.17 -0.0037901
26.18 -0.0039479
26.19 -0.00410568
26.2 -0.00426323
26.21 -0.0044205
26.22 -0.00457747
26.23 -0.00473397
26.24 -0.00488989
26.25 -0.00504529
26.26 -0.00520002
26.27 -0.00535403
26.28 -0.00550728
26.29 -0.0056594
26.3 -0.00581017
26.31 -0.00595968
26.32 -0.00610746
26.33 -0.00625337
26.34 -0.00639739
26.35 -0.00653915
26.36 -0.00667841
26.37 -0.00681512
26.38 -0.00694892
26.39 -0.00707957
26.4 -0.00720718
26.41 -0.0073313
26.42 -0.00745172
26.43 -0.00756857
26.44 -0.00768155
26.45 -0.00779041
26.46 -0.00789528
26.47 -0.0079958
26.48 -0.00809185
26.49 -0.00818345
26.5 -0.00827031
26.51 -0.00835236
26.52 -0.00842972
26.53 -0.00850209
26.54 -0.00856938
26.55 -0.0086316
26.56 -0.00868875
26.57 -0.00874057
26.58 -0.00878705
26.59 -0.00882811
26.6 -0.00886374
26.61 -0.00889404
26.62 -0.00891907
26.63 -0.0089386
26.64 -0.00895252
26.65 -0.00896086
26.66 -0.00896364
26.67 -0.0089609
26.68 -0.00895258
26.69 -0.00893869
26.7 -0.00891927
26.71 -0.00889432
26.72 -0.00886379
26.73 -0.00882776
26.74 -0.00878626
26.75 -0.00873951
26.76 -0.00868759
26.77 -0.00863043
26.78 -0.00856804
26.79 -0.0085006
26.8 -0.00842811
26.81 -0.00835069
26.82 -0.00826881
26.83 -0.00818238
26.84 -0.00809164
26.85 -0.00799664
26.86 -0.00789749
26.87 -0.00779423
26.88 -0.00768726
26.89 -0.00757666
26.9 -0.00746266
26.91 -0.00734524
26.92 -0.00722454
26.93 -0.00710099
26.94 -0.00697453
26.95 -0.00684529
26.96 -0.00671339
26.97 -0.00657931
26.98 -0.00644311
26.99 -0.00630511
27 -0.00616526
27.01 -0.00602364
27.02 -0.00588078
27.03 -0.00573662
27.04 -0.00559153
27.05 -0.00544568
27.06 -0.00529919
27.07 -0.00515227
27.08 -0.00500506
27.09 -0.00485752
27.1 -0.00470974
27.11 -0.00456183
27.12 -0.00441379
27.13 -0.00426573
27.14 -0.00411766
27.15 -0.00396964
27.16 -0.00382166
27.17 -0.00367382
27.18 -0.00352609
27.19 -0.00337859
27.2 -0.00323138
27.21 -0.0030844
27.22 -0.00293774
27.23 -0.00279147
27.24 -0.0026456
27.25 -0.00250022
27.26 -0.00235538
27.27 -0.00221102
27.28 -0.00206742
27.29 -0.0019246
27.3 -0.00178263
27.31 -0.00164155
27.32 -0.00150143
27.33 -0.00136228
27.34 -0.00122427
27.35 -0.00108746
27.36 -0.000951861
27.37 -0.000817577
27.38 -0.000684613
27.39 -0.000553047
27.4 -0.000422859
27.41 -0.000294086
27.42 -0.000166787
27.43 -4.11142e-05
27.44 8.29469e-05
27.45 0.000205279
27.46 0.000325911
27.47 0.000444853
27.48 0.000562075
27.49 0.000677222
27.5 0.000790372
27.51 0.000901128
27.52 0.00100947
27.53 0.00111536
27.54 0.00121822
27.55 0.00131805
27.56 0.00141441
27.57 0.00150733
27.58 0.00159676
27.59 0.00168218
27.6 0.00176352
27.61 0.0018405
27.62 0.00191307
27.63 0.00198118
27.64 0.00204476
27.65 0.00210373
27.66 0.00215763
27.67 0.00220635
27.68 0.00224988
27.69 0.002288
27.7 0.00232071
27.71 0.00234798
27.72 0.00236973
27.73 0.00238605
27.74 0.00239683
27.75 0.00240208
27.76 0.00240177
27.77 0.00239592
27.78 0.00238453
27.79 0.00236759
27.8 0.00234507
27.81 0.00231705
27.82 0.00228348
27.83 0.00224429
27.84 0.00219951
27.85 0.00214907
27.86 0.00209292
27.87 0.00203165
27.88 0.00196524
27.89 0.00189398
27.9 0.00181783
27.91 0.00173678
27.92 0.00165128
27.93 0.00156134
27.94 0.00146727
27.95 0.001369
27.96 0.00126703
27.97 0.00116152
27.98 0.00105237
27.99 0.00094004
28 0.000824676
28.01 0.000706237
28.02 0.000585154
28.03 0.000461692
28.04 0.000335606
28.05 0.00020728
28.06 7.66804e-05
28.07 -5.61252e-05
28.08 -0.000191047
28.09 -0.000328009
28.1 -0.000467028
28.11 -0.000607912
28.12 -0.000750616
28.13 -0.000895058
28.14 -0.00104108
28.15 -0.00118866
28.16 -0.00133778
28.17 -0.00148832
28.18 -0.00164012
28.19 -0.00179319
28.2 -0.00194735
28.21 -0.00210247
28.22 -0.00225864
28.23 -0.00241569
28.24 -0.00257349
28.25 -0.0027321
28.26 -0.00289132
28.27 -0.00305107
28.28 -0.00321134
28.29 -0.00337195
28.3 -0.00353291
28.31 -0.00369416
28.32 -0.00385551
28.33 -0.00401688
28.34 -0.00417835
28.35 -0.00433975
28.36 -0.00450097
28.37 -0.00466203
28.38 -0.00482275
28.39 -0.00498308
28.4 -0.00514303
28.41 -0.00530242
28.42 -0.00546113
28.43 -0.00561917
28.44 -0.00577609
28.45 -0.00593175
28.46 -0.00608614
28.47 -0.00623877
28.48 -0.00638937
28.49 -0.00653804
28.5 -0.00668428
28.51 -0.00682786
28.52 -0.00696887
28.53 -0.00710687
28.54 -0.0072416
28.55 -0.00737311
28.56 -0.00750099
28.57 -0.00762505
28.58 -0.00774533
28.59 -0.00786146
28.6 -0.00797331
28.61 -0.00808093
28.62 -0.00818394
28.63 -0.00828233
28.64 -0.00837607
28.65 -0.00846481
28.66 -0.00854851
28.67 -0.00862722
28.68 -0.00870064
28.69 -0.00876873
28.7 -0.00883149
28.71 -0.00888895
28.72 -0.00894078
28.73 -0.00898707
28.74 -0.00902759
28.75 -0.00906235
28.76 -0.00909142
28.77 -0.00911493
28.78 -0.00913259
28.79 -0.00914445
28.8 -0.00915054
28.81 -0.0091508
28.82 -0.00914535
28.83 -0.00913416
28.84 -0.00911727
28.85 -0.00909471
28.86 -0.00906643
28.87 -0.00903245
28.88 -0.00899284
28.89 -0.00894749
28.9 -0.00889676
28.91 -0.00884069
28.92 -0.00877923
28.93 -0.00871252
28.94 -0.00864061
28.95 -0.00856354
28.96 -0.00848142
28.97 -0.00839437
28.98 -0.00830274
28.99 -0.00820652
29 -0.00810593
29.01 -0.00800101
29.02 -0.00789188
29.03 -0.0077789
29.04 -0.00766206
29.05 -0.00754172
29.06 -0.00741785
29.07 -0.0072905
29.08 -0.0071602
29.09 -0.00702689
29.1 -0.00689062
29.11 -0.00675185
29.12 -0.00661061
29.13 -0.00646727
29.14 -0.00632181
29.15 -0.0061743
29.16 -0.00602524
29.17 -0.00587484
29.18 -0.00572315
29.19 -0.00557053
29.2 -0.00541715
29.21 -0.00526306
29.22 -0.00510861
29.23 -0.00495388
29.24 -0.00479887
29.25 -0.00464366
29.26 -0.00448833
29.27 -0.00433295
29.28 -0.0041776
29.29 -0.00402233
29.3 -0.00386721
29.31 -0.00371225
29.32 -0.00355753
29.33 -0.00340306
29.34 -0.00324896
29.35 -0.00309524
29.36 -0.00294193
29.37 -0.00278914
29.38 -0.00263695
29.39 -0.0024854
29.4 -0.00233453
29.41 -0.0021844
29.42 -0.00203503
29.43 -0.00188652
29.44 -0.00173896
29.45 -0.00159234
29.46 -0.00144683
29.47 -0.00130238
29.48 -0.00115906
29.49 -0.00101693
29.5 -0.000876028
29.51 -0.000736381
29.52 -0.000598159
29.53 -0.000461404
29.54 -0.000326141
29.55 -0.000192455
29.56 -6.02617e-05
29.57 7.04058e-05
29.58 0.000199326
29.59 0.000326502
29.6 0.000451824
29.61 0.000575296
29.62 0.0006969
29.63 0.00081626
29.64 0.000933338
29.65 0.00104772
29.66 0.00115938
29.67 0.00126789
29.68 0.00137323
29.69 0.00147538
29.7 0.00157374
29.71 0.00166823
29.72 0.00175858
29.73 0.00184468
29.74 0.0019265
29.75 0.00200393
29.76 0.00207633
29.77 0.00214374
29.78 0.00220584
29.79 0.00226264
29.8 0.00231416
29.81 0.00236028
29.82 0.00240099
29.83 0.00243622
29.84 0.00246588
29.85 0.00248987
29.86 0.00250819
29.87 0.00252074
29.88 0.00252746
29.89 0.00252826
29.9 0.00252315
29.91 0.0025122
29.92 0.00249531
29.93 0.00247249
29.94 0.00244371
29.95 0.00240896
29.96 0.00236824
29.97 0.00232149
29.98 0.00226871
29.99 0.0022103
30 0.00214624
30.01 0.00207678
30.02 0.00200194
30.03 0.00192164
30.04 0.00183639
30.05 0.00174614
30.06 0.00165131
30.07 0.0015518
30.08 0.00144806
30.09 0.00134029
30.1 0.00122844
30.11 0.00111292
30.12 0.00099398
30.13 0.000871542
30.14 0.000746071
30.15 0.000617764
30.16 0.000486517
30.17 0.000352832
30.18 0.000216777
30.19 7.83449e-05
30.2 -6.22789e-05
30.21 -0.000205041
30.22 -0.000349944
30.23 -0.000496838
30.24 -0.000645668
30.25 -0.000796452
30.26 -0.000949022
30.27 -0.00110324
30.28 -0.00125916
30.29 -0.00141656
30.3 -0.0015754
30.31 -0.00173569
30.32 -0.00189721
30.33 -0.00205993
30.34 -0.00222384
30.35 -0.0023887
30.36 -0.00255447
30.37 -0.00272119
30.38 -0.00288866
30.39 -0.00305677
30.4 -0.00322554
30.41 -0.00339476
30.42 -0.00356435
30.43 -0.00373432
30.44 -0.0039046
30.45 -0.00407499
30.46 -0.00424555
30.47 -0.0044161
30.48 -0.00458662
30.49 -0.00475707
30.5 -0.00492729
30.51 -0.00509714
30.52 -0.00526667
30.53 -0.00543577
30.54 -0.00560415
30.55 -0.0057716
30.56 -0.00593786
30.57 -0.00610294
30.58 -0.00626638
30.59 -0.00642795
30.6 -0.00658762
30.61 -0.00674491
30.62 -0.00689955
30.63 -0.00705165
30.64 -0.00720065
30.65 -0.0073464
30.66 -0.00748897
30.67 -0.00762788
30.68 -0.00776289
30.69 -0.00789409
30.7 -0.00802106
30.71 -0.00814357
30.72 -0.00826176
30.73 -0.00837521
30.74 -0.00848374
30.75 -0.00858738
30.76 -0.00868587
30.77 -0.00877901
30.78 -0.0088669
30.79 -0.00894912
30.8 -0.00902563
30.81 -0.00909647
30.82 -0.00916135
30.83 -0.00922019
30.84 -0.00927302
30.85 -0.0093199
30.86 -0.00936056
30.87 -0.00939496
30.88 -0.00942303
30.89 -0.00944474
30.9 -0.00946006
30.91 -0.00946901
30.92 -0.00947168
30.93 -0.0094681
30.94 -0.00945835
30.95 -0.00944215
30.96 -0.00941953
30.97 -0.00939052
30.98 -0.00935507
30.99 -0.00931323
31 -0.00926524
31.01 -0.00921112
31.02 -0.00915094
31.03 -0.00908473
31.04 -0.00901261
31.05 -0.00893459
31.06 -0.00885078
31.07 -0.00876123
31.08 -0.00866642
31.09 -0.00856626
31.1 -0.00846101
31.11 -0.00835073
31.12 -0.00823554
31.13 -0.00811577
31.14 -0.00799142
31.15 -0.00786286
31.16 -0.00773011
31.17 -0.00759353
31.18 -0.00745307
31.19 -0.00730888
31.2 -0.00716144
31.21 -0.00701096
31.22 -0.00685752
31.23 -0.00670146
31.24 -0.00654304
31.25 -0.00638232
31.26 -0.00621964
31.27 -0.00605522
31.28 -0.00588912
31.29 -0.00572175
31.3 -0.00555327
31.31 -0.00538378
31.32 -0.00521366
31.33 -0.00504302
31.34 -0.00487189
31.35 -0.00470038
31.36 -0.00452864
31.37 -0.00435666
31.38 -0.00418458
31.39 -0.00401247
31.4 -0.00384035
31.41 -0.00366836
31.42 -0.00349653
31.43 -0.00332499
31.44 -0.00315372
31.45 -0.00298282
31.46 -0.00281236
31.47 -0.00264253
31.48 -0.0024734
31.49 -0.00230498
31.5 -0.00213745
31.51 -0.00197081
31.52 -0.00180508
31.53 -0.00164047
31.54 -0.00147704
31.55 -0.00131483
31.56 -0.00115394
31.57 -0.000994445
31.58 -0.000836383
31.59 -0.000679955
31.6 -0.000525213
31.61 -0.000372136
31.62 -0.000220887
31.63 -7.16326e-05
31.64 7.57251e-05
31.65 0.000221019
31.66 0.000364159
31.67 0.000505165
31.68 0.00064383
31.69 0.000779986
31.7 0.000913575
31.71 0.00104418
31.72 0.00117183
31.73 0.0012964
31.74 0.00141728
31.75 0.00153446
31.76 0.00164748
31.77 0.00175629
31.78 0.00186047
31.79 0.00195999
31.8 0.0020548
31.81 0.00214436
31.82 0.00222871
31.83 0.00230744
31.84 0.00238059
31.85 0.00244809
31.86 0.00250998
31.87 0.0025661
31.88 0.00261598
31.89 0.00265964
31.9 0.00269709
31.91 0.00272826
31.92 0.00275282
31.93 0.00277076
31.94 0.00278216
31.95 0.00278699
31.96 0.00278522
31.97 0.00277689
31.98 0.002762
31.99 0.00274051
32 0.00271245
32.01 0.0026778
32.02 0.00263656
32.03 0.00258863
32.04 0.00253399
32.05 0.00247325
32.06 0.0024064
32.07 0.00233377
32.08 0.00225535
32.09 0.00217112
32.1 0.00208159
32.11 0.00198702
32.12 0.00188729
32.13 0.00178297
32.14 0.00167424
32.15 0.00156102
32.16 0.00144381
32.17 0.00132293
32.18 0.00119827
32.19 0.0010704
32.2 0.000939483
32.21 0.000805493
32.22 0.000668996
32.23 0.000530197
32.24 0.000389023
32.25 0.00024585
32.26 0.000100755
32.27 -4.63003e-05
32.28 -0.000195074
32.29 -0.000345529
32.3 -0.000497669
32.31 -0.000651327
32.32 -0.00080643
32.33 -0.000962999
32.34 -0.00112081
32.35 -0.00127981
32.36 -0.00144
32.37 -0.00160116
32.38 -0.00176327
32.39 -0.00192634
32.4 -0.00209016
32.41 -0.0022547
32.42 -0.00241995
32.43 -0.00258576
32.44 -0.00275199
32.45 -0.00291863
32.46 -0.00308551
32.47 -0.00325257
32.48 -0.00341979
32.49 -0.00358705
32.5 -0.00375425
32.51 -0.00392149
32.52 -0.00408859
32.53 -0.00425553
32.54 -0.00442228
32.55 -0.00458867
32.56 -0.00475462
32.57 -0.00492015
32.58 -0.00508509
32.59 -0.00524928
32.6 -0.00541277
32.61 -0.00557528
32.62 -0.00573663
32.63 -0.00589688
32.64 -0.00605554
32.65 -0.0062124
32.66 -0.00636744
32.67 -0.00652012
32.68 -0.00667032
32.69 -0.00681807
32.7 -0.00696292
32.71 -0.00710467
32.72 -0.0072434
32.73 -0.00737859
32.74 -0.00751013
32.75 -0.00763813
32.76 -0.00776213
32.77 -0.00788201
32.78 -0.0079978
32.79 -0.0081092
32.8 -0.00821604
32.81 -0.0083184
32.82 -0.00841593
32.83 -0.00850849
32.84 -0.00859621
32.85 -0.0086788
32.86 -0.00875615
32.87 -0.00882826
32.88 -0.00889486
32.89 -0.00895595
32.9 -0.00901141
32.91 -0.00906115
32.92 -0.0091053
32.93 -0.00914354
32.94 -0.009176
32.95 -0.00920252
32.96 -0.00922313
32.97 -0.00923778
32.98 -0.00924644
32.99 -0.00924925
33 -0.00924636
33.01 -0.0092378
33.02 -0.00922325
33.03 -0.0092027
33.04 -0.00917615
33.05 -0.00914363
33.06 -0.00910518
33.07 -0.00906094
33.08 -0.00901101
33.09 -0.00895535
33.1 -0.00889393
33.11 -0.00882691
33.12 -0.00875433
33.13 -0.00867623
33.14 -0.00859299
33.15 -0.00850461
33.16 -0.00841135
33.17 -0.00831321
33.18 -0.00821026
33.19 -0.00810257
33.2 -0.00799051
33.21 -0.00787409
33.22 -0.00775366
33.23 -0.00762914
33.24 -0.00750063
33.25 -0.00736861
33.26 -0.00723304
33.27 -0.00709403
33.28 -0.006952
33.29 -0.00680697
33.3 -0.00665938
33.31 -0.00650937
33.32 -0.00635704
33.33 -0.00620273
33.34 -0.00604667
33.35 -0.00588885
33.36 -0.00572967
33.37 -0.00556927
33.38 -0.00540774
33.39 -0.00524539
33.4 -0.00508246
33.41 -0.00491891
33.42 -0.0047549
33.43 -0.00459041
33.44 -0.00442558
33.45 -0.00426056
33.46 -0.00409534
33.47 -0.00393001
33.48 -0.00376462
33.49 -0.00359928
33.5 -0.00343396
33.51 -0.00326884
33.52 -0.00310395
33.53 -0.00293931
33.54 -0.00277509
33.55 -0.0026113
33.56 -0.00244806
33.57 -0.0022854
33.58 -0.00212348
33.59 -0.00196229
33.6 -0.00180202
33.61 -0.00164273
33.62 -0.00148441
33.63 -0.00132728
33.64 -0.00117135
33.65 -0.00101668
33.66 -0.000863417
33.67 -0.000711608
33.68 -0.000561353
33.69 -0.000412785
33.7 -0.000266001
33.71 -0.000121039
33.72 2.20249e-05
33.73 0.000163153
33.74 0.000302325
33.75 0.000439392
33.76 0.000574243
33.77 0.000706899
33.78 0.000836985
33.79 0.000964526
33.8 0.00108941
33.81 0.00121107
33.82 0.00132947
33.83 0.00144423
33.84 0.00155527
33.85 0.00166215
33.86 0.00176484
33.87 0.00186334
33.88 0.0019571
33.89 0.00204615
33.9 0.00213012
33.91 0.00220893
33.92 0.00228254
33.93 0.00235086
33.94 0.00241343
33.95 0.00247021
33.96 0.00252116
33.97 0.00256594
33.98 0.00260458
33.99 0.00263709
34 0.00266347
34.01 0.00268362
34.02 0.0026975
34.03 0.00270506
34.04 0.00270635
34.05 0.00270134
34.06 0.00268998
34.07 0.00267228
34.08 0.00264832
34.09 0.00261806
34.1 0.00258146
34.11 0.00253853
34.12 0.0024893
34.13 0.00243367
34.14 0.00237213
34.15 0.00230463
34.16 0.0022315
34.17 0.00215276
34.18 0.00206833
34.19 0.00197886
34.2 0.00188452
34.21 0.00178525
34.22 0.0016815
34.23 0.00157353
34.24 0.00146124
34.25 0.00134526
34.26 0.00122578
34.27 0.00110277
34.28 0.000976681
34.29 0.000847792
34.3 0.000716005
34.31 0.000581824
34.32 0.000445527
34.33 0.000307012
34.34 0.000166497
34.35 2.41073e-05
34.36 -0.000120202
34.37 -0.000266268
34.38 -0.000413984
34.39 -0.000563449
34.4 -0.000714423
34.41 -0.000866853
34.42 -0.00102078
34.43 -0.00117601
34.44 -0.00133243
34.45 -0.00149008
34.46 -0.00164881
34.47 -0.00180851
34.48 -0.00196918
34.49 -0.00213064
34.5 -0.00229282
34.51 -0.00245564
34.52 -0.00261902
34.53 -0.00278285
34.54 -0.0029471
34.55 -0.00311157
34.56 -0.00327623
34.57 -0.00344118
34.58 -0.00360612
34.59 -0.00377101
34.6 -0.00393586
34.61 -0.00410056
34.62 -0.00426505
34.63 -0.00442934
34.64 -0.00459331
34.65 -0.00475686
34.66 -0.00491999
34.67 -0.00508256
34.68 -0.00524445
34.69 -0.0054057
34.7 -0.00556606
34.71 -0.00572534
34.72 -0.00588364
34.73 -0.00604044
34.74 -0.0061955
34.75 -0.00634896
34.76 -0.00650035
34.77 -0.00664948
34.78 -0.00679646
34.79 -0.00694077
34.8 -0.00708223
34.81 -0.007221
34.82 -0.00735665
34.83 -0.00748897
34.84 -0.00761809
34.85 -0.00774349
34.86 -0.00786499
34.87 -0.00798273
34.88 -0.00809626
34.89 -0.0082055
34.9 -0.00831045
34.91 -0.0084108
34.92 -0.00850643
34.93 -0.00859739
34.94 -0.00868336
34.95 -0.00876425
34.96 -0.0088401
34.97 -0.00891067
34.98 -0.00897595
34.99 -0.00903577
35 -0.00909014
35.01 -0.0091391
35.02 -0.00918244
35.03 -0.00922004
35.04 -0.00925189
35.05 -0.00927793
35.06 -0.00929819
35.07 -0.00931274
35.08 -0.00932165
35.09 -0.00932461
35.1 -0.00932171
35.11 -0.00931293
35.12 -0.00929822
35.13 -0.00927762
35.14 -0.00925105
35.15 -0.00921856
35.16 -0.00918015
35.17 -0.00913606
35.18 -0.00908624
35.19 -0.00903073
35.2 -0.00896948
35.21 -0.00890256
35.22 -0.00883004
35.23 -0.00875206
35.24 -0.00866896
35.25 -0.0085807
35.26 -0.00848758
35.27 -0.00838957
35.28 -0.00828674
35.29 -0.00817909
35.3 -0.00806706
35.31 -0.00795073
35.32 -0.00783031
35.33 -0.00770586
35.34 -0.00757735
35.35 -0.00744527
35.36 -0.00730962
35.37 -0.00717042
35.38 -0.00702817
35.39 -0.00688286
35.4 -0.00673488
35.41 -0.00658422
35.42 -0.00643087
35.43 -0.00627546
35.44 -0.00611813
35.45 -0.00595897
35.46 -0.00579822
35.47 -0.00563619
35.48 -0.00547285
35.49 -0.00530859
35.5 -0.00514359
35.51 -0.00497792
35.52 -0.00481162
35.53 -0.00464478
35.54 -0.00447739
35.55 -0.00430963
35.56 -0.00414154
35.57 -0.0039732
35.58 -0.00380475
35.59 -0.00363625
35.6 -0.00346775
35.61 -0.00329934
35.62 -0.00313101
35.63 -0.00296286
35.64 -0.00279502
35.65 -0.00262761
35.66 -0.00246063
35.67 -0.00229425
35.68 -0.00212848
35.69 -0.00196336
35.7 -0.00179902
35.71 -0.00163559
35.72 -0.00147306
35.73 -0.00131156
35.74 -0.00115123
35.75 -0.00099201
35.76 -0.000834172
35.77 -0.00067775
35.78 -0.00052276
35.79 -0.000369349
35.8 -0.000217648
35.81 -6.76916e-05
35.82 8.04085e-05
35.83 0.000226653
35.84 0.000371004
35.85 0.00051329
35.86 0.000653414
35.87 0.000791318
35.88 0.000926658
35.89 0.00105913
35.9 0.00118869
35.91 0.00131521
35.92 0.00143814
35.93 0.00155748
35.94 0.00167315
35.95 0.00178509
35.96 0.00189242
35.97 0.0019951
35.98 0.00209274
35.99 0.00218531
36 0.00227276
36.01 0.0023545
36.02 0.00243058
36.03 0.00250057
36.04 0.00256447
36.05 0.00262237
36.06 0.00267414
36.07 0.00271971
36.08 0.002759
36.09 0.00279154
36.1 0.00281731
36.11 0.00283635
36.12 0.00284859
36.13 0.00285408
36.14 0.0028528
36.15 0.00284473
36.16 0.00282989
36.17 0.00280826
36.18 0.00277979
36.19 0.0027445
36.2 0.0027024
36.21 0.00265349
36.22 0.00259803
36.23 0.0025361
36.24 0.00246768
36.25 0.00239311
36.26 0.00231244
36.27 0.00222602
36.28 0.00213381
36.29 0.00203584
36.3 0.00193266
36.31 0.00182455
36.32 0.00171139
36.33 0.00159376
36.34 0.00147189
36.35 0.00134575
36.36 0.00121588
36.37 0.00108247
36.38 0.000945537
36.39 0.00080568
36.4 0.00066315
36.41 0.000517837
36.42 0.000370214
36.43 0.000220436
36.44 6.84288e-05
36.45 -8.55401e-05
36.46 -0.000241374
36.47 -0.000399108
36.48 -0.000558511
36.49 -0.000719541
36.5 -0.000882251
36.51 -0.00104641
36.52 -0.00121185
36.53 -0.00137865
36.54 -0.00154662
36.55 -0.00171565
36.56 -0.0018857
36.57 -0.00205664
36.58 -0.0022283
36.59 -0.00240072
36.6 -0.00257365
36.61 -0.00274708
36.62 -0.00292097
36.63 -0.00309508
36.64 -0.00326943
36.65 -0.00344391
36.66 -0.00361851
36.67 -0.00379305
36.68 -0.00396745
36.69 -0.00414176
36.7 -0.00431582
36.71 -0.0044895
36.72 -0.00466268
36.73 -0.00483544
36.74 -0.00500758
36.75 -0.005179
36.76 -0.0053498
36.77 -0.00551966
36.78 -0.00568837
36.79 -0.00585573
36.8 -0.00602179
36.81 -0.00618606
36.82 -0.00634834
36.83 -0.00650876
36.84 -0.00666678
36.85 -0.00682225
36.86 -0.00697519
36.87 -0.00712518
36.88 -0.00727206
36.89 -0.00741581
36.9 -0.007556
36.91 -0.00769246
36.92 -0.00782521
36.93 -0.00795383
36.94 -0.00807828
36.95 -0.00819854
36.96 -0.00831419
36.97 -0.00842503
36.98 -0.00853121
36.99 -0.00863242
37 -0.00872849
37.01 -0.00881946
37.02 -0.00890503
37.03 -0.00898501
37.04 -0.00905953
37.05 -0.00912827
37.06 -0.00919113
37.07 -0.00924813
37.08 -0.00929937
37.09 -0.00934458
37.1 -0.00938372
37.11 -0.00941666
37.12 -0.00944345
37.13 -0.00946404
37.14 -0.00947855
37.15 -0.00948698
37.16 -0.00948914
37.17 -0.00948507
37.18 -0.00947475
37.19 -0.00945819
37.2 -0.00943536
37.21 -0.00940632
37.22 -0.00937103
37.23 -0.00932944
37.24 -0.00928186
37.25 -0.00922827
37.26 -0.00916877
37.27 -0.00910337
37.28 -0.00903214
37.29 -0.00895516
37.3 -0.00887251
37.31 -0.00878426
37.32 -0.00869076
37.33 -0.00859209
37.34 -0.0084885
37.35 -0.00837997
37.36 -0.00826657
37.37 -0.00814862
37.38 -0.00802624
37.39 -0.0078997
37.4 -0.00776893
37.41 -0.00763434
37.42 -0.00749591
37.43 -0.0073537
37.44 -0.00720819
37.45 -0.00705955
37.46 -0.00690782
37.47 -0.0067533
37.48 -0.00659623
37.49 -0.00643664
37.5 -0.00627494
37.51 -0.00611134
37.52 -0.00594585
37.53 -0.00577888
37.54 -0.00561063
37.55 -0.00544125
37.56 -0.00527102
37.57 -0.00510014
37.58 -0.00492861
37.59 -0.00475665
37.6 -0.00458433
37.61 -0.00441165
37.62 -0.00423872
37.63 -0.00406567
37.64 -0.00389253
37.65 -0.00371939
37.66 -0.00354638
37.67 -0.0033735
37.68 -0.00320086
37.69 -0.00302855
37.7 -0.00285659
37.71 -0.00268507
37.72 -0.00251408
37.73 -0.00234363
37.74 -0.0021739
37.75 -0.00200495
37.76 -0.00183686
37.77 -0.00166971
37.78 -0.00150362
37.79 -0.00133856
37.8 -0.00117476
37.81 -0.00101227
37.82 -0.000851123
37.83 -0.000691473
37.84 -0.000533356
37.85 -0.000376847
37.86 -0.000222017
37.87 -6.90354e-05
37.88 8.21188e-05
37.89 0.000231314
37.9 0.0003784
37.91 0.000523414
37.92 0.000666205
37.93 0.000806527
37.94 0.000944359
37.95 0.00107921
37.96 0.0012111
37.97 0.00133996
37.98 0.00146513
37.99 0.00158665
38 0.00170397
38.01 0.00181708
38.02 0.00192551
38.03 0.00202924
38.04 0.00212823
38.05 0.00222184
38.06 0.00231014
38.07 0.00239264
38.08 0.00246936
38.09 0.00254021
38.1 0.00260517
38.11 0.00266416
38.12 0.00271663
38.13 0.00276255
38.14 0.00280203
38.15 0.00283461
38.16 0.00286038
38.17 0.00287935
38.18 0.00289148
38.19 0.00289674
38.2 0.00289514
38.21 0.00288668
38.22 0.00287135
38.23 0.0028492
38.24 0.00282025
38.25 0.00278442
38.26 0.00274171
38.27 0.00269216
38.28 0.00263563
38.29 0.00257268
38.3 0.00250331
38.31 0.00242782
38.32 0.00234622
38.33 0.00225842
38.34 0.00216503
38.35 0.00206623
38.36 0.00196204
38.37 0.00185289
38.38 0.00173905
38.39 0.00162045
38.4 0.00149764
38.41 0.00137087
38.42 0.00124006
38.43 0.00110583
38.44 0.000968395
38.45 0.000827679
38.46 0.000684249
38.47 0.00053835
38.48 0.000389962
38.49 0.000239408
38.5 8.67245e-05
38.51 -6.8029e-05
38.52 -0.000224662
38.53 -0.000383078
38.54 -0.000543311
38.55 -0.000705209
38.56 -0.000868654
38.57 -0.0010336
38.58 -0.00119991
38.59 -0.00136748
38.6 -0.0015363
38.61 -0.0017062
38.62 -0.00187706
38.63 -0.00204888
38.64 -0.00222149
38.65 -0.00239483
38.66 -0.00256883
38.67 -0.00274335
38.68 -0.00291826
38.69 -0.0030935
38.7 -0.00326897
38.71 -0.00344463
38.72 -0.00362041
38.73 -0.0037962
38.74 -0.00397193
38.75 -0.00414761
38.76 -0.00432311
38.77 -0.00449834
38.78 -0.00467323
38.79 -0.00484763
38.8 -0.00502146
38.81 -0.00519481
38.82 -0.00536744
38.83 -0.00553925
38.84 -0.00571006
38.85 -0.00587985
38.86 -0.00604812
38.87 -0.00621472
38.88 -0.00637966
38.89 -0.00654247
38.9 -0.00670291
38.91 -0.00686097
38.92 -0.00701627
38.93 -0.00716855
38.94 -0.00731795
38.95 -0.00746399
38.96 -0.00760647
38.97 -0.00774538
38.98 -0.0078804
38.99 -0.00801128
39 -0.00813812
39.01 -0.00826057
39.02 -0.00837841
39.03 -0.0084917
39.04 -0.0086001
39.05 -0.00870346
39.06 -0.00880184
39.07 -0.00889476
39.08 -0.0089822
39.09 -0.00906419
39.1 -0.00914047
39.11 -0.00921093
39.12 -0.00927564
39.13 -0.00933433
39.14 -0.00938701
39.15 -0.00943349
39.16 -0.00947381
39.17 -0.00950809
39.18 -0.00953606
39.19 -0.00955778
39.2 -0.00957314
39.21 -0.00958222
39.22 -0.00958484
39.23 -0.00958102
39.24 -0.00957075
39.25 -0.00955404
39.26 -0.00953091
39.27 -0.00950141
39.28 -0.00946553
39.29 -0.00942325
39.3 -0.00937465
39.31 -0.00931977
39.32 -0.00925873
39.33 -0.0091916
39.34 -0.00911848
39.35 -0.00903942
39.36 -0.00895473
39.37 -0.0088645
39.38 -0.00876881
39.39 -0.00866774
39.4 -0.00856147
39.41 -0.00845028
39.42 -0.0083342
39.43 -0.00821354
39.44 -0.00808824
39.45 -0.00795839
39.46 -0.00782448
39.47 -0.00768645
39.48 -0.0075444
39.49 -0.00739883
39.5 -0.00724973
39.51 -0.00709746
39.52 -0.0069422
39.53 -0.006784
39.54 -0.00662325
39.55 -0.00646013
39.56 -0.00629474
39.57 -0.00612744
39.58 -0.00595844
39.59 -0.0057878
39.6 -0.00561588
39.61 -0.00544288
39.62 -0.00526886
39.63 -0.00509423
39.64 -0.00491904
39.65 -0.00474333
39.66 -0.00456721
39.67 -0.00439077
39.68 -0.00421404
39.69 -0.00403711
39.7 -0.00386008
39.71 -0.00368298
39.72 -0.00350593
39.73 -0.00332902
39.74 -0.00315226
39.75 -0.00297581
39.76 -0.00279978
39.77 -0.00262418
39.78 -0.00244911
39.79 -0.00227471
39.8 -0.00210097
39.81 -0.00192811
39.82 -0.0017562
39.83 -0.00158527
39.84 -0.00141544
39.85 -0.00124683
39.86 -0.00107947
39.87 -0.000913448
39.88 -0.000748864
39.89 -0.000585684
39.9 -0.000424134
39.91 -0.00026429
39.92 -0.000106208
39.93 4.9999e-05
39.94 0.000204274
39.95 0.000356579
39.96 0.000506706
39.97 0.000654638
39.98 0.000800298
39.99 0.000943233
40 0.00108318
