0.01 2.17114e-06
0.02 4.61306e-06
0.03 8.60769e-06
0.04 1.48549e-05
0.05 2.29242e-05
0.06 3.18112e-05
0.07 4.06849e-05
0.08 4.90341e-05
0.09 5.64903e-05
0.1 6.2596e-05
0.11 6.68899e-05
0.12 6.92139e-05
0.13 6.98891e-05
0.14 6.93159e-05
0.15 6.78166e-05
0.16 6.55106e-05
0.17 6.26291e-05
0.18 5.94762e-05
0.19 5.62349e-05
0.2 5.28905e-05
0.21 4.92526e-05
0.22 4.50989e-05
0.23 4.02395e-05
0.24 3.44882e-05
0.25 2.73816e-05
0.26 1.84232e-05
0.27 7.08074e-06
0.28 -7.26663e-06
0.29 -2.51202e-05
0.3 -4.72729e-05
0.31 -7.44695e-05
0.32 -0.000107401
0.33 -0.000146628
0.34 -0.000192735
0.35 -0.000246147
0.36 -0.000307373
0.37 -0.000376581
0.38 -0.000453763
0.39 -0.00053883
0.4 -0.000631611
0.41 -0.000731782
0.42 -0.00083889
0.43 -0.000952349
0.44 -0.0010716
0.45 -0.00119607
0.46 -0.00132527
0.47 -0.00145867
0.48 -0.00159575
0.49 -0.00173599
0.5 -0.00187906
0.51 -0.00202462
0.52 -0.00217224
0.53 -0.00232158
0.54 -0.00247232
0.55 -0.00262426
0.56 -0.00277723
0.57 -0.00293101
0.58 -0.0030854
0.59 -0.00324022
0.6 -0.00339529
0.61 -0.00355043
0.62 -0.00370521
0.63 -0.00385899
0.64 -0.00401105
0.65 -0.00416051
0.66 -0.00430629
0.67 -0.00444707
0.68 -0.00458141
0.69 -0.0047079
0.7 -0.00482534
0.71 -0.00493266
0.72 -0.00502911
0.73 -0.00511402
0.74 -0.00518731
0.75 -0.00524941
0.76 -0.00530088
0.77 -0.0053425
0.78 -0.00537492
0.79 -0.00539888
0.8 -0.005415
0.81 -0.00542348
0.82 -0.00542383
0.83 -0.00541491
0.84 -0.00539514
0.85 -0.00536246
0.86 -0.00531428
0.87 -0.00524736
0.88 -0.00515801
0.89 -0.00504267
0.9 -0.00489807
0.91 -0.0047212
0.92 -0.00450917
0.93 -0.00425958
0.94 -0.0039713
0.95 -0.00364487
0.96 -0.00328139
0.97 -0.00288208
0.98 -0.00244955
0.99 -0.00198779
1 -0.00150108
1.01 -0.000992887
1.02 -0.000466068
1.03 7.65551e-05
1.04 0.000632276
1.05 0.00119966
1.06 0.00177871
1.07 0.00236971
1.08 0.00297231
1.09 0.003586
1.1 0.00421068
1.11 0.00484582
1.12 0.00548976
1.13 0.00614013
1.14 0.00679418
1.15 0.00744867
1.16 0.00809997
1.17 0.00874438
1.18 0.00937823
1.19 0.00999775
1.2 0.0105997
1.21 0.0111817
1.22 0.0117428
1.23 0.0122826
1.24 0.0128012
1.25 0.0132998
1.26 0.0137813
1.27 0.0142491
1.28 0.0147058
1.29 0.015154
1.3 0.0155966
1.31 0.0160367
1.32 0.0164765
1.33 0.0169163
1.34 0.017357
1.35 0.0177995
1.36 0.0182435
1.37 0.0186875
1.38 0.0191293
1.39 0.0195663
1.4 0.0199953
1.41 0.0204121
1.42 0.0208123
1.43 0.0211912
1.44 0.0215448
1.45 0.0218692
1.46 0.0221611
1.47 0.0224176
1.48 0.0226365
1.49 0.0228159
1.5 0.0229533
1.51 0.0230457
1.52 0.0230908
1.53 0.0230861
1.54 0.0230278
1.55 0.0229117
1.56 0.0227355
1.57 0.0224981
1.58 0.0221982
1.59 0.0218348
1.6 0.0214096
1.61 0.0209259
1.62 0.0203878
1.63 0.0197983
1.64 0.0191612
1.65 0.0184814
1.66 0.0177641
1.67 0.0170126
1.68 0.0162297
1.69 0.0154189
1.7 0.0145836
1.71 0.0137259
1.72 0.0128476
1.73 0.0119499
1.74 0.0110335
1.75 0.0100987
1.76 0.00914578
1.77 0.00817421
1.78 0.00718311
1.79 0.006172
1.8 0.00514113
1.81 0.00409154
1.82 0.00302395
1.83 0.00193928
1.84 0.000839694
1.85 -0.000271861
1.86 -0.00139261
1.87 -0.00252013
1.88 -0.00365131
1.89 -0.00478183
1.9 -0.00590661
1.91 -0.00702068
1.92 -0.00811855
1.93 -0.00919327
1.94 -0.0102375
1.95 -0.011245
1.96 -0.0122107
1.97 -0.0131301
1.98 -0.0140001
1.99 -0.0148198
2 -0.0155899
2.01 -0.016312
2.02 -0.0169889
2.03 -0.017624
2.04 -0.0182214
2.05 -0.0187858
2.06 -0.0193228
2.07 -0.0198384
2.08 -0.0203388
2.09 -0.0208309
2.1 -0.0213213
2.11 -0.0218155
2.12 -0.0223167
2.13 -0.0228254
2.14 -0.0233396
2.15 -0.023854
2.16 -0.0243599
2.17 -0.0248464
2.18 -0.0253013
2.19 -0.0257128
2.2 -0.0260696
2.21 -0.0263615
2.22 -0.0265807
2.23 -0.0267215
2.24 -0.026781
2.25 -0.026759
2.26 -0.0266566
2.27 -0.0264764
2.28 -0.0262234
2.29 -0.0259047
2.3 -0.0255278
2.31 -0.0250999
2.32 -0.0246288
2.33 -0.0241227
2.34 -0.0235896
2.35 -0.0230362
2.36 -0.022468
2.37 -0.0218903
2.38 -0.0213093
2.39 -0.0207304
2.4 -0.0201582
2.41 -0.0195975
2.42 -0.0190532
2.43 -0.0185305
2.44 -0.0180345
2.45 -0.0175696
2.46 -0.0171396
2.47 -0.0167485
2.48 -0.0164003
2.49 -0.0160988
2.5 -0.0158464
2.51 -0.0156447
2.52 -0.0154938
2.53 -0.0153929
2.54 -0.0153388
2.55 -0.0153249
2.56 -0.015342
2.57 -0.0153791
2.58 -0.0154245
2.59 -0.0154653
2.6 -0.0154883
2.61 -0.0154818
2.62 -0.0154374
2.63 -0.0153506
2.64 -0.0152191
2.65 -0.0150436
2.66 -0.0148283
2.67 -0.0145802
2.68 -0.014308
2.69 -0.01402
2.7 -0.0137243
2.71 -0.0134288
2.72 -0.0131405
2.73 -0.0128647
2.74 -0.0126049
2.75 -0.012363
2.76 -0.0121403
2.77 -0.0119375
2.78 -0.0117547
2.79 -0.011591
2.8 -0.0114459
2.81 -0.0113186
2.82 -0.0112086
2.83 -0.0111151
2.84 -0.0110361
2.85 -0.0109696
2.86 -0.0109132
2.87 -0.0108639
2.88 -0.0108179
2.89 -0.0107706
2.9 -0.0107169
2.91 -0.010652
2.92 -0.0105707
2.93 -0.0104671
2.94 -0.0103357
2.95 -0.0101719
2.96 -0.00997137
2.97 -0.00973013
2.98 -0.00944522
2.99 -0.0091147
3 -0.00873693
3.01 -0.0083108
3.02 -0.00783555
3.03 -0.00731032
3.04 -0.00673379
3.05 -0.00610426
3.06 -0.00542
3.07 -0.00467883
3.08 -0.00387882
3.09 -0.0030191
3.1 -0.00210036
3.11 -0.00112492
3.12 -9.72369e-05
3.13 0.00097556
3.14 0.0020845
3.15 0.00321972
3.16 0.00437062
3.17 0.00552657
3.18 0.00667838
3.19 0.00781919
3.2 0.00894417
3.21 0.0100502
3.22 0.0111363
3.23 0.0122043
3.24 0.0132566
3.25 0.0142952
3.26 0.0153218
3.27 0.0163387
3.28 0.0173474
3.29 0.0183469
3.3 0.0193354
3.31 0.0203121
3.32 0.0212756
3.33 0.0222238
3.34 0.0231545
3.35 0.0240666
3.36 0.0249595
3.37 0.0258322
3.38 0.0266834
3.39 0.0275125
3.4 0.0283191
3.41 0.0291027
3.42 0.0298629
3.43 0.0305991
3.44 0.0313106
3.45 0.0319957
3.46 0.0326517
3.47 0.0332745
3.48 0.0338586
3.49 0.0343963
3.5 0.0348796
3.51 0.0353001
3.52 0.0356498
3.53 0.0359226
3.54 0.0361142
3.55 0.0362237
3.56 0.036253
3.57 0.0362073
3.58 0.0360938
3.59 0.0359212
3.6 0.0356976
3.61 0.0354305
3.62 0.0351255
3.63 0.0347856
3.64 0.0344108
3.65 0.0339977
3.66 0.0335418
3.67 0.0330382
3.68 0.0324812
3.69 0.0318649
3.7 0.0311848
3.71 0.0304391
3.72 0.0296275
3.73 0.0287499
3.74 0.0278072
3.75 0.0268017
3.76 0.0257357
3.77 0.0246115
3.78 0.0234306
3.79 0.0221948
3.8 0.0209054
3.81 0.0195647
3.82 0.0181758
3.83 0.0167423
3.84 0.0152674
3.85 0.0137555
3.86 0.0122118
3.87 0.0106416
3.88 0.00904815
3.89 0.00743393
3.9 0.00580121
3.91 0.00415176
3.92 0.00248646
3.93 0.000805354
3.94 -0.000891168
3.95 -0.00260104
3.96 -0.00432014
3.97 -0.00604309
3.98 -0.00776322
3.99 -0.00947208
4 -0.0111593
4.01 -0.0128135
4.02 -0.0144241
4.03 -0.0159817
4.04 -0.0174776
4.05 -0.0189039
4.06 -0.020254
4.07 -0.0215232
4.08 -0.0227079
4.09 -0.0238046
4.1 -0.0248102
4.11 -0.0257216
4.12 -0.0265359
4.13 -0.0272504
4.14 -0.0278626
4.15 -0.0283695
4.16 -0.0287686
4.17 -0.0290576
4.18 -0.0292356
4.19 -0.0293032
4.2 -0.0292618
4.21 -0.0291148
4.22 -0.0288683
4.23 -0.0285319
4.24 -0.0281171
4.25 -0.0276368
4.26 -0.0271059
4.27 -0.0265397
4.28 -0.0259533
4.29 -0.0253602
4.3 -0.0247717
4.31 -0.0241966
4.32 -0.0236418
4.33 -0.0231122
4.34 -0.0226111
4.35 -0.022141
4.36 -0.0217044
4.37 -0.021304
4.38 -0.0209432
4.39 -0.0206259
4.4 -0.020356
4.41 -0.0201368
4.42 -0.01997
4.43 -0.0198555
4.44 -0.0197915
4.45 -0.019773
4.46 -0.019792
4.47 -0.0198381
4.48 -0.0199001
4.49 -0.0199671
4.5 -0.0200278
4.51 -0.0200713
4.52 -0.0200887
4.53 -0.0200735
4.54 -0.0200208
4.55 -0.0199254
4.56 -0.0197821
4.57 -0.0195867
4.58 -0.0193347
4.59 -0.0190214
4.6 -0.0186413
4.61 -0.0181905
4.62 -0.0176666
4.63 -0.0170694
4.64 -0.0164002
4.65 -0.0156628
4.66 -0.0148618
4.67 -0.0140027
4.68 -0.0130907
4.69 -0.0121306
4.7 -0.011126
4.71 -0.0100788
4.72 -0.00898972
4.73 -0.00785953
4.74 -0.00668916
4.75 -0.00547989
4.76 -0.00423338
4.77 -0.00295195
4.78 -0.00163934
4.79 -0.000300335
4.8 0.00106009
4.81 0.00243741
4.82 0.00382705
4.83 0.00522354
4.84 0.0066206
4.85 0.00801229
4.86 0.00939337
4.87 0.0107587
4.88 0.0121028
4.89 0.0134197
4.9 0.0147054
4.91 0.0159589
4.92 0.0171807
4.93 0.0183698
4.94 0.0195244
4.95 0.0206459
4.96 0.0217366
4.97 0.0227936
4.98 0.0238103
4.99 0.024781
5 0.0257004
5.01 0.0265607
5.02 0.0273525
5.03 0.0280678
5.04 0.0287011
5.05 0.0292489
5.06 0.029709
5.07 0.0300799
5.08 0.0303613
5.09 0.0305539
5.1 0.0306593
5.11 0.0306781
5.12 0.0306095
5.13 0.0304526
5.14 0.0302069
5.15 0.0298726
5.16 0.0294506
5.17 0.0289427
5.18 0.0283525
5.19 0.0276859
5.2 0.0269508
5.21 0.0261559
5.22 0.0253101
5.23 0.024422
5.24 0.0234994
5.25 0.0225492
5.26 0.0215761
5.27 0.0205828
5.28 0.0195701
5.29 0.0185376
5.3 0.0174843
5.31 0.0164082
5.32 0.0153072
5.33 0.0141792
5.34 0.0130224
5.35 0.0118361
5.36 0.0106207
5.37 0.00937743
5.38 0.00810852
5.39 0.00681731
5.4 0.00550902
5.41 0.00419051
5.42 0.00286967
5.43 0.00155476
5.44 0.000254474
5.45 -0.00102145
5.46 -0.00226254
5.47 -0.00345874
5.48 -0.00460137
5.49 -0.00568266
5.5 -0.0066944
5.51 -0.00762766
5.52 -0.00847411
5.53 -0.00922854
5.54 -0.00988994
5.55 -0.0104503
5.56 -0.0109058
5.57 -0.0112583
5.58 -0.0115129
5.59 -0.0116731
5.6 -0.0117392
5.61 -0.0117204
5.62 -0.011625
5.63 -0.0114591
5.64 -0.0112261
5.65 -0.0109286
5.66 -0.0105693
5.67 -0.0101493
5.68 -0.00966683
5.69 -0.00911884
5.7 -0.00850219
5.71 -0.00781478
5.72 -0.00705518
5.73 -0.0062222
5.74 -0.00531503
5.75 -0.00433417
5.76 -0.00328195
5.77 -0.0021617
5.78 -0.000976434
5.79 0.000270777
5.8 0.00157659
5.81 0.0029372
5.82 0.00434915
5.83 0.00580995
5.84 0.00731753
5.85 0.00886974
5.86 0.0104641
5.87 0.0120978
5.88 0.0137678
5.89 0.015471
5.9 0.0172037
5.91 0.0189619
5.92 0.0207414
5.93 0.0225386
5.94 0.0243506
5.95 0.0261753
5.96 0.0280109
5.97 0.0298557
5.98 0.0317083
5.99 0.0335676
6 0.0354321
6.01 0.0372989
6.02 0.0391634
6.03 0.0410207
6.04 0.0428645
6.05 0.0446867
6.06 0.0464776
6.07 0.0482266
6.08 0.0499227
6.09 0.0515544
6.1 0.0531105
6.11 0.0545798
6.12 0.055953
6.13 0.0572217
6.14 0.0583799
6.15 0.0594227
6.16 0.0603474
6.17 0.0611527
6.18 0.0618386
6.19 0.0624056
6.2 0.062855
6.21 0.0631875
6.22 0.0634036
6.23 0.0635032
6.24 0.0634855
6.25 0.0633494
6.26 0.0630934
6.27 0.0627161
6.28 0.0622159
6.29 0.0615917
6.3 0.060843
6.31 0.0599695
6.32 0.058971
6.33 0.057847
6.34 0.0565976
6.35 0.0552227
6.36 0.0537225
6.37 0.0520973
6.38 0.0503479
6.39 0.0484763
6.4 0.0464856
6.41 0.0443804
6.42 0.0421662
6.43 0.0398496
6.44 0.0374389
6.45 0.0349428
6.46 0.0323707
6.47 0.0297316
6.48 0.0270345
6.49 0.0242879
6.5 0.0214994
6.51 0.0186757
6.52 0.015822
6.53 0.0129426
6.54 0.0100407
6.55 0.00711864
6.56 0.0041784
6.57 0.00122158
6.58 -0.00175014
6.59 -0.00473476
6.6 -0.00772969
6.61 -0.0107315
6.62 -0.0137366
6.63 -0.0167414
6.64 -0.0197425
6.65 -0.022736
6.66 -0.0257189
6.67 -0.0286886
6.68 -0.0316434
6.69 -0.0345809
6.7 -0.0374985
6.71 -0.0403927
6.72 -0.0432595
6.73 -0.0460933
6.74 -0.048887
6.75 -0.0516321
6.76 -0.05432
6.77 -0.0569414
6.78 -0.059488
6.79 -0.0619519
6.8 -0.0643267
6.81 -0.0666077
6.82 -0.0687918
6.83 -0.0708772
6.84 -0.072863
6.85 -0.0747487
6.86 -0.0765341
6.87 -0.078219
6.88 -0.0798025
6.89 -0.0812836
6.9 -0.0826605
6.91 -0.0839314
6.92 -0.0850937
6.93 -0.0861446
6.94 -0.0870808
6.95 -0.0878997
6.96 -0.0885981
6.97 -0.0891732
6.98 -0.0896237
6.99 -0.0899498
7 -0.0901532
7.01 -0.0902369
7.02 -0.0902059
7.03 -0.0900668
7.04 -0.089827
7.05 -0.0894938
7.06 -0.0890742
7.07 -0.0885745
7.08 -0.0880005
7.09 -0.0873571
7.1 -0.0866486
7.11 -0.0858787
7.12 -0.0850516
7.13 -0.084172
7.14 -0.0832456
7.15 -0.0822781
7.16 -0.0812753
7.17 -0.0802427
7.18 -0.0791859
7.19 -0.0781094
7.2 -0.0770157
7.21 -0.0759054
7.22 -0.0747775
7.23 -0.0736296
7.24 -0.0724578
7.25 -0.0712565
7.26 -0.0700191
7.27 -0.0687388
7.28 -0.0674093
7.29 -0.0660245
7.3 -0.0645785
7.31 -0.0630659
7.32 -0.0614828
7.33 -0.0598268
7.34 -0.0580967
7.35 -0.0562922
7.36 -0.0544143
7.37 -0.0524656
7.38 -0.0504502
7.39 -0.0483731
7.4 -0.0462394
7.41 -0.0440545
7.42 -0.0418246
7.43 -0.0395559
7.44 -0.0372545
7.45 -0.0349259
7.46 -0.0325752
7.47 -0.0302075
7.48 -0.0278277
7.49 -0.0254401
7.5 -0.0230484
7.51 -0.0206554
7.52 -0.0182637
7.53 -0.0158756
7.54 -0.0134931
7.55 -0.0111173
7.56 -0.00874905
7.57 -0.00638884
7.58 -0.0040377
7.59 -0.00169697
7.6 0.000632318
7.61 0.00294945
7.62 0.00525359
7.63 0.00754351
7.64 0.00981816
7.65 0.0120778
7.66 0.0143246
7.67 0.0165626
7.68 0.0187965
7.69 0.0210318
7.7 0.0232761
7.71 0.0255397
7.72 0.0278332
7.73 0.0301642
7.74 0.0325347
7.75 0.0349531
7.76 0.0374232
7.77 0.0399416
7.78 0.0425009
7.79 0.0450941
7.8 0.0477175
7.81 0.0503589
7.82 0.0530064
7.83 0.0556505
7.84 0.058283
7.85 0.0608961
7.86 0.0634819
7.87 0.0660327
7.88 0.0685428
7.89 0.0710075
7.9 0.0734225
7.91 0.0757833
7.92 0.0780854
7.93 0.0803253
7.94 0.0825001
7.95 0.084607
7.96 0.0866426
7.97 0.0886037
7.98 0.0904872
7.99 0.0922908
8 0.0940122
8.01 0.0956492
8.02 0.0971998
8.03 0.0986625
8.04 0.100037
8.05 0.101322
8.06 0.102518
8.07 0.103623
8.08 0.104636
8.09 0.105555
8.1 0.106379
8.11 0.107104
8.12 0.107727
8.13 0.108246
8.14 0.108658
8.15 0.10896
8.16 0.10915
8.17 0.109227
8.18 0.109192
8.19 0.109043
8.2 0.108782
8.21 0.10841
8.22 0.107927
8.23 0.107336
8.24 0.106636
8.25 0.105828
8.26 0.104913
8.27 0.10389
8.28 0.102757
8.29 0.101515
8.3 0.100159
8.31 0.0986902
8.32 0.0971052
8.33 0.0954015
8.34 0.0935766
8.35 0.0916277
8.36 0.0895528
8.37 0.0873491
8.38 0.0850128
8.39 0.0825386
8.4 0.0799209
8.41 0.0771552
8.42 0.0742392
8.43 0.0711624
8.44 0.0679187
8.45 0.0645102
8.46 0.0609348
8.47 0.0571931
8.48 0.0532881
8.49 0.0492236
8.5 0.045013
8.51 0.0406659
8.52 0.0361866
8.53 0.0315875
8.54 0.0268805
8.55 0.0220758
8.56 0.0171823
8.57 0.0122091
8.58 0.00716703
8.59 0.0020678
8.6 -0.0030766
8.61 -0.00825404
8.62 -0.0134517
8.63 -0.0186558
8.64 -0.0238521
8.65 -0.0290272
8.66 -0.0341688
8.67 -0.0392662
8.68 -0.0443098
8.69 -0.0492914
8.7 -0.0542039
8.71 -0.0590422
8.72 -0.0638028
8.73 -0.0684821
8.74 -0.0730768
8.75 -0.0775834
8.76 -0.0819988
8.77 -0.08632
8.78 -0.0905434
8.79 -0.0946641
8.8 -0.0986773
8.81 -0.102579
8.82 -0.106364
8.83 -0.110028
8.84 -0.113568
8.85 -0.116978
8.86 -0.120257
8.87 -0.123402
8.88 -0.126412
8.89 -0.129285
8.9 -0.132019
8.91 -0.134615
8.92 -0.137071
8.93 -0.139385
8.94 -0.141554
8.95 -0.143574
8.96 -0.145441
8.97 -0.14715
8.98 -0.148695
8.99 -0.15007
9 -0.15127
9.01 -0.152291
9.02 -0.15313
9.03 -0.153783
9.04 -0.154249
9.05 -0.154528
9.06 -0.154621
9.07 -0.15453
9.08 -0.154257
9.09 -0.153807
9.1 -0.153182
9.11 -0.152387
9.12 -0.151428
9.13 -0.150309
9.14 -0.149033
9.15 -0.147604
9.16 -0.146024
9.17 -0.144297
9.18 -0.142422
9.19 -0.140401
9.2 -0.138234
9.21 -0.135922
9.22 -0.133467
9.23 -0.13087
9.24 -0.128134
9.25 -0.125261
9.26 -0.122255
9.27 -0.119121
9.28 -0.11586
9.29 -0.112476
9.3 -0.108973
9.31 -0.105352
9.32 -0.101617
9.33 -0.0977701
9.34 -0.0938157
9.35 -0.0897577
9.36 -0.0856011
9.37 -0.0813519
9.38 -0.0770164
9.39 -0.0726013
9.4 -0.0681136
9.41 -0.0635604
9.42 -0.058949
9.43 -0.0542862
9.44 -0.0495785
9.45 -0.0448321
9.46 -0.040053
9.47 -0.0352474
9.48 -0.0304211
9.49 -0.0255793
9.5 -0.0207275
9.51 -0.0158708
9.52 -0.0110148
9.53 -0.00616456
9.54 -0.00132468
9.55 0.00350011
9.56 0.00830501
9.57 0.0130849
9.58 0.0178349
9.59 0.0225502
9.6 0.0272255
9.61 0.0318554
9.62 0.0364341
9.63 0.040956
9.64 0.0454158
9.65 0.0498082
9.66 0.054128
9.67 0.0583701
9.68 0.0625296
9.69 0.0666023
9.7 0.0705844
9.71 0.0744725
9.72 0.0782637
9.73 0.0819556
9.74 0.0855473
9.75 0.0890388
9.76 0.0924302
9.77 0.0957218
9.78 0.0989143
9.79 0.102009
9.8 0.105007
9.81 0.107909
9.82 0.110713
9.83 0.113421
9.84 0.116032
9.85 0.118546
9.86 0.120962
9.87 0.12328
9.88 0.1255
9.89 0.127624
9.9 0.129651
9.91 0.131583
9.92 0.13342
9.93 0.135162
9.94 0.136809
9.95 0.138361
9.96 0.139815
9.97 0.141169
9.98 0.14242
9.99 0.143564
10 0.144596
10.01 0.145513
10.02 0.14631
10.03 0.146982
10.04 0.147528
10.05 0.147943
10.06 0.148226
10.07 0.148376
10.08 0.148391
10.09 0.148271
10.1 0.148018
10.11 0.147632
10.12 0.147114
10.13 0.146466
10.14 0.14569
10.15 0.144786
10.16 0.143757
10.17 0.142602
10.18 0.141324
10.19 0.139923
10.2 0.1384
10.21 0.136757
10.22 0.134997
10.23 0.133122
10.24 0.131137
10.25 0.129045
10.26 0.126852
10.27 0.124564
10.28 0.122185
10.29 0.119721
10.3 0.117175
10.31 0.114552
10.32 0.111853
10.33 0.109079
10.34 0.106229
10.35 0.103304
10.36 0.1003
10.37 0.0972161
10.38 0.0940496
10.39 0.0907987
10.4 0.0874622
10.41 0.0840394
10.42 0.0805305
10.43 0.0769361
10.44 0.0732581
10.45 0.069499
10.46 0.0656618
10.47 0.0617499
10.48 0.0577673
10.49 0.0537183
10.5 0.0496075
10.51 0.0454394
10.52 0.0412184
10.53 0.036949
10.54 0.0326362
10.55 0.0282844
10.56 0.0238984
10.57 0.0194829
10.58 0.0150431
10.59 0.0105845
10.6 0.00611258
10.61 0.00163262
10.62 -0.00284997
10.63 -0.00732976
10.64 -0.0118018
10.65 -0.0162616
10.66 -0.020705
10.67 -0.0251286
10.68 -0.0295287
10.69 -0.0339026
10.7 -0.0382474
10.71 -0.0425604
10.72 -0.0468389
10.73 -0.0510799
10.74 -0.0552803
10.75 -0.0594366
10.76 -0.0635451
10.77 -0.0676019
10.78 -0.0716025
10.79 -0.0755426
10.8 -0.0794173
10.81 -0.0832215
10.82 -0.0869501
10.83 -0.0905974
10.84 -0.0941578
10.85 -0.0976254
10.86 -0.100994
10.87 -0.104258
10.88 -0.107412
10.89 -0.11045
10.9 -0.113367
10.91 -0.116157
10.92 -0.118817
10.93 -0.121342
10.94 -0.123729
10.95 -0.125972
10.96 -0.12807
10.97 -0.130018
10.98 -0.131815
10.99 -0.133458
11 -0.134944
11.01 -0.136272
11.02 -0.137441
11.03 -0.138449
11.04 -0.139298
11.05 -0.139987
11.06 -0.140517
11.07 -0.140891
11.08 -0.141111
11.09 -0.14118
11.1 -0.141102
11.11 -0.14088
11.12 -0.14052
11.13 -0.140024
11.14 -0.139398
11.15 -0.138645
11.16 -0.13777
11.17 -0.136778
11.18 -0.135672
11.19 -0.134457
11.2 -0.133138
11.21 -0.13172
11.22 -0.130207
11.23 -0.128606
11.24 -0.126921
11.25 -0.125158
11.26 -0.123322
11.27 -0.121419
11.28 -0.119455
11.29 -0.117433
11.3 -0.115358
11.31 -0.113231
11.32 -0.111056
11.33 -0.108832
11.34 -0.10656
11.35 -0.104239
11.36 -0.101868
11.37 -0.0994445
11.38 -0.0969673
11.39 -0.0944347
11.4 -0.0918455
11.41 -0.0891989
11.42 -0.0864948
11.43 -0.0837342
11.44 -0.0809183
11.45 -0.0780489
11.46 -0.0751285
11.47 -0.07216
11.48 -0.0691467
11.49 -0.0660919
11.5 -0.0629988
11.51 -0.0598707
11.52 -0.0567107
11.53 -0.0535219
11.54 -0.050307
11.55 -0.0470686
11.56 -0.0438091
11.57 -0.040531
11.58 -0.0372369
11.59 -0.0339291
11.6 -0.0306099
11.61 -0.0272819
11.62 -0.0239479
11.63 -0.0206105
11.64 -0.0172723
11.65 -0.0139359
11.66 -0.0106039
11.67 -0.00727916
11.68 -0.0039643
11.69 -0.000661947
11.7 0.00262503
11.71 0.0058939
11.72 0.00914194
11.73 0.0123665
11.74 0.0155651
11.75 0.0187357
11.76 0.0218765
11.77 0.0249862
11.78 0.0280634
11.79 0.0311074
11.8 0.0341177
11.81 0.0370941
11.82 0.0400364
11.83 0.0429442
11.84 0.0458177
11.85 0.0486574
11.86 0.0514635
11.87 0.0542365
11.88 0.0569773
11.89 0.059687
11.9 0.0623673
11.91 0.0650196
11.92 0.0676456
11.93 0.0702469
11.94 0.072825
11.95 0.0753812
11.96 0.0779161
11.97 0.0804293
11.98 0.0829201
11.99 0.0853868
12 0.0878268
12.01 0.0902364
12.02 0.0926112
12.03 0.0949462
12.04 0.0972356
12.05 0.0994735
12.06 0.101654
12.07 0.103771
12.08 0.105818
12.09 0.107791
12.1 0.109685
12.11 0.111495
12.12 0.113219
12.13 0.114853
12.14 0.116395
12.15 0.117842
12.16 0.119193
12.17 0.120445
12.18 0.121596
12.19 0.122644
12.2 0.123587
12.21 0.124423
12.22 0.125151
12.23 0.125768
12.24 0.126273
12.25 0.126666
12.26 0.126946
12.27 0.127113
12.28 0.127167
12.29 0.127109
12.3 0.126938
12.31 0.126655
12.32 0.126261
12.33 0.125754
12.34 0.125134
12.35 0.124401
12.36 0.123553
12.37 0.122589
12.38 0.121506
12.39 0.120303
12.4 0.118978
12.41 0.117527
12.42 0.11595
12.43 0.114242
12.44 0.112402
12.45 0.110426
12.46 0.108312
12.47 0.106055
12.48 0.103652
12.49 0.101099
12.5 0.0983926
12.51 0.0955292
12.52 0.0925069
12.53 0.0893248
12.54 0.085984
12.55 0.0824872
12.56 0.0788392
12.57 0.0750471
12.58 0.0711191
12.59 0.0670657
12.6 0.0628981
12.61 0.0586287
12.62 0.05427
12.63 0.0498349
12.64 0.0453358
12.65 0.0407847
12.66 0.036193
12.67 0.0315707
12.68 0.0269271
12.69 0.0222701
12.7 0.0176069
12.71 0.0129433
12.72 0.00828419
12.73 0.00363356
12.74 -0.00100489
12.75 -0.00562794
12.76 -0.0102328
12.77 -0.0148167
12.78 -0.0193768
12.79 -0.0239097
12.8 -0.0284119
12.81 -0.0328796
12.82 -0.0373083
12.83 -0.0416936
12.84 -0.0460303
12.85 -0.0503129
12.86 -0.0545359
12.87 -0.0586936
12.88 -0.0627802
12.89 -0.0667896
12.9 -0.0707164
12.91 -0.0745549
12.92 -0.0783001
12.93 -0.0819473
12.94 -0.0854919
12.95 -0.08893
12.96 -0.0922579
12.97 -0.0954724
12.98 -0.0985701
12.99 -0.101548
13 -0.104403
13.01 -0.107132
13.02 -0.109733
13.03 -0.112201
13.04 -0.114533
13.05 -0.116727
13.06 -0.118778
13.07 -0.120683
13.08 -0.122438
13.09 -0.124039
13.1 -0.125483
13.11 -0.126764
13.12 -0.127879
13.13 -0.128821
13.14 -0.129586
13.15 -0.130168
13.16 -0.130563
13.17 -0.130764
13.18 -0.130769
13.19 -0.130574
13.2 -0.130179
13.21 -0.129582
13.22 -0.128785
13.23 -0.127791
13.24 -0.126604
13.25 -0.125228
13.26 -0.12367
13.27 -0.121934
13.28 -0.12003
13.29 -0.117963
13.3 -0.115742
13.31 -0.113376
13.32 -0.110871
13.33 -0.108238
13.34 -0.105483
13.35 -0.102614
13.36 -0.0996396
13.37 -0.0965651
13.38 -0.0933969
13.39 -0.0901409
13.4 -0.086802
13.41 -0.0833852
13.42 -0.0798952
13.43 -0.0763372
13.44 -0.0727161
13.45 -0.069037
13.46 -0.065305
13.47 -0.0615256
13.48 -0.0577039
13.49 -0.0538448
13.5 -0.0499532
13.51 -0.0460333
13.52 -0.0420893
13.53 -0.0381253
13.54 -0.034145
13.55 -0.0301524
13.56 -0.026151
13.57 -0.0221448
13.58 -0.0181378
13.59 -0.0141339
13.6 -0.010137
13.61 -0.00615107
13.62 -0.00217966
13.63 0.00177342
13.64 0.00570474
13.65 0.00961108
13.66 0.0134893
13.67 0.0173361
13.68 0.0211483
13.69 0.0249228
13.7 0.0286566
13.71 0.0323465
13.72 0.0359892
13.73 0.0395814
13.74 0.0431196
13.75 0.0466003
13.76 0.0500198
13.77 0.0533741
13.78 0.0566594
13.79 0.0598714
13.8 0.0630062
13.81 0.06606
13.82 0.069029
13.83 0.07191
13.84 0.0747
13.85 0.077397
13.86 0.0799992
13.87 0.0825058
13.88 0.0849161
13.89 0.0872304
13.9 0.0894497
13.91 0.0915751
13.92 0.0936078
13.93 0.0955491
13.94 0.0974008
13.95 0.0991643
13.96 0.100841
13.97 0.10243
13.98 0.103934
13.99 0.105351
14 0.106682
14.01 0.107925
14.02 0.109079
14.03 0.110144
14.04 0.111117
14.05 0.111997
14.06 0.112784
14.07 0.113476
14.08 0.114072
14.09 0.114574
14.1 0.11498
14.11 0.115291
14.12 0.115506
14.13 0.115626
14.14 0.115651
14.15 0.115581
14.16 0.115415
14.17 0.115152
14.18 0.114791
14.19 0.114333
14.2 0.113774
14.21 0.113115
14.22 0.112353
14.23 0.111489
14.24 0.11052
14.25 0.109447
14.26 0.108268
14.27 0.106983
14.28 0.105593
14.29 0.104096
14.3 0.102494
14.31 0.100787
14.32 0.0989748
14.33 0.0970591
14.34 0.0950401
14.35 0.0929187
14.36 0.0906955
14.37 0.0883715
14.38 0.0859476
14.39 0.083425
14.4 0.0808049
14.41 0.0780884
14.42 0.0752771
14.43 0.0723726
14.44 0.0693766
14.45 0.0662912
14.46 0.0631185
14.47 0.0598608
14.48 0.0565209
14.49 0.0531018
14.5 0.0496066
14.51 0.0460386
14.52 0.0424012
14.53 0.0386983
14.54 0.0349333
14.55 0.0311099
14.56 0.0272317
14.57 0.0233025
14.58 0.0193259
14.59 0.0153056
14.6 0.0112454
14.61 0.00714889
14.62 0.0030198
14.63 -0.00113814
14.64 -0.00532134
14.65 -0.0095263
14.66 -0.0137495
14.67 -0.0179874
14.68 -0.0222364
14.69 -0.0264927
14.7 -0.0307524
14.71 -0.0350115
14.72 -0.0392654
14.73 -0.0435097
14.74 -0.0477396
14.75 -0.0519504
14.76 -0.0561371
14.77 -0.0602945
14.78 -0.0644178
14.79 -0.0685018
14.8 -0.0725417
14.81 -0.0765323
14.82 -0.0804683
14.83 -0.0843446
14.84 -0.0881563
14.85 -0.0918985
14.86 -0.0955664
14.87 -0.0991558
14.88 -0.102663
14.89 -0.106085
14.9 -0.109418
14.91 -0.112662
14.92 -0.115813
14.93 -0.118871
14.94 -0.121833
14.95 -0.124698
14.96 -0.127464
14.97 -0.130126
14.98 -0.132682
14.99 -0.135126
15 -0.137454
15.01 -0.13966
15.02 -0.141739
15.03 -0.143685
15.04 -0.145492
15.05 -0.147156
15.06 -0.148671
15.07 -0.150032
15.08 -0.151235
15.09 -0.152275
15.1 -0.153149
15.11 -0.153852
15.12 -0.154383
15.13 -0.154738
15.14 -0.154915
15.15 -0.154914
15.16 -0.154732
15.17 -0.15437
15.18 -0.153827
15.19 -0.153103
15.2 -0.1522
15.21 -0.151117
15.22 -0.149857
15.23 -0.14842
15.24 -0.146808
15.25 -0.145023
15.26 -0.143068
15.27 -0.140944
15.28 -0.138656
15.29 -0.136205
15.3 -0.133595
15.31 -0.130829
15.32 -0.127911
15.33 -0.124843
15.34 -0.121629
15.35 -0.118273
15.36 -0.114779
15.37 -0.111152
15.38 -0.107394
15.39 -0.103512
15.4 -0.0995083
15.41 -0.0953889
15.42 -0.0911578
15.43 -0.0868198
15.44 -0.0823792
15.45 -0.0778405
15.46 -0.073208
15.47 -0.068486
15.48 -0.0636792
15.49 -0.0587921
15.5 -0.0538295
15.51 -0.0487964
15.52 -0.043698
15.53 -0.0385397
15.54 -0.0333272
15.55 -0.0280661
15.56 -0.0227622
15.57 -0.0174211
15.58 -0.0120489
15.59 -0.00665129
15.6 -0.00123433
15.61 0.00419581
15.62 0.00963265
15.63 0.0150693
15.64 0.0204986
15.65 0.0259128
15.66 0.031304
15.67 0.036664
15.68 0.0419843
15.69 0.0472566
15.7 0.0524728
15.71 0.0576251
15.72 0.062706
15.73 0.0677085
15.74 0.0726264
15.75 0.0774537
15.76 0.0821853
15.77 0.0868169
15.78 0.0913444
15.79 0.0957646
15.8 0.100075
15.81 0.104273
15.82 0.108356
15.83 0.112323
15.84 0.116172
15.85 0.119901
15.86 0.123508
15.87 0.126989
15.88 0.130343
15.89 0.133566
15.9 0.136654
15.91 0.139605
15.92 0.142413
15.93 0.145076
15.94 0.14759
15.95 0.149951
15.96 0.152156
15.97 0.154202
15.98 0.156086
15.99 0.157806
16 0.159359
16.01 0.160746
16.02 0.161963
16.03 0.163012
16.04 0.16389
16.05 0.164598
16.06 0.165137
16.07 0.165507
16.08 0.165709
16.09 0.165745
16.1 0.165615
16.11 0.165322
16.12 0.164866
16.13 0.164249
16.14 0.163471
16.15 0.162534
16.16 0.161439
16.17 0.160185
16.18 0.158774
16.19 0.157205
16.2 0.155479
16.21 0.153597
16.22 0.151559
16.23 0.149367
16.24 0.147021
16.25 0.144523
16.26 0.141876
16.27 0.139082
16.28 0.136144
16.29 0.133065
16.3 0.129848
16.31 0.126499
16.32 0.12302
16.33 0.119417
16.34 0.115695
16.35 0.111858
16.36 0.10791
16.37 0.103858
16.38 0.0997048
16.39 0.0954562
16.4 0.0911165
16.41 0.0866905
16.42 0.0821827
16.43 0.0775973
16.44 0.0729389
16.45 0.068212
16.46 0.0634211
16.47 0.0585707
16.48 0.0536654
16.49 0.0487099
16.5 0.0437091
16.51 0.038668
16.52 0.0335915
16.53 0.028485
16.54 0.0233536
16.55 0.0182027
16.56 0.0130376
16.57 0.00786358
16.58 0.00268597
16.59 -0.00249001
16.6 -0.00765949
16.61 -0.0128175
16.62 -0.0179593
16.63 -0.0230804
16.64 -0.0281765
16.65 -0.0332434
16.66 -0.0382771
16.67 -0.0432735
16.68 -0.0482286
16.69 -0.0531385
16.7 -0.0579991
16.71 -0.0628062
16.72 -0.0675557
16.73 -0.0722433
16.74 -0.0768647
16.75 -0.0814156
16.76 -0.0858915
16.77 -0.0902878
16.78 -0.0946001
16.79 -0.0988237
16.8 -0.102954
16.81 -0.106986
16.82 -0.110915
16.83 -0.114737
16.84 -0.118447
16.85 -0.12204
16.86 -0.125511
16.87 -0.128857
16.88 -0.132072
16.89 -0.135153
16.9 -0.138095
16.91 -0.140896
16.92 -0.143552
16.93 -0.14606
16.94 -0.148418
16.95 -0.150624
16.96 -0.152677
16.97 -0.154576
16.98 -0.156319
16.99 -0.157907
17 -0.15934
17.01 -0.160616
17.02 -0.161737
17.03 -0.162701
17.04 -0.163507
17.05 -0.164156
17.06 -0.164646
17.07 -0.164976
17.08 -0.165146
17.09 -0.165152
17.1 -0.164996
17.11 -0.164674
17.12 -0.164188
17.13 -0.163534
17.14 -0.162714
17.15 -0.161727
17.16 -0.160574
17.17 -0.159255
17.18 -0.157771
17.19 -0.156125
17.2 -0.154318
17.21 -0.152353
17.22 -0.150232
17.23 -0.147958
17.24 -0.145535
17.25 -0.142965
17.26 -0.140251
17.27 -0.137397
17.28 -0.134405
17.29 -0.13128
17.3 -0.128024
17.31 -0.124642
17.32 -0.121136
17.33 -0.11751
17.34 -0.113768
17.35 -0.109913
17.36 -0.105951
17.37 -0.101884
17.38 -0.0977165
17.39 -0.0934537
17.4 -0.0890998
17.41 -0.0846597
17.42 -0.0801383
17.43 -0.0755408
17.44 -0.0708723
17.45 -0.0661383
17.46 -0.0613442
17.47 -0.0564954
17.48 -0.0515976
17.49 -0.0466565
17.5 -0.0416776
17.51 -0.0366668
17.52 -0.0316296
17.53 -0.0265715
17.54 -0.0214982
17.55 -0.016415
17.56 -0.011327
17.57 -0.00623917
17.58 -0.00115645
17.59 0.00391642
17.6 0.00897485
17.61 0.0140143
17.62 0.0190302
17.63 0.024018
17.64 0.028973
17.65 0.0338908
17.66 0.0387665
17.67 0.0435953
17.68 0.0483726
17.69 0.0530934
17.7 0.0577528
17.71 0.0623462
17.72 0.0668686
17.73 0.0713153
17.74 0.0756818
17.75 0.0799634
17.76 0.0841559
17.77 0.088255
17.78 0.0922569
17.79 0.0961577
17.8 0.0999541
17.81 0.103643
17.82 0.107221
17.83 0.110687
17.84 0.114037
17.85 0.11727
17.86 0.120384
17.87 0.123377
17.88 0.126247
17.89 0.128994
17.9 0.131615
17.91 0.134109
17.92 0.136474
17.93 0.138709
17.94 0.140812
17.95 0.142781
17.96 0.144614
17.97 0.146309
17.98 0.147864
17.99 0.149279
18 0.15055
18.01 0.151676
18.02 0.152657
18.03 0.15349
18.04 0.154174
18.05 0.154709
18.06 0.155094
18.07 0.155328
18.08 0.15541
18.09 0.155341
18.1 0.155119
18.11 0.154746
18.12 0.154221
18.13 0.153545
18.14 0.152719
18.15 0.151743
18.16 0.15062
18.17 0.149351
18.18 0.147938
18.19 0.146385
18.2 0.144694
18.21 0.142868
18.22 0.140911
18.23 0.138827
18.24 0.136619
18.25 0.134289
18.26 0.131843
18.27 0.129281
18.28 0.126608
18.29 0.123826
18.3 0.120937
18.31 0.117944
18.32 0.114849
18.33 0.111655
18.34 0.108363
18.35 0.104977
18.36 0.101499
18.37 0.0979316
18.38 0.0942789
18.39 0.0905437
18.4 0.0867293
18.41 0.0828393
18.42 0.0788771
18.43 0.0748461
18.44 0.0707498
18.45 0.0665915
18.46 0.0623747
18.47 0.0581028
18.48 0.0537791
18.49 0.0494072
18.5 0.0449905
18.51 0.0405328
18.52 0.0360377
18.53 0.0315094
18.54 0.0269519
18.55 0.0223693
18.56 0.0177664
18.57 0.0131476
18.58 0.0085175
18.59 0.00388094
18.6 -0.000757159
18.61 -0.00539205
18.62 -0.0100189
18.63 -0.014633
18.64 -0.0192297
18.65 -0.0238045
18.66 -0.0283528
18.67 -0.0328703
18.68 -0.0373529
18.69 -0.0417965
18.7 -0.046197
18.71 -0.0505506
18.72 -0.0548535
18.73 -0.0591019
18.74 -0.0632923
18.75 -0.0674212
18.76 -0.0714849
18.77 -0.0754801
18.78 -0.0794032
18.79 -0.0832507
18.8 -0.0870189
18.81 -0.0907041
18.82 -0.0943024
18.83 -0.0978097
18.84 -0.101222
18.85 -0.104535
18.86 -0.107744
18.87 -0.110846
18.88 -0.113835
18.89 -0.116707
18.9 -0.119458
18.91 -0.122084
18.92 -0.124582
18.93 -0.126946
18.94 -0.129175
18.95 -0.131265
18.96 -0.133214
18.97 -0.135019
18.98 -0.136679
18.99 -0.138192
19 -0.139558
19.01 -0.140776
19.02 -0.141845
19.03 -0.142765
19.04 -0.143537
19.05 -0.14416
19.06 -0.144636
19.07 -0.144963
19.08 -0.145144
19.09 -0.145178
19.1 -0.145066
19.11 -0.14481
19.12 -0.144409
19.13 -0.143864
19.14 -0.143177
19.15 -0.142348
19.16 -0.141378
19.17 -0.140267
19.18 -0.139016
19.19 -0.137627
19.2 -0.1361
19.21 -0.134438
19.22 -0.132641
19.23 -0.130713
19.24 -0.128654
19.25 -0.126467
19.26 -0.124156
19.27 -0.121721
19.28 -0.119166
19.29 -0.116494
19.3 -0.113707
19.31 -0.110809
19.32 -0.107802
19.33 -0.10469
19.34 -0.101475
19.35 -0.0981618
19.36 -0.094753
19.37 -0.0912524
19.38 -0.0876637
19.39 -0.083991
19.4 -0.0802383
19.41 -0.07641
19.42 -0.0725104
19.43 -0.0685442
19.44 -0.064516
19.45 -0.0604305
19.46 -0.0562927
19.47 -0.0521075
19.48 -0.04788
19.49 -0.0436153
19.5 -0.0393187
19.51 -0.0349955
19.52 -0.0306507
19.53 -0.0262897
19.54 -0.0219174
19.55 -0.0175387
19.56 -0.0131583
19.57 -0.00878067
19.58 -0.00441009
19.59 -5.07129e-05
19.6 0.00429341
19.61 0.00861834
19.62 0.0129201
19.63 0.0171947
19.64 0.0214382
19.65 0.0256466
19.66 0.0298161
19.67 0.0339428
19.68 0.0380231
19.69 0.0420536
19.7 0.046031
19.71 0.0499523
19.72 0.0538143
19.73 0.0576146
19.74 0.0613503
19.75 0.0650189
19.76 0.0686179
19.77 0.0721448
19.78 0.0755973
19.79 0.0789727
19.8 0.0822686
19.81 0.0854824
19.82 0.0886115
19.83 0.0916534
19.84 0.0946056
19.85 0.0974654
19.86 0.10023
19.87 0.102898
19.88 0.105467
19.89 0.107934
19.9 0.110298
19.91 0.112556
19.92 0.114708
19.93 0.116751
19.94 0.118685
19.95 0.120508
19.96 0.122219
19.97 0.123816
19.98 0.1253
19.99 0.126668
20 0.127921
20.01 0.129057
20.02 0.130076
20.03 0.130978
20.04 0.131762
20.05 0.132428
20.06 0.132976
20.07 0.133406
20.08 0.133718
20.09 0.133913
20.1 0.13399
20.11 0.133951
20.12 0.133796
20.13 0.133526
20.14 0.133142
20.15 0.132644
20.16 0.132034
20.17 0.131311
20.18 0.130477
20.19 0.129531
20.2 0.128475
20.21 0.127308
20.22 0.126031
20.23 0.124645
20.24 0.123149
20.25 0.121544
20.26 0.119831
20.27 0.118011
20.28 0.116084
20.29 0.114052
20.3 0.111916
20.31 0.109676
20.32 0.107334
20.33 0.104891
20.34 0.102348
20.35 0.0997073
20.36 0.0969696
20.37 0.0941367
20.38 0.0912103
20.39 0.088192
20.4 0.0850838
20.41 0.0818877
20.42 0.0786055
20.43 0.0752395
20.44 0.0717919
20.45 0.068265
20.46 0.0646612
20.47 0.0609832
20.48 0.0572336
20.49 0.0534153
20.5 0.0495313
20.51 0.0455845
20.52 0.0415782
20.53 0.0375157
20.54 0.0334002
20.55 0.0292349
20.56 0.0250234
20.57 0.0207692
20.58 0.016476
20.59 0.0121475
20.6 0.00778754
20.61 0.00340034
20.62 -0.00100988
20.63 -0.00543881
20.64 -0.00988198
20.65 -0.0143349
20.66 -0.0187928
20.67 -0.0232512
20.68 -0.0277054
20.69 -0.0321508
20.7 -0.0365828
20.71 -0.0409969
20.72 -0.0453885
20.73 -0.0497532
20.74 -0.0540865
20.75 -0.0583843
20.76 -0.0626421
20.77 -0.0668558
20.78 -0.0710213
20.79 -0.0751343
20.8 -0.0791908
20.81 -0.0831868
20.82 -0.0871181
20.83 -0.0909806
20.84 -0.0947704
20.85 -0.0984835
20.86 -0.102116
20.87 -0.105664
20.88 -0.109123
20.89 -0.112489
20.9 -0.115759
20.91 -0.118929
20.92 -0.121995
20.93 -0.124952
20.94 -0.127796
20.95 -0.130524
20.96 -0.133132
20.97 -0.135616
20.98 -0.137971
20.99 -0.140194
21 -0.142281
21.01 -0.14423
21.02 -0.146036
21.03 -0.147698
21.04 -0.149211
21.05 -0.150574
21.06 -0.151785
21.07 -0.152841
21.08 -0.153741
21.09 -0.154484
21.1 -0.155068
21.11 -0.155492
21.12 -0.155756
21.13 -0.15586
21.14 -0.155803
21.15 -0.155585
21.16 -0.155208
21.17 -0.154672
21.18 -0.153979
21.19 -0.153128
21.2 -0.152122
21.21 -0.150963
21.22 -0.149651
21.23 -0.148188
21.24 -0.146577
21.25 -0.144819
21.26 -0.142915
21.27 -0.140868
21.28 -0.138679
21.29 -0.136351
21.3 -0.133885
21.31 -0.131284
21.32 -0.12855
21.33 -0.125687
21.34 -0.122696
21.35 -0.119581
21.36 -0.116346
21.37 -0.112993
21.38 -0.109527
21.39 -0.10595
21.4 -0.102268
21.41 -0.0984821
21.42 -0.094598
21.43 -0.0906196
21.44 -0.0865509
21.45 -0.0823964
21.46 -0.0781606
21.47 -0.0738481
21.48 -0.0694638
21.49 -0.0650124
21.5 -0.060499
21.51 -0.0559284
21.52 -0.0513059
21.53 -0.0466363
21.54 -0.0419248
21.55 -0.0371763
21.56 -0.0323956
21.57 -0.0275876
21.58 -0.0227572
21.59 -0.017909
21.6 -0.0130477
21.61 -0.00817791
21.62 -0.00330409
21.63 0.00156914
21.64 0.00643724
21.65 0.0112956
21.66 0.0161395
21.67 0.0209645
21.68 0.0257657
21.69 0.0305383
21.7 0.0352778
21.71 0.0399792
21.72 0.044638
21.73 0.0492496
21.74 0.0538094
21.75 0.0583129
21.76 0.0627559
21.77 0.067134
21.78 0.0714432
21.79 0.0756795
21.8 0.079839
21.81 0.0839179
21.82 0.0879125
21.83 0.0918193
21.84 0.0956349
21.85 0.0993559
21.86 0.102979
21.87 0.106502
21.88 0.10992
21.89 0.113232
21.9 0.116435
21.91 0.119525
21.92 0.122501
21.93 0.125359
21.94 0.128097
21.95 0.130713
21.96 0.133203
21.97 0.135567
21.98 0.137801
21.99 0.139903
22 0.141872
22.01 0.143705
22.02 0.145401
22.03 0.146959
22.04 0.148377
22.05 0.149654
22.06 0.15079
22.07 0.151783
22.08 0.152633
22.09 0.153339
22.1 0.153901
22.11 0.15432
22.12 0.154594
22.13 0.154725
22.14 0.154712
22.15 0.154556
22.16 0.154257
22.17 0.153817
22.18 0.153235
22.19 0.152513
22.2 0.151651
22.21 0.150652
22.22 0.149515
22.23 0.148242
22.24 0.146834
22.25 0.145294
22.26 0.143621
22.27 0.141818
22.28 0.139886
22.29 0.137826
22.3 0.13564
22.31 0.133329
22.32 0.130895
22.33 0.12834
22.34 0.125665
22.35 0.122871
22.36 0.119962
22.37 0.116939
22.38 0.113805
22.39 0.110561
22.4 0.107212
22.41 0.103758
22.42 0.100204
22.43 0.0965517
22.44 0.0928043
22.45 0.0889649
22.46 0.0850366
22.47 0.0810225
22.48 0.076926
22.49 0.0727505
22.5 0.0684996
22.51 0.064177
22.52 0.0597865
22.53 0.055332
22.54 0.0508178
22.55 0.0462481
22.56 0.0416271
22.57 0.0369594
22.58 0.0322495
22.59 0.0275019
22.6 0.0227213
22.61 0.0179123
22.62 0.0130796
22.63 0.00822803
22.64 0.00336219
22.65 -0.00151318
22.66 -0.00639333
22.67 -0.0112735
22.68 -0.0161489
22.69 -0.0210146
22.7 -0.0258659
22.71 -0.030698
22.72 -0.0355059
22.73 -0.0402849
22.74 -0.04503
22.75 -0.0497364
22.76 -0.0543993
22.77 -0.0590138
22.78 -0.0635753
22.79 -0.0680791
22.8 -0.0725205
22.81 -0.076895
22.82 -0.0811983
22.83 -0.0854259
22.84 -0.0895737
22.85 -0.0936374
22.86 -0.0976129
22.87 -0.101496
22.88 -0.105284
22.89 -0.108971
22.9 -0.112554
22.91 -0.116029
22.92 -0.119393
22.93 -0.122641
22.94 -0.125771
22.95 -0.128779
22.96 -0.131661
22.97 -0.134414
22.98 -0.137036
22.99 -0.139524
23 -0.141873
23.01 -0.144083
23.02 -0.14615
23.03 -0.148071
23.04 -0.149844
23.05 -0.151467
23.06 -0.152937
23.07 -0.154253
23.08 -0.155411
23.09 -0.156409
23.1 -0.157247
23.11 -0.157922
23.12 -0.158434
23.13 -0.15878
23.14 -0.158959
23.15 -0.158973
23.16 -0.158819
23.17 -0.158499
23.18 -0.158013
23.19 -0.15736
23.2 -0.156543
23.21 -0.155562
23.22 -0.154419
23.23 -0.153114
23.24 -0.151651
23.25 -0.150031
23.26 -0.148256
23.27 -0.146327
23.28 -0.144248
23.29 -0.14202
23.3 -0.139646
23.31 -0.137128
23.32 -0.134468
23.33 -0.131669
23.34 -0.128734
23.35 -0.125665
23.36 -0.122466
23.37 -0.119138
23.38 -0.115685
23.39 -0.11211
23.4 -0.108416
23.41 -0.104608
23.42 -0.100689
23.43 -0.0966619
23.44 -0.0925322
23.45 -0.0883038
23.46 -0.0839812
23.47 -0.079569
23.48 -0.0750719
23.49 -0.0704948
23.5 -0.0658426
23.51 -0.0611205
23.52 -0.0563336
23.53 -0.0514871
23.54 -0.0465865
23.55 -0.041637
23.56 -0.0366442
23.57 -0.0316133
23.58 -0.02655
23.59 -0.0214595
23.6 -0.0163474
23.61 -0.0112192
23.62 -0.00608022
23.63 -0.000935947
23.64 0.00420813
23.65 0.00934643
23.66 0.0144734
23.67 0.0195834
23.68 0.024671
23.69 0.0297305
23.7 0.0347564
23.71 0.0397429
23.72 0.0446848
23.73 0.0495765
23.74 0.0544126
23.75 0.0591879
23.76 0.0638972
23.77 0.0685356
23.78 0.0730983
23.79 0.0775805
23.8 0.0819779
23.81 0.0862862
23.82 0.0905011
23.83 0.0946188
23.84 0.0986355
23.85 0.102547
23.86 0.106351
23.87 0.110043
23.88 0.11362
23.89 0.117079
23.9 0.120415
23.91 0.123627
23.92 0.126711
23.93 0.129664
23.94 0.132482
23.95 0.135164
23.96 0.137706
23.97 0.140105
23.98 0.142361
23.99 0.144469
24 0.146428
24.01 0.148238
24.02 0.149895
24.03 0.151399
24.04 0.152749
24.05 0.153943
24.06 0.154982
24.07 0.155864
24.08 0.15659
24.09 0.157159
24.1 0.157571
24.11 0.157826
24.12 0.157925
24.13 0.157868
24.14 0.157655
24.15 0.157287
24.16 0.156765
24.17 0.15609
24.18 0.155262
24.19 0.154282
24.2 0.153153
24.21 0.151874
24.22 0.150449
24.23 0.148878
24.24 0.147164
24.25 0.145309
24.26 0.143314
24.27 0.141182
24.28 0.138916
24.29 0.136518
24.3 0.13399
24.31 0.131334
24.32 0.128555
24.33 0.125654
24.34 0.122635
24.35 0.119501
24.36 0.116254
24.37 0.112899
24.38 0.109439
24.39 0.105877
24.4 0.102217
24.41 0.0984624
24.42 0.0946179
24.43 0.090687
24.44 0.0866735
24.45 0.0825813
24.46 0.0784143
24.47 0.0741765
24.48 0.0698717
24.49 0.065504
24.5 0.0610773
24.51 0.0565958
24.52 0.0520633
24.53 0.0474843
24.54 0.0428629
24.55 0.0382035
24.56 0.0335108
24.57 0.0287891
24.58 0.0240433
24.59 0.0192782
24.6 0.0144986
24.61 0.00970978
24.62 0.00491666
24.63 0.000124433
24.64 -0.00466172
24.65 -0.00943678
24.66 -0.0141957
24.67 -0.0189335
24.68 -0.0236454
24.69 -0.0283268
24.7 -0.0329731
24.71 -0.0375802
24.72 -0.0421436
24.73 -0.0466596
24.74 -0.051124
24.75 -0.055533
24.76 -0.059883
24.77 -0.0641701
24.78 -0.0683906
24.79 -0.072541
24.8 -0.0766176
24.81 -0.0806169
24.82 -0.0845353
24.83 -0.0883693
24.84 -0.0921157
24.85 -0.095771
24.86 -0.0993319
24.87 -0.102795
24.88 -0.106157
24.89 -0.109415
24.9 -0.112566
24.91 -0.115606
24.92 -0.118533
24.93 -0.121343
24.94 -0.124033
24.95 -0.1266
24.96 -0.129042
24.97 -0.131357
24.98 -0.133541
24.99 -0.135592
25 -0.137509
25.01 -0.13929
25.02 -0.140932
25.03 -0.142435
25.04 -0.143797
25.05 -0.145016
25.06 -0.146092
25.07 -0.147023
25.08 -0.147808
25.09 -0.148447
25.1 -0.148939
25.11 -0.149284
25.12 -0.149479
25.13 -0.149527
25.14 -0.149425
25.15 -0.149174
25.16 -0.148773
25.17 -0.148224
25.18 -0.147526
25.19 -0.146679
25.2 -0.145685
25.21 -0.144544
25.22 -0.143258
25.23 -0.141827
25.24 -0.140255
25.25 -0.138541
25.26 -0.136689
25.27 -0.1347
25.28 -0.132577
25.29 -0.130323
25.3 -0.127939
25.31 -0.125429
25.32 -0.122795
25.33 -0.120041
25.34 -0.117169
25.35 -0.114181
25.36 -0.111082
25.37 -0.107874
25.38 -0.10456
25.39 -0.101144
25.4 -0.0976286
25.41 -0.0940178
25.42 -0.090315
25.43 -0.0865238
25.44 -0.0826479
25.45 -0.0786912
25.46 -0.0746575
25.47 -0.0705509
25.48 -0.0663755
25.49 -0.0621354
25.5 -0.057835
25.51 -0.0534786
25.52 -0.0490707
25.53 -0.0446158
25.54 -0.0401185
25.55 -0.0355835
25.56 -0.0310155
25.57 -0.0264193
25.58 -0.0217997
25.59 -0.0171618
25.6 -0.0125104
25.61 -0.00785051
25.62 -0.00318717
25.63 0.00147459
25.64 0.00612978
25.65 0.0107733
25.66 0.0154003
25.67 0.0200057
25.68 0.0245847
25.69 0.0291327
25.7 0.0336449
25.71 0.0381168
25.72 0.0425439
25.73 0.0469219
25.74 0.0512465
25.75 0.0555136
25.76 0.0597191
25.77 0.0638589
25.78 0.0679291
25.79 0.071926
25.8 0.0758457
25.81 0.0796847
25.82 0.0834393
25.83 0.0871062
25.84 0.0906822
25.85 0.0941638
25.86 0.0975481
25.87 0.100832
25.88 0.104013
25.89 0.107087
25.9 0.110052
25.91 0.112906
25.92 0.115645
25.93 0.118267
25.94 0.12077
25.95 0.123151
25.96 0.125407
25.97 0.127536
25.98 0.129537
25.99 0.131407
26 0.133143
26.01 0.134745
26.02 0.13621
26.03 0.137537
26.04 0.138725
26.05 0.139772
26.06 0.140677
26.07 0.14144
26.08 0.142059
26.09 0.142536
26.1 0.142868
26.11 0.143056
26.12 0.143101
26.13 0.143002
26.14 0.14276
26.15 0.142376
26.16 0.14185
26.17 0.141183
26.18 0.140377
26.19 0.139432
26.2 0.13835
26.21 0.137132
26.22 0.13578
26.23 0.134295
26.24 0.132679
26.25 0.130933
26.26 0.129061
26.27 0.127063
26.28 0.124941
26.29 0.122699
26.3 0.120338
26.31 0.117861
26.32 0.115271
26.33 0.11257
26.34 0.109762
26.35 0.10685
26.36 0.103836
26.37 0.100724
26.38 0.0975184
26.39 0.0942212
26.4 0.0908364
26.41 0.0873674
26.42 0.0838178
26.43 0.080191
26.44 0.0764906
26.45 0.0727201
26.46 0.0688831
26.47 0.0649832
26.48 0.061024
26.49 0.0570092
26.5 0.0529427
26.51 0.0488282
26.52 0.0446694
26.53 0.0404704
26.54 0.0362351
26.55 0.0319674
26.56 0.0276713
26.57 0.0233508
26.58 0.0190097
26.59 0.0146523
26.6 0.0102823
26.61 0.00590393
26.62 0.0015213
26.63 -0.00286158
26.64 -0.00724038
26.65 -0.011611
26.66 -0.0159691
26.67 -0.0203104
26.68 -0.0246308
26.69 -0.028926
26.7 -0.0331918
26.71 -0.0374243
26.72 -0.0416192
26.73 -0.0457729
26.74 -0.0498814
26.75 -0.0539411
26.76 -0.0579483
26.77 -0.0618993
26.78 -0.0657906
26.79 -0.0696188
26.8 -0.0733803
26.81 -0.0770718
26.82 -0.08069
26.83 -0.0842314
26.84 -0.0876928
26.85 -0.091071
26.86 -0.094363
26.87 -0.0975658
26.88 -0.100676
26.89 -0.103692
26.9 -0.10661
26.91 -0.109428
26.92 -0.112143
26.93 -0.114753
26.94 -0.117256
26.95 -0.119649
26.96 -0.12193
26.97 -0.124098
26.98 -0.126151
26.99 -0.128085
27 -0.1299
27.01 -0.131593
27.02 -0.133163
27.03 -0.134608
27.04 -0.135926
27.05 -0.137117
27.06 -0.138178
27.07 -0.139108
27.08 -0.139907
27.09 -0.140572
27.1 -0.141105
27.11 -0.141502
27.12 -0.141765
27.13 -0.141892
27.14 -0.141883
27.15 -0.141737
27.16 -0.141455
27.17 -0.141035
27.18 -0.140478
27.19 -0.139784
27.2 -0.138952
27.21 -0.137984
27.22 -0.13688
27.23 -0.13564
27.24 -0.134266
27.25 -0.132758
27.26 -0.131118
27.27 -0.129348
27.28 -0.127448
27.29 -0.125422
27.3 -0.12327
27.31 -0.120996
27.32 -0.1186
27.33 -0.116086
27.34 -0.113456
27.35 -0.110712
27.36 -0.107856
27.37 -0.104892
27.38 -0.101821
27.39 -0.0986465
27.4 -0.0953712
27.41 -0.0919979
27.42 -0.0885295
27.43 -0.0849693
27.44 -0.0813205
27.45 -0.0775863
27.46 -0.0737702
27.47 -0.0698758
27.48 -0.0659068
27.49 -0.0618671
27.5 -0.0577606
27.51 -0.0535913
27.52 -0.0493636
27.53 -0.0450816
27.54 -0.0407497
27.55 -0.0363724
27.56 -0.0319541
27.57 -0.0274994
27.58 -0.0230128
27.59 -0.0184988
27.6 -0.013962
27.61 -0.0094068
27.62 -0.0048379
27.63 -0.000259724
27.64 0.00432322
27.65 0.00890636
27.66 0.0134851
27.67 0.018055
27.68 0.0226113
27.69 0.0271496
27.7 0.0316652
27.71 0.0361536
27.72 0.0406104
27.73 0.0450308
27.74 0.0494106
27.75 0.0537453
27.76 0.0580305
27.77 0.0622618
27.78 0.066435
27.79 0.070546
27.8 0.0745905
27.81 0.0785645
27.82 0.082464
27.83 0.086285
27.84 0.0900238
27.85 0.0936764
27.86 0.0972391
27.87 0.100708
27.88 0.10408
27.89 0.107351
27.9 0.110518
27.91 0.113577
27.92 0.116525
27.93 0.119359
27.94 0.122075
27.95 0.12467
27.96 0.127141
27.97 0.129486
27.98 0.131701
27.99 0.133785
28 0.135734
28.01 0.137546
28.02 0.13922
28.03 0.140752
28.04 0.142142
28.05 0.143387
28.06 0.144486
28.07 0.145438
28.08 0.146242
28.09 0.146898
28.1 0.147403
28.11 0.147759
28.12 0.147964
28.13 0.148019
28.14 0.147923
28.15 0.147678
28.16 0.147283
28.17 0.146738
28.18 0.146045
28.19 0.145204
28.2 0.144216
28.21 0.143082
28.22 0.141803
28.23 0.140381
28.24 0.138817
28.25 0.137112
28.26 0.135268
28.27 0.133287
28.28 0.131172
28.29 0.128923
28.3 0.126544
28.31 0.124038
28.32 0.121406
28.33 0.118651
28.34 0.115777
28.35 0.112786
28.36 0.109682
28.37 0.106468
28.38 0.103147
28.39 0.0997219
28.4 0.096197
28.41 0.0925758
28.42 0.0888618
28.43 0.085059
28.44 0.0811713
28.45 0.0772028
28.46 0.0731577
28.47 0.0690403
28.48 0.0648553
28.49 0.0606071
28.5 0.0563003
28.51 0.0519399
28.52 0.0475303
28.53 0.0430765
28.54 0.0385833
28.55 0.0340553
28.56 0.0294973
28.57 0.024914
28.58 0.0203101
28.59 0.0156901
28.6 0.0110586
28.61 0.00642003
28.62 0.00177889
28.63 -0.00286033
28.64 -0.00749316
28.65 -0.0121151
28.66 -0.0167218
28.67 -0.0213087
28.68 -0.0258713
28.69 -0.0304051
28.7 -0.0349058
28.71 -0.0393691
28.72 -0.0437905
28.73 -0.0481659
28.74 -0.0524913
28.75 -0.0567626
28.76 -0.0609759
28.77 -0.0651274
28.78 -0.0692135
28.79 -0.0732304
28.8 -0.0771747
28.81 -0.0810427
28.82 -0.084831
28.83 -0.0885362
28.84 -0.0921549
28.85 -0.0956838
28.86 -0.0991196
28.87 -0.102459
28.88 -0.105699
28.89 -0.108837
28.9 -0.11187
28.91 -0.114794
28.92 -0.117607
28.93 -0.120307
28.94 -0.12289
28.95 -0.125355
28.96 -0.1277
28.97 -0.129922
28.98 -0.132019
28.99 -0.133989
29 -0.135831
29.01 -0.137542
29.02 -0.139122
29.03 -0.140568
29.04 -0.14188
29.05 -0.143056
29.06 -0.144096
29.07 -0.144998
29.08 -0.145761
29.09 -0.146386
29.1 -0.146871
29.11 -0.147216
29.12 -0.147421
29.13 -0.147486
29.14 -0.147411
29.15 -0.147195
29.16 -0.14684
29.17 -0.146345
29.18 -0.145711
29.19 -0.144938
29.2 -0.144028
29.21 -0.142982
29.22 -0.141799
29.23 -0.140482
29.24 -0.139032
29.25 -0.13745
29.26 -0.135737
29.27 -0.133895
29.28 -0.131925
29.29 -0.129831
29.3 -0.127612
29.31 -0.125271
29.32 -0.122811
29.33 -0.120233
29.34 -0.11754
29.35 -0.114734
29.36 -0.111817
29.37 -0.108793
29.38 -0.105663
29.39 -0.102431
29.4 -0.0991
29.41 -0.0956721
29.42 -0.0921507
29.43 -0.0885388
29.44 -0.0848395
29.45 -0.0810559
29.46 -0.0771914
29.47 -0.0732491
29.48 -0.0692325
29.49 -0.0651451
29.5 -0.0609906
29.51 -0.0567725
29.52 -0.0524948
29.53 -0.0481615
29.54 -0.0437764
29.55 -0.0393437
29.56 -0.0348677
29.57 -0.0303527
29.58 -0.0258029
29.59 -0.0212228
29.6 -0.0166168
29.61 -0.0119894
29.62 -0.00734513
29.63 -0.00268858
29.64 0.0019757
29.65 0.006643
29.66 0.0113086
29.67 0.0159678
29.68 0.0206157
29.69 0.0252474
29.7 0.0298581
29.71 0.0344428
29.72 0.0389968
29.73 0.0435152
29.74 0.0479933
29.75 0.0524266
29.76 0.0568106
29.77 0.0611409
29.78 0.0654134
29.79 0.0696238
29.8 0.0737682
29.81 0.0778425
29.82 0.0818428
29.83 0.0857651
29.84 0.0896057
29.85 0.0933607
29.86 0.0970263
29.87 0.100599
29.88 0.104075
29.89 0.10745
29.9 0.110721
29.91 0.113885
29.92 0.116939
29.93 0.119878
29.94 0.1227
29.95 0.125402
29.96 0.127982
29.97 0.130435
29.98 0.132759
29.99 0.134953
30 0.137012
30.01 0.138936
30.02 0.140721
30.03 0.142367
30.04 0.143869
30.05 0.145228
30.06 0.146441
30.07 0.147506
30.08 0.148422
30.09 0.149188
30.1 0.149804
30.11 0.150267
30.12 0.150577
30.13 0.150734
30.14 0.150737
30.15 0.150586
30.16 0.150282
30.17 0.149823
30.18 0.149212
30.19 0.148447
30.2 0.147529
30.21 0.146461
30.22 0.145241
30.23 0.143873
30.24 0.142356
30.25 0.140693
30.26 0.138885
30.27 0.136934
30.28 0.134842
30.29 0.13261
30.3 0.130242
30.31 0.127739
30.32 0.125104
30.33 0.122339
30.34 0.119448
30.35 0.116433
30.36 0.113297
30.37 0.110044
30.38 0.106676
30.39 0.103197
30.4 0.0996104
30.41 0.0959201
30.42 0.0921296
30.43 0.0882429
30.44 0.0842639
30.45 0.0801967
30.46 0.0760454
30.47 0.0718143
30.48 0.0675076
30.49 0.0631298
30.5 0.0586853
30.51 0.0541788
30.52 0.0496148
30.53 0.0449983
30.54 0.040334
30.55 0.0356269
30.56 0.0308821
30.57 0.0261048
30.58 0.0212999
30.59 0.0164728
30.6 0.0116286
30.61 0.00677264
30.62 0.00190998
30.63 -0.00295416
30.64 -0.00781466
30.65 -0.0126664
30.66 -0.0175043
30.67 -0.0223233
30.68 -0.0271185
30.69 -0.031885
30.7 -0.0366179
30.71 -0.0413124
30.72 -0.0459636
30.73 -0.0505668
30.74 -0.0551174
30.75 -0.0596107
30.76 -0.0640422
30.77 -0.0684075
30.78 -0.0727021
30.79 -0.0769218
30.8 -0.0810623
30.81 -0.0851194
30.82 -0.089089
30.83 -0.0929673
30.84 -0.0967501
30.85 -0.100434
30.86 -0.104015
30.87 -0.107489
30.88 -0.110853
30.89 -0.114105
30.9 -0.117239
30.91 -0.120254
30.92 -0.123146
30.93 -0.125912
30.94 -0.128551
30.95 -0.131059
30.96 -0.133434
30.97 -0.135674
30.98 -0.137776
30.99 -0.13974
31 -0.141563
31.01 -0.143244
31.02 -0.14478
31.03 -0.146172
31.04 -0.147418
31.05 -0.148516
31.06 -0.149466
31.07 -0.150267
31.08 -0.150918
31.09 -0.151419
31.1 -0.151768
31.11 -0.151967
31.12 -0.152014
31.13 -0.151911
31.14 -0.151656
31.15 -0.15125
31.16 -0.150694
31.17 -0.149989
31.18 -0.149135
31.19 -0.148134
31.2 -0.146988
31.21 -0.145696
31.22 -0.144262
31.23 -0.142686
31.24 -0.140971
31.25 -0.139118
31.26 -0.13713
31.27 -0.135009
31.28 -0.132757
31.29 -0.130377
31.3 -0.12787
31.31 -0.12524
31.32 -0.122489
31.33 -0.11962
31.34 -0.116635
31.35 -0.113538
31.36 -0.110332
31.37 -0.107019
31.38 -0.103603
31.39 -0.100087
31.4 -0.0964752
31.41 -0.0927706
31.42 -0.0889769
31.43 -0.0850979
31.44 -0.0811374
31.45 -0.0770993
31.46 -0.0729876
31.47 -0.0688066
31.48 -0.0645602
31.49 -0.0602527
31.5 -0.0558883
31.51 -0.0514714
31.52 -0.0470065
31.53 -0.0424977
31.54 -0.0379497
31.55 -0.0333668
31.56 -0.0287536
31.57 -0.0241144
31.58 -0.0194539
31.59 -0.0147766
31.6 -0.010087
31.61 -0.00538963
31.62 -0.000689017
31.63 0.00401021
31.64 0.00870355
31.65 0.0133864
31.66 0.0180542
31.67 0.0227024
31.68 0.0273264
31.69 0.0319217
31.7 0.0364838
31.71 0.0410082
31.72 0.0454904
31.73 0.049926
31.74 0.0543107
31.75 0.0586402
31.76 0.0629103
31.77 0.0671169
31.78 0.0712561
31.79 0.0753239
31.8 0.0793164
31.81 0.08323
31.82 0.0870611
31.83 0.0908061
31.84 0.0944617
31.85 0.0980244
31.86 0.101491
31.87 0.104859
31.88 0.108124
31.89 0.111284
31.9 0.114335
31.91 0.117276
31.92 0.120103
31.93 0.122814
31.94 0.125405
31.95 0.127875
31.96 0.130221
31.97 0.13244
31.98 0.134532
31.99 0.136492
32 0.13832
32.01 0.140013
32.02 0.141571
32.03 0.14299
32.04 0.14427
32.05 0.14541
32.06 0.146408
32.07 0.147263
32.08 0.147975
32.09 0.148543
32.1 0.148966
32.11 0.149245
32.12 0.149378
32.13 0.149366
32.14 0.149209
32.15 0.148907
32.16 0.14846
32.17 0.147869
32.18 0.147134
32.19 0.146256
32.2 0.145236
32.21 0.144075
32.22 0.142773
32.23 0.141333
32.24 0.139756
32.25 0.138042
32.26 0.136195
32.27 0.134215
32.28 0.132105
32.29 0.129866
32.3 0.127502
32.31 0.125013
32.32 0.122403
32.33 0.119674
32.34 0.116829
32.35 0.11387
32.36 0.1108
32.37 0.107623
32.38 0.104341
32.39 0.100958
32.4 0.0974776
32.41 0.0939022
32.42 0.0902359
32.43 0.086482
32.44 0.0826443
32.45 0.0787264
32.46 0.0747322
32.47 0.0706654
32.48 0.0665298
32.49 0.0623296
32.5 0.0580688
32.51 0.0537514
32.52 0.0493817
32.53 0.044964
32.54 0.0405027
32.55 0.0360021
32.56 0.0314669
32.57 0.0269016
32.58 0.0223107
32.59 0.017699
32.6 0.0130712
32.61 0.00843206
32.62 0.00378635
32.63 -0.000861113
32.64 -0.00550548
32.65 -0.0101419
32.66 -0.0147656
32.67 -0.0193717
32.68 -0.0239554
32.69 -0.028512
32.7 -0.0330366
32.71 -0.0375247
32.72 -0.0419717
32.73 -0.0463731
32.74 -0.0507245
32.75 -0.0550217
32.76 -0.0592606
32.77 -0.0634371
32.78 -0.0675474
32.79 -0.0715875
32.8 -0.0755539
32.81 -0.0794429
32.82 -0.0832509
32.83 -0.0869743
32.84 -0.0906097
32.85 -0.0941537
32.86 -0.0976028
32.87 -0.100954
32.88 -0.104203
32.89 -0.107348
32.9 -0.110385
32.91 -0.113312
32.92 -0.116125
32.93 -0.118822
32.94 -0.1214
32.95 -0.123857
32.96 -0.126191
32.97 -0.128398
32.98 -0.130478
32.99 -0.132429
33 -0.134247
33.01 -0.135932
33.02 -0.137482
33.03 -0.138896
33.04 -0.140172
33.05 -0.141309
33.06 -0.142306
33.07 -0.143162
33.08 -0.143876
33.09 -0.144448
33.1 -0.144876
33.11 -0.145162
33.12 -0.145303
33.13 -0.145301
33.14 -0.145155
33.15 -0.144866
33.16 -0.144433
33.17 -0.143857
33.18 -0.143139
33.19 -0.142279
33.2 -0.141279
33.21 -0.140139
33.22 -0.13886
33.23 -0.137443
33.24 -0.135891
33.25 -0.134205
33.26 -0.132386
33.27 -0.130437
33.28 -0.12836
33.29 -0.126156
33.3 -0.123828
33.31 -0.121379
33.32 -0.118811
33.33 -0.116127
33.34 -0.113329
33.35 -0.11042
33.36 -0.107404
33.37 -0.104282
33.38 -0.101059
33.39 -0.0977362
33.4 -0.0943184
33.41 -0.0908084
33.42 -0.0872096
33.43 -0.0835254
33.44 -0.0797596
33.45 -0.0759157
33.46 -0.0719974
33.47 -0.0680087
33.48 -0.0639534
33.49 -0.0598354
33.5 -0.0556588
33.51 -0.0514278
33.52 -0.0471463
33.53 -0.0428186
33.54 -0.038449
33.55 -0.0340418
33.56 -0.0296011
33.57 -0.0251316
33.58 -0.0206375
33.59 -0.0161232
33.6 -0.0115935
33.61 -0.00705264
33.62 -0.0025053
33.63 0.00204398
33.64 0.00659073
33.65 0.0111304
33.66 0.0156584
33.67 0.0201703
33.68 0.0246615
33.69 0.0291277
33.7 0.0335643
33.71 0.037967
33.72 0.0423315
33.73 0.0466534
33.74 0.0509284
33.75 0.0551524
33.76 0.0593212
33.77 0.0634308
33.78 0.0674772
33.79 0.0714565
33.8 0.0753649
33.81 0.0791985
33.82 0.0829538
33.83 0.0866272
33.84 0.0902152
33.85 0.0937142
33.86 0.0971211
33.87 0.100433
33.88 0.103646
33.89 0.106757
33.9 0.109764
33.91 0.112663
33.92 0.115452
33.93 0.118128
33.94 0.120689
33.95 0.123132
33.96 0.125455
33.97 0.127655
33.98 0.12973
33.99 0.131679
34 0.133499
34.01 0.135189
34.02 0.136746
34.03 0.13817
34.04 0.139459
34.05 0.140611
34.06 0.141625
34.07 0.142501
34.08 0.143237
34.09 0.143832
34.1 0.144286
34.11 0.144599
34.12 0.144769
34.13 0.144797
34.14 0.144684
34.15 0.144428
34.16 0.14403
34.17 0.143492
34.18 0.142813
34.19 0.141995
34.2 0.141038
34.21 0.139944
34.22 0.138713
34.23 0.137348
34.24 0.135849
34.25 0.134219
34.26 0.132458
34.27 0.130569
34.28 0.128553
34.29 0.126413
34.3 0.124151
34.31 0.121768
34.32 0.119266
34.33 0.116649
34.34 0.113919
34.35 0.111077
34.36 0.108127
34.37 0.105072
34.38 0.101915
34.39 0.0986579
34.4 0.0953045
34.41 0.0918579
34.42 0.0883214
34.43 0.0846985
34.44 0.0809928
34.45 0.0772078
34.46 0.0733472
34.47 0.0694149
34.48 0.0654148
34.49 0.0613509
34.5 0.0572272
34.51 0.0530478
34.52 0.048817
34.53 0.0445389
34.54 0.0402178
34.55 0.0358579
34.56 0.0314634
34.57 0.0270388
34.58 0.0225884
34.59 0.0181165
34.6 0.0136274
34.61 0.00912566
34.62 0.00461552
34.63 0.000101447
34.64 -0.00441217
34.65 -0.00892095
34.66 -0.0134204
34.67 -0.0179063
34.68 -0.0223741
34.69 -0.0268197
34.7 -0.0312387
34.71 -0.0356267
34.72 -0.0399797
34.73 -0.0442933
34.74 -0.0485636
34.75 -0.0527864
34.76 -0.0569577
34.77 -0.0610735
34.78 -0.0651298
34.79 -0.0691228
34.8 -0.0730486
34.81 -0.0769035
34.82 -0.0806837
34.83 -0.0843856
34.84 -0.0880056
34.85 -0.0915402
34.86 -0.0949861
34.87 -0.0983398
34.88 -0.101598
34.89 -0.104758
34.9 -0.107817
34.91 -0.110771
34.92 -0.113617
34.93 -0.116354
34.94 -0.118979
34.95 -0.121488
34.96 -0.12388
34.97 -0.126152
34.98 -0.128302
34.99 -0.130329
35 -0.132229
35.01 -0.134002
35.02 -0.135645
35.03 -0.137158
35.04 -0.138538
35.05 -0.139784
35.06 -0.140896
35.07 -0.141871
35.08 -0.142709
35.09 -0.14341
35.1 -0.143972
35.11 -0.144395
35.12 -0.144678
35.13 -0.144821
35.14 -0.144824
35.15 -0.144687
35.16 -0.14441
35.17 -0.143993
35.18 -0.143436
35.19 -0.14274
35.2 -0.141906
35.21 -0.140934
35.22 -0.139825
35.23 -0.13858
35.24 -0.137201
35.25 -0.135688
35.26 -0.134043
35.27 -0.132267
35.28 -0.130363
35.29 -0.128332
35.3 -0.126175
35.31 -0.123895
35.32 -0.121495
35.33 -0.118975
35.34 -0.116339
35.35 -0.11359
35.36 -0.110729
35.37 -0.10776
35.38 -0.104685
35.39 -0.101507
35.4 -0.0982296
35.41 -0.0948555
35.42 -0.0913881
35.43 -0.0878304
35.44 -0.0841859
35.45 -0.080458
35.46 -0.0766501
35.47 -0.0727658
35.48 -0.0688089
35.49 -0.0647831
35.5 -0.0606921
35.51 -0.0565399
35.52 -0.0523305
35.53 -0.0480679
35.54 -0.0437563
35.55 -0.0393998
35.56 -0.0350028
35.57 -0.0305695
35.58 -0.0261042
35.59 -0.0216115
35.6 -0.0170956
35.61 -0.0125612
35.62 -0.00801271
35.63 -0.0034546
35.64 0.00110849
35.65 0.00567213
35.66 0.0102317
35.67 0.0147826
35.68 0.0193203
35.69 0.0238404
35.7 0.0283382
35.71 0.0328092
35.72 0.0372492
35.73 0.0416536
35.74 0.046018
35.75 0.0503384
35.76 0.0546103
35.77 0.0588296
35.78 0.0629921
35.79 0.067094
35.8 0.071131
35.81 0.0750994
35.82 0.0789951
35.83 0.0828144
35.84 0.0865535
35.85 0.0902087
35.86 0.0937763
35.87 0.0972527
35.88 0.100635
35.89 0.103918
35.9 0.107101
35.91 0.110179
35.92 0.113149
35.93 0.116008
35.94 0.118753
35.95 0.121383
35.96 0.123892
35.97 0.12628
35.98 0.128544
35.99 0.130681
36 0.132689
36.01 0.134566
36.02 0.13631
36.03 0.137919
36.04 0.139392
36.05 0.140727
36.06 0.141923
36.07 0.142978
36.08 0.143891
36.09 0.144662
36.1 0.145289
36.11 0.145771
36.12 0.146109
36.13 0.146302
36.14 0.146348
36.15 0.14625
36.16 0.146005
36.17 0.145615
36.18 0.14508
36.19 0.1444
36.2 0.143576
36.21 0.142609
36.22 0.141499
36.23 0.140249
36.24 0.138858
36.25 0.137328
36.26 0.135661
36.27 0.133859
36.28 0.131923
36.29 0.129855
36.3 0.127656
36.31 0.125331
36.32 0.12288
36.33 0.120305
36.34 0.117611
36.35 0.114799
36.36 0.111871
36.37 0.108832
36.38 0.105684
36.39 0.102429
36.4 0.0990724
36.41 0.0956163
36.42 0.0920643
36.43 0.08842
36.44 0.0846871
36.45 0.0808694
36.46 0.0769705
36.47 0.0729945
36.48 0.0689453
36.49 0.0648271
36.5 0.0606439
36.51 0.0564002
36.52 0.0521001
36.53 0.0477481
36.54 0.0433486
36.55 0.0389063
36.56 0.0344256
36.57 0.0299112
36.58 0.0253677
36.59 0.0207996
36.6 0.0162115
36.61 0.0116083
36.62 0.00699443
36.63 0.00237456
36.64 -0.00224669
36.65 -0.0068647
36.66 -0.0114749
36.67 -0.0160726
36.68 -0.0206532
36.69 -0.0252122
36.7 -0.0297449
36.71 -0.0342468
36.72 -0.0387134
36.73 -0.0431401
36.74 -0.0475226
36.75 -0.0518563
36.76 -0.0561369
36.77 -0.0603603
36.78 -0.0645222
36.79 -0.0686186
36.8 -0.0726454
36.81 -0.0765985
36.82 -0.0804743
36.83 -0.0842689
36.84 -0.0879786
36.85 -0.0915997
36.86 -0.0951287
36.87 -0.0985621
36.88 -0.101897
36.89 -0.105129
36.9 -0.108256
36.91 -0.111274
36.92 -0.114181
36.93 -0.116974
36.94 -0.11965
36.95 -0.122207
36.96 -0.124641
36.97 -0.126951
36.98 -0.129135
36.99 -0.13119
37 -0.133115
37.01 -0.134907
37.02 -0.136564
37.03 -0.138087
37.04 -0.139471
37.05 -0.140718
37.06 -0.141824
37.07 -0.14279
37.08 -0.143614
37.09 -0.144296
37.1 -0.144834
37.11 -0.145229
37.12 -0.14548
37.13 -0.145587
37.14 -0.145549
37.15 -0.145368
37.16 -0.145042
37.17 -0.144574
37.18 -0.143963
37.19 -0.143209
37.2 -0.142315
37.21 -0.14128
37.22 -0.140106
37.23 -0.138795
37.24 -0.137346
37.25 -0.135763
37.26 -0.134046
37.27 -0.132198
37.28 -0.130219
37.29 -0.128113
37.3 -0.125881
37.31 -0.123526
37.32 -0.121049
37.33 -0.118454
37.34 -0.115742
37.35 -0.112917
37.36 -0.109981
37.37 -0.106937
37.38 -0.103789
37.39 -0.100538
37.4 -0.0971889
37.41 -0.0937444
37.42 -0.0902078
37.43 -0.0865827
37.44 -0.0828725
37.45 -0.079081
37.46 -0.0752117
37.47 -0.0712685
37.48 -0.0672552
37.49 -0.0631758
37.5 -0.0590344
37.51 -0.054835
37.52 -0.0505819
37.53 -0.0462792
37.54 -0.0419313
37.55 -0.0375426
37.56 -0.0331173
37.57 -0.0286599
37.58 -0.0241748
37.59 -0.0196666
37.6 -0.0151397
37.61 -0.0105985
37.62 -0.00604766
37.63 -0.00149161
37.64 0.00306518
37.65 0.0076182
37.66 0.012163
37.67 0.016695
37.68 0.0212099
37.69 0.0257031
37.7 0.0301703
37.71 0.0346071
37.72 0.0390092
37.73 0.0433721
37.74 0.0476917
37.75 0.0519638
37.76 0.0561842
37.77 0.0603487
37.78 0.0644534
37.79 0.0684941
37.8 0.0724671
37.81 0.0763684
37.82 0.0801943
37.83 0.083941
37.84 0.0876049
37.85 0.0911824
37.86 0.0946701
37.87 0.0980647
37.88 0.101363
37.89 0.104561
37.9 0.107656
37.91 0.110645
37.92 0.113526
37.93 0.116294
37.94 0.118948
37.95 0.121485
37.96 0.123902
37.97 0.126197
37.98 0.128367
37.99 0.130411
38 0.132326
38.01 0.134111
38.02 0.135763
38.03 0.137282
38.04 0.138665
38.05 0.139911
38.06 0.141019
38.07 0.141988
38.08 0.142817
38.09 0.143505
38.1 0.144051
38.11 0.144455
38.12 0.144716
38.13 0.144835
38.14 0.14481
38.15 0.144643
38.16 0.144333
38.17 0.14388
38.18 0.143286
38.19 0.14255
38.2 0.141673
38.21 0.140656
38.22 0.139501
38.23 0.138208
38.24 0.136778
38.25 0.135213
38.26 0.133514
38.27 0.131683
38.28 0.129722
38.29 0.127633
38.3 0.125417
38.31 0.123076
38.32 0.120614
38.33 0.118032
38.34 0.115333
38.35 0.11252
38.36 0.109594
38.37 0.10656
38.38 0.103421
38.39 0.100178
38.4 0.0968357
38.41 0.0933971
38.42 0.0898655
38.43 0.0862444
38.44 0.0825373
38.45 0.0787479
38.46 0.0748799
38.47 0.0709372
38.48 0.0669235
38.49 0.0628429
38.5 0.0586995
38.51 0.0544973
38.52 0.0502405
38.53 0.0459333
38.54 0.0415802
38.55 0.0371853
38.56 0.0327532
38.57 0.0282882
38.58 0.0237948
38.59 0.0192776
38.6 0.0147412
38.61 0.0101899
38.62 0.00562838
38.63 0.00106121
38.64 -0.00350703
38.65 -0.00807178
38.66 -0.0126285
38.67 -0.0171726
38.68 -0.0216997
38.69 -0.0262051
38.7 -0.0306845
38.71 -0.0351334
38.72 -0.0395473
38.73 -0.0439219
38.74 -0.048253
38.75 -0.0525361
38.76 -0.0567671
38.77 -0.0609417
38.78 -0.0650558
38.79 -0.0691054
38.8 -0.0730865
38.81 -0.0769951
38.82 -0.0808272
38.83 -0.0845792
38.84 -0.0882472
38.85 -0.0918276
38.86 -0.0953169
38.87 -0.0987116
38.88 -0.102008
38.89 -0.105204
38.9 -0.108295
38.91 -0.111278
38.92 -0.114151
38.93 -0.116911
38.94 -0.119554
38.95 -0.122079
38.96 -0.124483
38.97 -0.126763
38.98 -0.128917
38.99 -0.130943
39 -0.13284
39.01 -0.134604
39.02 -0.136235
39.03 -0.137731
39.04 -0.13909
39.05 -0.140311
39.06 -0.141393
39.07 -0.142335
39.08 -0.143135
39.09 -0.143794
39.1 -0.144309
39.11 -0.144682
39.12 -0.144912
39.13 -0.144997
39.14 -0.144939
39.15 -0.144738
39.16 -0.144393
39.17 -0.143906
39.18 -0.143276
39.19 -0.142504
39.2 -0.141591
39.21 -0.140539
39.22 -0.139348
39.23 -0.138019
39.24 -0.136553
39.25 -0.134953
39.26 -0.13322
39.27 -0.131355
39.28 -0.129361
39.29 -0.127239
39.3 -0.124992
39.31 -0.122622
39.32 -0.120131
39.33 -0.117521
39.34 -0.114796
39.35 -0.111957
39.36 -0.109009
39.37 -0.105953
39.38 -0.102793
39.39 -0.0995318
39.4 -0.0961727
39.41 -0.0927191
39.42 -0.0891743
39.43 -0.0855419
39.44 -0.0818253
39.45 -0.0780284
39.46 -0.0741548
39.47 -0.0702084
39.48 -0.0661929
39.49 -0.0621125
39.5 -0.0579712
39.51 -0.0537729
39.52 -0.049522
39.53 -0.0452225
39.54 -0.0408787
39.55 -0.036495
39.56 -0.0320756
39.57 -0.027625
39.58 -0.0231475
39.59 -0.0186476
39.6 -0.0141296
39.61 -0.00959807
39.62 -0.00505748
39.63 -0.000512269
39.64 0.00403301
39.65 0.00857394
39.66 0.013106
39.67 0.0176249
39.68 0.022126
39.69 0.026605
39.7 0.0310575
39.71 0.035479
39.72 0.0398653
39.73 0.044212
39.74 0.0485149
39.75 0.0527697
39.76 0.0569722
39.77 0.0611184
39.78 0.0652041
39.79 0.0692253
39.8 0.0731782
39.81 0.0770587
39.82 0.0808631
39.83 0.0845876
39.84 0.0882286
39.85 0.0917825
39.86 0.0952459
39.87 0.0986152
39.88 0.101887
39.89 0.105059
39.9 0.108127
39.91 0.111088
39.92 0.11394
39.93 0.116679
39.94 0.119303
39.95 0.12181
39.96 0.124196
39.97 0.12646
39.98 0.128599
39.99 0.130611
40 0.132494
