0.01 -52.6257
0.02 21.9706
0.03 -62.7203
0.04 7.25228
0.05 -6.49256
0.06 -77.0178
0.07 -70.4684
0.08 -89.8279
0.09 -107.337
0.1 -95.8934
0.11 -107.38
0.12 -167.345
0.13 -117.685
0.14 -117.064
0.15 -87.6466
0.16 -161.918
0.17 -156.05
0.18 -96.7502
0.19 -89.8054
0.2 -82.9397
0.21 -76.088
0.22 -95.0742
0.23 -139.289
0.24 -76.6557
0.25 -117.249
0.26 -49.6386
0.27 48.3182
0.28 -32.7149
0.29 76.965
0.3 36.3687
0.31 83.8931
0.32 168.484
0.33 291.587
0.34 296.457
0.35 473.638
0.36 481.846
0.37 637.759
0.38 836.42
0.39 972.424
0.4 1098.03
0.41 1317.97
0.42 1552.54
0.43 1800.71
0.44 1982.26
0.45 2280.13
0.46 2535.21
0.47 2772.84
0.48 3018.31
0.49 3323.22
0.5 3581.31
0.51 3870.86
0.52 4243.88
0.53 4541.74
0.54 4816.34
0.55 5093.39
0.56 5398.82
0.57 5732.35
0.58 5988.34
0.59 6271.7
0.6 6660.99
0.61 6945.33
0.62 7255.94
0.63 7565.65
0.64 7846.79
0.65 8150.33
0.66 8448.02
0.67 8763.87
0.68 9016.1
0.69 9306.9
0.7 9554.29
0.71 9861.08
0.72 9935.74
0.73 10224.2
0.74 10383.4
0.75 10439.7
0.76 10631
0.77 10643.3
0.78 10767.9
0.79 10796
0.8 10834.2
0.81 10857.6
0.82 10866.4
0.83 10885.8
0.84 10807.7
0.85 10812.5
0.86 10763.8
0.87 10656.1
0.88 10482.1
0.89 10260.4
0.9 9983.21
0.91 9696.46
0.92 9288.88
0.93 8886.58
0.94 8353.46
0.95 7687.68
0.96 6996.3
0.97 6282.83
0.98 5419.37
0.99 4543.39
1 3532.15
1.01 2553.15
1.02 1482.61
1.03 378.989
1.04 -726.245
1.05 -1775.59
1.06 -2950.76
1.07 -4147.18
1.08 -5287.6
1.09 -6530.13
1.1 -7795.07
1.11 -9029.39
1.12 -10310.8
1.13 -11635.9
1.14 -12920.2
1.15 -14210.1
1.16 -15524.7
1.17 -16856.2
1.18 -18117.8
1.19 -19407
1.2 -20663.8
1.21 -21881.5
1.22 -22976.9
1.23 -24027.4
1.24 -25138.7
1.25 -26180.3
1.26 -27103
1.27 -28071.1
1.28 -28987.3
1.29 -29858.3
1.3 -30741.7
1.31 -31695.8
1.32 -32490.2
1.33 -33365.7
1.34 -34270.4
1.35 -35152.1
1.36 -36038.3
1.37 -36954.4
1.38 -37791.6
1.39 -38728.9
1.4 -39576.2
1.41 -40431.4
1.42 -41206.6
1.43 -42023.7
1.44 -42872.9
1.45 -43508.7
1.46 -44108.1
1.47 -44638.3
1.48 -45120.1
1.49 -45549.9
1.5 -45871.8
1.51 -46160.1
1.52 -46303.9
1.53 -46298.1
1.54 -46242.9
1.55 -46077.7
1.56 -45767.7
1.57 -45333.7
1.58 -44879.2
1.59 -44244.5
1.6 -43323.6
1.61 -42435.9
1.62 -41405.4
1.63 -40320.5
1.64 -39110.2
1.65 -37755.8
1.66 -36320.2
1.67 -34919.2
1.68 -33349.5
1.69 -31747.8
1.7 -30067.6
1.71 -28420.3
1.72 -26626.4
1.73 -24872.8
1.74 -23108.9
1.75 -21203.8
1.76 -19263.1
1.77 -17339.1
1.78 -15456.9
1.79 -13351.3
1.8 -11415.5
1.81 -9307.97
1.82 -7162.56
1.83 -5007.79
1.84 -2740.67
1.85 -628.935
1.86 1636.74
1.87 3918.47
1.88 6210.92
1.89 8402.57
1.9 10668.9
1.91 12946.5
1.92 15171.9
1.93 17360
1.94 19549
1.95 21618.1
1.96 23580.6
1.97 25478.8
1.98 27251.9
1.99 28920.9
2 30564.2
2.01 32053.5
2.02 33446.5
2.03 34671.1
2.04 35999
2.05 37096.7
2.06 38185.1
2.07 39144.5
2.08 40197.7
2.09 41252.6
2.1 42218
2.11 43107.8
2.12 44117.3
2.13 45094.3
2.14 46117.7
2.15 47207.3
2.16 48244.4
2.17 49261.4
2.18 50179.9
2.19 51131
2.2 51904.3
2.21 52581.5
2.22 53143
2.23 53468.5
2.24 53732.9
2.25 53722.3
2.26 53596.6
2.27 53334.6
2.28 52865
2.29 52331
2.3 51616.9
2.31 50818.8
2.32 49794.6
2.33 48928.6
2.34 47763.7
2.35 46737.2
2.36 45520.4
2.37 44413
2.38 43240.7
2.39 42041.1
2.4 40956.3
2.41 39732.4
2.42 38589.1
2.43 37509.8
2.44 36531.3
2.45 35479.4
2.46 34599.9
2.47 33795
2.48 33072.3
2.49 32386.8
2.5 31824.9
2.51 31365.2
2.52 31009.7
2.53 30732
2.54 30634.5
2.55 30551.2
2.56 30572.8
2.57 30678.3
2.58 30764
2.59 30882.3
2.6 31006.1
2.61 30976.2
2.62 30978.9
2.63 30866.8
2.64 30685.1
2.65 30327.4
2.66 30009.3
2.67 29479
2.68 28938.5
2.69 28329
2.7 27775
2.71 27162.2
2.72 26558.8
2.73 25952.3
2.74 25404.9
2.75 24869.5
2.76 24480
2.77 24000.3
2.78 23667.3
2.79 23295.7
2.8 23015.2
2.81 22666
2.82 22457
2.83 22255.4
2.84 22085.8
2.85 22050
2.86 21880
2.87 21728.4
2.88 21615.1
2.89 21532.1
2.9 21522.1
2.91 21389.9
2.92 21256.9
2.93 21138.4
2.94 20917.5
2.95 20635.6
2.96 20151.6
2.97 19773
2.98 19308.2
2.99 18646.7
3 17995.6
3.01 17168.6
3.02 16321.8
3.03 15349.3
3.04 14170.8
3.05 12994.2
3.06 11631.9
3.07 10237.7
3.08 8675.5
3.09 7098.87
3.1 5295.44
3.11 3319.7
3.12 1335.26
3.13 -726.295
3.14 -2953.97
3.15 -5248.45
3.16 -7535
3.17 -9895.96
3.18 -12230
3.19 -14492
3.2 -16721.5
3.21 -19042.1
3.22 -21265.5
3.23 -23392.4
3.24 -25481
3.25 -27538.6
3.26 -29623.5
3.27 -31713.6
3.28 -33708
3.29 -35662
3.3 -37704.9
3.31 -39647.5
3.32 -41644.4
3.33 -43534.6
3.34 -45418.8
3.35 -47239.8
3.36 -49021.5
3.37 -50868.3
3.38 -52541.7
3.39 -54329.4
3.4 -55808.7
3.41 -57505.4
3.42 -59023.9
3.43 -60521.3
3.44 -62023
3.45 -63343.4
3.46 -64663.1
3.47 -65975.9
3.48 -67220.6
3.49 -68384.6
3.5 -69346.1
3.51 -70297.6
3.52 -71089.4
3.53 -71783.9
3.54 -72263
3.55 -72519.6
3.56 -72711.2
3.57 -72686.6
3.58 -72433
3.59 -72152.4
3.6 -71759.6
3.61 -71220.7
3.62 -70709.1
3.63 -69998.8
3.64 -69279
3.65 -68494.2
3.66 -67635
3.67 -66662.6
3.68 -65617.2
3.69 -64459.7
3.7 -63177.3
3.71 -61734.9
3.72 -60234.6
3.73 -58519.6
3.74 -56749.9
3.75 -54770.8
3.76 -52640.5
3.77 -50470.2
3.78 -48185.7
3.79 -45711.6
3.8 -43261.5
3.81 -40653.5
3.82 -37891.7
3.83 -35061.7
3.84 -32144.7
3.85 -29148
3.86 -26107
3.87 -22927.6
3.88 -19752.2
3.89 -16588.3
3.9 -13282.3
3.91 -10021.7
3.92 -6677.63
3.93 -3303.75
3.94 100.537
3.95 3456.25
3.96 6943.79
3.97 10317.4
3.98 13801.6
3.99 17276
4 20669.3
4.01 24064.2
4.02 27410.1
4.03 30526.4
4.04 33604.1
4.05 36547.7
4.06 39316
4.07 41949.8
4.08 44414.4
4.09 46756.8
4.1 48892.7
4.11 50711.4
4.12 52496.7
4.13 54058.7
4.14 55339.5
4.15 56518
4.16 57378.1
4.17 58072.4
4.18 58649.2
4.19 58817.2
4.2 58867.8
4.21 58647.4
4.22 58269
4.23 57641.5
4.24 56812.2
4.25 55938.7
4.26 54865.5
4.27 53729.7
4.28 52564
4.29 51294.4
4.3 50079.8
4.31 48968.3
4.32 47817.9
4.33 46640
4.34 45625.8
4.35 44727
4.36 43789
4.37 42973.3
4.38 42231.9
4.39 41519
4.4 40869.5
4.41 40397.2
4.42 40003.7
4.43 39692.5
4.44 39541.7
4.45 39387.9
4.46 39429.8
4.47 39570
4.48 39784.7
4.49 39811.7
4.5 40021.8
4.51 40155
4.52 40162.8
4.53 40185.6
4.54 40212.2
4.55 40076.3
4.56 39822.5
4.57 39520.8
4.58 39083.9
4.59 38503.4
4.6 37848.5
4.61 36950.5
4.62 36064
4.63 34947.7
4.64 33681
4.65 32189.6
4.66 30719.7
4.67 28993.4
4.68 27260.2
4.69 25400.5
4.7 23371.5
4.71 21311.7
4.72 19145
4.73 16924.1
4.74 14648.9
4.75 12294
4.76 9782.77
4.77 7302.91
4.78 4675.41
4.79 2039.99
4.8 -671.661
4.81 -3448.42
4.82 -6227.77
4.83 -9000.38
4.84 -11887
4.85 -14611.7
4.86 -17346.4
4.87 -20159.1
4.88 -22908.3
4.89 -25583
4.9 -28250.8
4.91 -30771.7
4.92 -33196.8
4.93 -35634.3
4.94 -37979
4.95 -40202.1
4.96 -42437.6
4.97 -44611.5
4.98 -46693
4.99 -48720.2
5 -50625.9
5.01 -52423.7
5.02 -54044.4
5.03 -55599.8
5.04 -56914.7
5.05 -58135.9
5.06 -59178.5
5.07 -60013.7
5.08 -60667.3
5.09 -61140.1
5.1 -61461.3
5.11 -61555.8
5.12 -61504.6
5.13 -61227.4
5.14 -60826.8
5.15 -60327.2
5.16 -59544.3
5.17 -58559.1
5.18 -57507.5
5.19 -56187.1
5.2 -54821.6
5.21 -53297.2
5.22 -51554.5
5.23 -49823.6
5.24 -48017.2
5.25 -46124.9
5.26 -44186.1
5.27 -42183.1
5.28 -40198.5
5.29 -38152.8
5.3 -36069.7
5.31 -33997.6
5.32 -31747.3
5.33 -29550.7
5.34 -27271.4
5.35 -24853.1
5.36 -22505.3
5.37 -20045
5.38 -17554.9
5.39 -14987.8
5.4 -12298.9
5.41 -9683.82
5.42 -7105.15
5.43 -4422.38
5.44 -1811.41
5.45 814.65
5.46 3383.16
5.47 5846.27
5.48 8209.53
5.49 10429
5.5 12595
5.51 14481.5
5.52 16281.9
5.53 17953.1
5.54 19379.4
5.55 20586.2
5.56 21534.2
5.57 22399.5
5.58 22975.3
5.59 23406.1
5.6 23650.1
5.61 23683.8
5.62 23524.7
5.63 23218
5.64 22830.2
5.65 22368.4
5.66 21626.1
5.67 20869.4
5.68 19993.8
5.69 18942.3
5.7 17812.1
5.71 16463.5
5.72 15022.8
5.73 13460.8
5.74 11723.1
5.75 9861.78
5.76 7773.05
5.77 5567.79
5.78 3438.18
5.79 865.383
5.8 -1722.75
5.81 -4371.96
5.82 -7179.85
5.83 -10034.2
5.84 -13008.9
5.85 -16100.3
5.86 -19252.2
5.87 -22459.9
5.88 -25823
5.89 -29203.8
5.9 -32595.6
5.91 -36043.5
5.92 -39617.7
5.93 -43204.5
5.94 -46848.9
5.95 -50440
5.96 -54105.5
5.97 -57842.7
5.98 -61543.5
5.99 -65205.6
6 -69011.5
6.01 -72747.5
6.02 -76486.9
6.03 -80219.9
6.04 -83882.4
6.05 -87566.2
6.06 -91201.3
6.07 -94819.2
6.08 -98265.5
6.09 -101622
6.1 -104813
6.11 -107920
6.12 -110736
6.13 -113454
6.14 -115847
6.15 -118062
6.16 -120092
6.17 -121774
6.18 -123293
6.19 -124650
6.2 -125532
6.21 -126337
6.22 -126962
6.23 -127223
6.24 -127227
6.25 -127155
6.26 -126792
6.27 -126110
6.28 -125290
6.29 -124116
6.3 -122772
6.31 -121099
6.32 -119227
6.33 -117131
6.34 -114706
6.35 -112160
6.36 -109285
6.37 -106159
6.38 -102783
6.39 -99159.4
6.4 -95291.4
6.41 -91133.9
6.42 -86802.2
6.43 -82282.3
6.44 -77510.1
6.45 -72582
6.46 -67543.4
6.47 -62282.2
6.48 -56896.2
6.49 -51377.4
6.5 -45900.6
6.51 -40322.7
6.52 -34603.6
6.53 -28831.9
6.54 -23041.2
6.55 -17210.5
6.56 -11316.9
6.57 -5389.65
6.58 489.832
6.59 6502.83
6.6 12434.9
6.61 18438.7
6.62 24480.4
6.63 30499.6
6.64 36462.3
6.65 42413.6
6.66 48504.1
6.67 54437.8
6.68 60341.8
6.69 66265.6
6.7 72178.8
6.71 78023.7
6.72 83714.5
6.73 89400.4
6.74 95069.4
6.75 100627
6.76 106056
6.77 111441
6.78 116579
6.79 121611
6.8 126468
6.81 131165
6.82 135667
6.83 139838
6.84 143991
6.85 147890
6.86 151535
6.87 154952
6.88 158247
6.89 161314
6.9 164228
6.91 166880
6.92 169292
6.93 171512
6.94 173560
6.95 175244
6.96 176821
6.97 178050
6.98 179055
6.99 179887
7 180467
7.01 180722
7.02 180739
7.03 180555
7.04 180184
7.05 179592
7.06 178767
7.07 177856
7.08 176767
7.09 175536
7.1 174225
7.11 172710
7.12 171104
7.13 169361
7.14 167595
7.15 165609
7.16 163650
7.17 161600
7.18 159522
7.19 157350
7.2 155249
7.21 152987
7.22 150669
7.23 148451
7.24 146218
7.25 143804
7.26 141381
7.27 138854
7.28 136315
7.29 133591
7.3 130776
7.31 127805
7.32 124642
7.33 121544
7.34 118136
7.35 114577
7.36 110867
7.37 107115
7.38 103117
7.39 98933.8
7.4 94815.1
7.41 90429.7
7.42 86026.4
7.43 81485.8
7.44 76952.7
7.45 72255.1
7.46 67535.7
7.47 62830.8
7.48 58071.1
7.49 53265.9
7.5 48502.7
7.51 43735.8
7.52 38891.5
7.53 34105.9
7.54 29356.6
7.55 24541.6
7.56 19847.6
7.57 15091.2
7.58 10378.3
7.59 5684.17
7.6 1064.11
7.61 -3584.8
7.62 -8208.32
7.63 -12778.5
7.64 -17372.1
7.65 -21960.4
7.66 -26464.9
7.67 -30943.4
7.68 -35378.6
7.69 -39860.7
7.7 -44297.2
7.71 -48730.8
7.72 -53288.5
7.73 -57888.6
7.74 -62600
7.75 -67400.3
7.76 -72250.4
7.77 -77288.7
7.78 -82323.3
7.79 -87519.6
7.8 -92753.7
7.81 -98015
7.82 -103358
7.83 -108598
7.84 -113953
7.85 -119194
7.86 -124465
7.87 -129620
7.88 -134592
7.89 -139686
7.9 -144498
7.91 -149390
7.92 -154037
7.93 -158562
7.94 -162985
7.95 -167327
7.96 -171424
7.97 -175428
7.98 -179281
7.99 -182922
8 -186506
8.01 -189818
8.02 -193063
8.03 -196160
8.04 -198921
8.05 -201556
8.06 -204038
8.07 -206367
8.08 -208513
8.09 -210448
8.1 -212169
8.11 -213777
8.12 -215159
8.13 -216230
8.14 -217168
8.15 -217915
8.16 -218413
8.17 -218685
8.18 -218703
8.19 -218519
8.2 -218187
8.21 -217525
8.22 -216641
8.23 -215590
8.24 -214244
8.25 -212708
8.26 -210983
8.27 -209045
8.28 -206865
8.29 -204572
8.3 -201925
8.31 -199079
8.32 -196030
8.33 -192852
8.34 -189304
8.35 -185563
8.36 -181493
8.37 -177221
8.38 -172636
8.39 -167888
8.4 -162783
8.41 -157413
8.42 -151768
8.43 -145791
8.44 -139461
8.45 -132818
8.46 -125812
8.47 -118522
8.48 -110896
8.49 -102918
8.5 -94623.4
8.51 -86092.1
8.52 -77164.2
8.53 -68166.6
8.54 -58727.9
8.55 -49241.2
8.56 -39464.7
8.57 -29600.6
8.58 -19613.7
8.59 -9366.9
8.6 905.534
8.61 11284
8.62 21611.8
8.63 32099.5
8.64 42534.8
8.65 52862.2
8.66 63317.3
8.67 73507.4
8.68 83727.3
8.69 93696.2
8.7 103662
8.71 113375
8.72 123012
8.73 132539
8.74 141768
8.75 150850
8.76 159780
8.77 168524
8.78 177077
8.79 185484
8.8 193550
8.81 201503
8.82 209201
8.83 216767
8.84 223956
8.85 230838
8.86 237588
8.87 243966
8.88 250152
8.89 256012
8.9 261701
8.91 267007
8.92 272114
8.93 276860
8.94 281270
8.95 285494
8.96 289417
8.97 292979
8.98 296220
8.99 299207
9 301771
9.01 304005
9.02 305875
9.03 307348
9.04 308525
9.05 309246
9.06 309618
9.07 309643
9.08 309246
9.09 308541
9.1 307377
9.11 305974
9.12 304234
9.13 302170
9.14 299737
9.15 297075
9.16 294007
9.17 290667
9.18 287061
9.19 283163
9.2 279026
9.21 274493
9.22 269724
9.23 264642
9.24 259409
9.25 253793
9.26 247881
9.27 241731
9.28 235326
9.29 228674
9.3 221673
9.31 214621
9.32 207257
9.33 199669
9.34 191886
9.35 183865
9.36 175639
9.37 167194
9.38 158515
9.39 149879
9.4 140959
9.41 131847
9.42 122664
9.43 113372
9.44 103958
9.45 94514.5
9.46 84999.9
9.47 75347.7
9.48 65753.7
9.49 56018.9
9.5 46285.6
9.51 36616.6
9.52 26890.7
9.53 17118.8
9.54 7521.46
9.55 -2181.41
9.56 -11822.8
9.57 -21472.3
9.58 -31014.6
9.59 -40413.2
9.6 -49895.3
9.61 -59213.7
9.62 -68409.8
9.63 -77498.2
9.64 -86520.2
9.65 -95359.7
9.66 -104059
9.67 -112739
9.68 -121100
9.69 -129318
9.7 -137436
9.71 -145262
9.72 -152976
9.73 -160518
9.74 -167780
9.75 -174838
9.76 -181747
9.77 -188377
9.78 -194859
9.79 -201144
9.8 -207208
9.81 -213158
9.82 -218811
9.83 -224376
9.84 -229721
9.85 -234820
9.86 -239724
9.87 -244486
9.88 -249025
9.89 -253368
9.9 -257544
9.91 -261475
9.92 -265189
9.93 -268793
9.94 -272207
9.95 -275433
9.96 -278442
9.97 -281282
9.98 -283868
9.99 -286297
10 -288458
10.01 -290445
10.02 -292143
10.03 -293597
10.04 -294824
10.05 -295767
10.06 -296446
10.07 -296936
10.08 -297129
10.09 -297000
10.1 -296626
10.11 -295959
10.12 -295052
10.13 -293961
10.14 -292480
10.15 -290796
10.16 -288886
10.17 -286699
10.18 -284211
10.19 -281581
10.2 -278681
10.21 -275512
10.22 -272078
10.23 -268410
10.24 -264568
10.25 -260480
10.26 -256158
10.27 -251637
10.28 -247009
10.29 -242179
10.3 -237051
10.31 -231978
10.32 -226595
10.33 -221065
10.34 -215467
10.35 -209694
10.36 -203743
10.37 -197713
10.38 -191416
10.39 -185109
10.4 -178447
10.41 -171691
10.42 -164787
10.43 -157656
10.44 -150433
10.45 -142965
10.46 -135388
10.47 -127578
10.48 -119700
10.49 -111658
10.5 -103487
10.51 -95196.2
10.52 -86769.4
10.53 -78293.9
10.54 -69700.1
10.55 -60997.4
10.56 -52221.7
10.57 -43461
10.58 -34567
10.59 -25681.9
10.6 -16764.2
10.61 -7745.9
10.62 1151.37
10.63 10180
10.64 19144.9
10.65 28115.2
10.66 36976.7
10.67 45853.5
10.68 54738.6
10.69 63520.5
10.7 72167.2
10.71 80884.2
10.72 89508.7
10.73 98008.8
10.74 106484
10.75 114849
10.76 123122
10.77 131245
10.78 139339
10.79 147343
10.8 155117
10.81 162861
10.82 170301
10.83 177717
10.84 184939
10.85 192034
10.86 198859
10.87 205480
10.88 211966
10.89 218145
10.9 224166
10.91 229834
10.92 235244
10.93 240466
10.94 245414
10.95 250027
10.96 254456
10.97 258563
10.98 262236
10.99 265603
11 268817
11.01 271583
11.02 274136
11.03 276264
11.04 278148
11.05 279712
11.06 280903
11.07 281803
11.08 282365
11.09 282726
11.1 282682
11.11 282294
11.12 281780
11.13 280887
11.14 279727
11.15 278390
11.16 276752
11.17 274821
11.18 272791
11.19 270407
11.2 267809
11.21 265139
11.22 262143
11.23 259043
11.24 255769
11.25 252280
11.26 248694
11.27 244969
11.28 240983
11.29 237089
11.3 232929
11.31 228718
11.32 224436
11.33 220007
11.34 215563
11.35 210945
11.36 206230
11.37 201492
11.38 196544
11.39 191565
11.4 186420
11.41 181188
11.42 175812
11.43 170347
11.44 164794
11.45 159078
11.46 153283
11.47 147413
11.48 141424
11.49 135321
11.5 129164
11.51 122882
11.52 116612
11.53 110282
11.54 103871
11.55 97489.9
11.56 90906.8
11.57 84415.8
11.58 77837.4
11.59 71203.1
11.6 64596.5
11.61 57943.3
11.62 51248.5
11.63 44596.8
11.64 37888.2
11.65 31206.9
11.66 24505.6
11.67 17868.6
11.68 11143.2
11.69 4703.49
11.7 -1971.62
11.71 -8613.32
11.72 -15110.8
11.73 -21511.2
11.74 -27993.5
11.75 -34315.9
11.76 -40658.6
11.77 -46939.5
11.78 -53156.1
11.79 -59253.5
11.8 -65335.6
11.81 -71296.8
11.82 -77268.7
11.83 -83040.2
11.84 -88847.9
11.85 -94534.3
11.86 -100179
11.87 -105836
11.88 -111322
11.89 -116744
11.9 -122157
11.91 -127512
11.92 -132733
11.93 -137930
11.94 -143053
11.95 -148315
11.96 -153404
11.97 -158398
11.98 -163429
11.99 -168364
12 -173276
12.01 -178133
12.02 -182980
12.03 -187649
12.04 -192287
12.05 -196803
12.06 -201316
12.07 -205549
12.08 -209807
12.09 -213763
12.1 -217668
12.11 -221463
12.12 -224901
12.13 -228294
12.14 -231476
12.15 -234445
12.16 -237248
12.17 -239909
12.18 -242290
12.19 -244442
12.2 -246544
12.21 -248249
12.22 -249870
12.23 -251193
12.24 -252346
12.25 -253194
12.26 -253869
12.27 -254290
12.28 -254564
12.29 -254611
12.3 -254381
12.31 -253900
12.32 -253275
12.33 -252294
12.34 -251169
12.35 -249844
12.36 -248239
12.37 -246430
12.38 -244414
12.39 -242107
12.4 -239584
12.41 -236814
12.42 -233818
12.43 -230566
12.44 -226946
12.45 -223163
12.46 -219081
12.47 -214692
12.48 -210041
12.49 -205121
12.5 -199845
12.51 -194310
12.52 -188379
12.53 -182232
12.54 -175683
12.55 -168841
12.56 -161740
12.57 -154207
12.58 -146520
12.59 -138515
12.6 -130266
12.61 -121799
12.62 -113166
12.63 -104234
12.64 -95294
12.65 -86265.1
12.66 -77066.3
12.67 -67877.6
12.68 -58534.5
12.69 -49185.8
12.7 -39899.3
12.71 -30582.6
12.72 -21272.9
12.73 -11925.9
12.74 -2601.2
12.75 6642.12
12.76 15929.8
12.77 25099
12.78 34249.8
12.79 43323.9
12.8 52393.5
12.81 61346.1
12.82 70357.9
12.83 79077.8
12.84 87811.9
12.85 96444.4
12.86 104964
12.87 113359
12.88 121644
12.89 129729
12.9 137653
12.91 145511
12.92 153056
12.93 160487
12.94 167717
12.95 174684
12.96 181407
12.97 187984
12.98 194357
12.99 200467
13 206281
13.01 211794
13.02 217210
13.03 222260
13.04 227095
13.05 231629
13.06 235882
13.07 239768
13.08 243464
13.09 246830
13.1 249911
13.11 252647
13.12 255001
13.13 257149
13.14 258817
13.15 260178
13.16 261247
13.17 261829
13.18 261968
13.19 261840
13.2 261203
13.21 260239
13.22 258924
13.23 257076
13.24 254992
13.25 252312
13.26 249364
13.27 246029
13.28 242451
13.29 238408
13.3 234101
13.31 229468
13.32 224655
13.33 219417
13.34 214087
13.35 208390
13.36 202581
13.37 196461
13.38 190150
13.39 183737
13.4 177155
13.41 170387
13.42 163442
13.43 156382
13.44 149217
13.45 141957
13.46 134481
13.47 126983
13.48 119342
13.49 111622
13.5 103885
13.51 96062
13.52 88213.7
13.53 80295.5
13.54 72341.6
13.55 64254
13.56 56329.6
13.57 48365.4
13.58 40316.2
13.59 32295.3
13.6 24231.9
13.61 16239.4
13.62 8298.79
13.63 312.311
13.64 -7502.13
13.65 -15348.3
13.66 -23167.1
13.67 -30847.4
13.68 -38567
13.69 -46214.2
13.7 -53677.5
13.71 -61056.3
13.72 -68423.2
13.73 -75718.9
13.74 -82805.1
13.75 -89832.7
13.76 -96820.9
13.77 -103552
13.78 -110148
13.79 -116708
13.8 -123039
13.81 -129264
13.82 -135296
13.83 -141103
13.84 -146834
13.85 -152302
13.86 -157632
13.87 -162823
13.88 -167663
13.89 -172335
13.9 -176920
13.91 -181262
13.92 -185443
13.93 -189414
13.94 -193176
13.95 -196840
13.96 -200198
13.97 -203488
13.98 -206553
13.99 -209474
14 -212222
14.01 -214877
14.02 -217250
14.03 -219393
14.04 -221460
14.05 -223396
14.06 -225066
14.07 -226547
14.08 -227786
14.09 -228885
14.1 -229793
14.11 -230536
14.12 -230983
14.13 -231397
14.14 -231542
14.15 -231444
14.16 -231235
14.17 -230833
14.18 -230133
14.19 -229395
14.2 -228354
14.21 -227139
14.22 -225748
14.23 -224046
14.24 -222269
14.25 -220255
14.26 -218005
14.27 -215542
14.28 -212867
14.29 -210033
14.3 -206802
14.31 -203544
14.32 -199997
14.33 -196295
14.34 -192411
14.35 -188163
14.36 -183896
14.37 -179294
14.38 -174570
14.39 -169542
14.4 -164397
14.41 -159136
14.42 -153605
14.43 -147859
14.44 -142007
14.45 -135868
14.46 -129631
14.47 -123169
14.48 -116644
14.49 -109825
14.5 -102903
14.51 -95858
14.52 -88617.8
14.53 -81242.2
14.54 -73844.1
14.55 -66220.2
14.56 -58430.5
14.57 -50666.5
14.58 -42751.4
14.59 -34745.3
14.6 -26603
14.61 -18489.6
14.62 -10307.4
14.63 -2011.08
14.64 6391.86
14.65 14815.3
14.66 23225.9
14.67 31722.2
14.68 40191.6
14.69 48679.6
14.7 57205.1
14.71 65707.5
14.72 74310.1
14.73 82740.5
14.74 91252.7
14.75 99731.6
14.76 108089
14.77 116524
14.78 124818
14.79 133011
14.8 141148
14.81 149191
14.82 157157
14.83 164982
14.84 172656
14.85 180223
14.86 187645
14.87 194940
14.88 202020
14.89 208906
14.9 215932
14.91 222304
14.92 228678
14.93 234917
14.94 240967
14.95 246772
14.96 252434
14.97 257842
14.98 263121
14.99 268079
15 272890
15.01 277384
15.02 281710
15.03 285670
15.04 289516
15.05 292922
15.06 296167
15.07 299081
15.08 301604
15.09 303937
15.1 305783
15.11 307396
15.12 308612
15.13 309558
15.14 310148
15.15 310276
15.16 310095
15.17 309553
15.18 308648
15.19 307408
15.2 305728
15.21 303793
15.22 301395
15.23 298720
15.24 295720
15.25 292292
15.26 288547
15.27 284383
15.28 280017
15.29 275271
15.3 270229
15.31 264819
15.32 259126
15.33 253131
15.34 246814
15.35 240288
15.36 233376
15.37 226245
15.38 218797
15.39 211225
15.4 203354
15.41 195220
15.42 186858
15.43 178198
15.44 169461
15.45 160444
15.46 151288
15.47 141923
15.48 132304
15.49 122678
15.5 112817
15.51 102809
15.52 92690.9
15.53 82420.9
15.54 72036.3
15.55 61548.6
15.56 50916.5
15.57 40336
15.58 29529.1
15.59 18770.9
15.6 7967.9
15.61 -2894.33
15.62 -13829.6
15.63 -24719.6
15.64 -35603.1
15.65 -46412.4
15.66 -57289.9
15.67 -68035.1
15.68 -78841.6
15.69 -89376.4
15.7 -99833.2
15.71 -110248
15.72 -120501
15.73 -130681
15.74 -140487
15.75 -150248
15.76 -159926
15.77 -169248
15.78 -178470
15.79 -187374
15.8 -196139
15.81 -204679
15.82 -212913
15.83 -220942
15.84 -228736
15.85 -236424
15.86 -243712
15.87 -250806
15.88 -257674
15.89 -264232
15.9 -270630
15.91 -276625
15.92 -282367
15.93 -287875
15.94 -293035
15.95 -297893
15.96 -302467
15.97 -306779
15.98 -310742
15.99 -314273
16 -317631
16.01 -320523
16.02 -323156
16.03 -325319
16.04 -327326
16.05 -328914
16.06 -330160
16.07 -331121
16.08 -331585
16.09 -331899
16.1 -331749
16.11 -331349
16.12 -330622
16.13 -329519
16.14 -328121
16.15 -326405
16.16 -324370
16.17 -321967
16.18 -319275
16.19 -316399
16.2 -313104
16.21 -309416
16.22 -305573
16.23 -301341
16.24 -296826
16.25 -291926
16.26 -286751
16.27 -281330
16.28 -275564
16.29 -269566
16.3 -263288
16.31 -256686
16.32 -249847
16.33 -242755
16.34 -235470
16.35 -227820
16.36 -220049
16.37 -212037
16.38 -203819
16.39 -195432
16.4 -186780
16.41 -178002
16.42 -169031
16.43 -160005
16.44 -150751
16.45 -141328
16.46 -131825
16.47 -122094
16.48 -112353
16.49 -102480
16.5 -92538.5
16.51 -82563.3
16.52 -72354.3
16.53 -62158.5
16.54 -51933.8
16.55 -41611.9
16.56 -31282.6
16.57 -20930.1
16.58 -10565.2
16.59 -119.432
16.6 10107.2
16.61 20552.4
16.62 30785.3
16.63 41138.7
16.64 51288
16.65 61514.3
16.66 71572.6
16.67 81665.4
16.68 91574.1
16.69 101475
16.7 111308
16.71 120986
16.72 130527
16.73 139948
16.74 149268
16.75 158399
16.76 167463
16.77 176320
16.78 185066
16.79 193640
16.8 202005
16.81 210232
16.82 218126
16.83 225916
16.84 233485
16.85 240800
16.86 247849
16.87 254625
16.88 261249
16.89 267582
16.9 273563
16.91 279290
16.92 284781
16.93 289926
16.94 294825
16.95 299447
16.96 303658
16.97 307586
16.98 311256
16.99 314668
17 317557
17.01 320346
17.02 322796
17.03 324828
17.04 326600
17.05 328057
17.06 329198
17.07 329994
17.08 330496
17.09 330702
17.1 330529
17.11 330028
17.12 329222
17.13 328163
17.14 326692
17.15 324859
17.16 322719
17.17 320297
17.18 317439
17.19 314279
17.2 310821
17.21 307044
17.22 302978
17.23 298576
17.24 293846
17.25 288923
17.26 283553
17.27 278003
17.28 272123
17.29 266024
17.3 259635
17.31 252988
17.32 246090
17.33 238949
17.34 231546
17.35 224020
17.36 216167
17.37 208101
17.38 199882
17.39 191415
17.4 182787
17.41 174008
17.42 165008
17.43 155903
17.44 146597
17.45 137234
17.46 127587
17.47 117983
17.48 108223
17.49 98343.4
17.5 88409.2
17.51 78431.6
17.52 68422
17.53 58286.3
17.54 48167.4
17.55 37944.5
17.56 27760.1
17.57 17545.2
17.58 7414.98
17.59 -2752.61
17.6 -12895.6
17.61 -23031.2
17.62 -33097.8
17.63 -43112.8
17.64 -53040.7
17.65 -62951.3
17.66 -72782.7
17.67 -82420.1
17.68 -92117.2
17.69 -101601
17.7 -111020
17.71 -120232
17.72 -129412
17.73 -138367
17.74 -147139
17.75 -155852
17.76 -164337
17.77 -172639
17.78 -180698
17.79 -188663
17.8 -196343
17.81 -203889
17.82 -211163
17.83 -218240
17.84 -225036
17.85 -231598
17.86 -237976
17.87 -244034
17.88 -249902
17.89 -255550
17.9 -260921
17.91 -266066
17.92 -270903
17.93 -275481
17.94 -279876
17.95 -283899
17.96 -287784
17.97 -291291
17.98 -294520
17.99 -297547
18 -300237
18.01 -302638
18.02 -304696
18.03 -306460
18.04 -308034
18.05 -309256
18.06 -310204
18.07 -310772
18.08 -311142
18.09 -311183
18.1 -310787
18.11 -310272
18.12 -309400
18.13 -308172
18.14 -306615
18.15 -304864
18.16 -302735
18.17 -300339
18.18 -297705
18.19 -294653
18.2 -291375
18.21 -287929
18.22 -284086
18.23 -280089
18.24 -275734
18.25 -271267
18.26 -266456
18.27 -261440
18.28 -256145
18.29 -250736
18.3 -245059
18.31 -239118
18.32 -233077
18.33 -226703
18.34 -220290
18.35 -213606
18.36 -206708
18.37 -199683
18.38 -192403
18.39 -184981
18.4 -177449
18.41 -169762
18.42 -161901
18.43 -153926
18.44 -145763
18.45 -137527
18.46 -129143
18.47 -120593
18.48 -111989
18.49 -103259
18.5 -94566.7
18.51 -85657
18.52 -76721.3
18.53 -67662
18.54 -58566.1
18.55 -49415.6
18.56 -40140.2
18.57 -30933.4
18.58 -21699.2
18.59 -12499.7
18.6 -3055.07
18.61 6124.81
18.62 15398.7
18.63 24678
18.64 33900.6
18.65 43083.6
18.66 52217.9
18.67 61347.4
18.68 70305.6
18.69 79242.1
18.7 88096.3
18.71 96807.6
18.72 105579
18.73 114166
18.74 122535
18.75 130916
18.76 139065
18.77 147159
18.78 155059
18.79 162838
18.8 170410
18.81 177952
18.82 185192
18.83 192334
18.84 199264
18.85 205974
18.86 212480
18.87 218855
18.88 224956
18.89 230828
18.9 236436
18.91 241824
18.92 247037
18.93 251829
18.94 256431
18.95 260837
18.96 264777
18.97 268668
18.98 272033
18.99 275236
19 278145
19.01 280730
19.02 282966
19.03 285061
19.04 286648
19.05 288069
19.06 289141
19.07 289942
19.08 290449
19.09 290662
19.1 290636
19.11 290292
19.12 289632
19.13 288607
19.14 287400
19.15 285855
19.16 284054
19.17 281970
19.18 279659
19.19 276964
19.2 274125
19.21 270932
19.22 267417
19.23 263609
19.24 259748
19.25 255471
19.26 250966
19.27 246266
19.28 241217
19.29 235956
19.3 230517
19.31 224851
19.32 218859
19.33 212785
19.34 206398
19.35 199915
19.36 193158
19.37 186266
19.38 179115
19.39 171897
19.4 164461
19.41 156843
19.42 149052
19.43 141227
19.44 133221
19.45 125096
19.46 116913
19.47 108525
19.48 100126
19.49 91594.8
19.5 82967.9
19.51 74361.3
19.52 65759.1
19.53 56987.7
19.54 48188.8
19.55 39477.9
19.56 30680.5
19.57 21910.9
19.58 13178.1
19.59 4463.93
19.6 -4249.76
19.61 -12902.4
19.62 -21591.6
19.63 -30151.4
19.64 -38626.7
19.65 -47193.8
19.66 -55581.5
19.67 -63861
19.68 -72103.8
19.69 -80197.3
19.7 -88213.7
19.71 -96120.3
19.72 -103911
19.73 -111607
19.74 -119097
19.75 -126560
19.76 -133860
19.77 -140914
19.78 -147873
19.79 -154812
19.8 -161384
19.81 -167979
19.82 -174329
19.83 -180506
19.84 -186480
19.85 -192299
19.86 -197956
19.87 -203369
19.88 -208611
19.89 -213678
19.9 -218488
19.91 -223141
19.92 -227582
19.93 -231728
19.94 -235683
19.95 -239522
19.96 -242979
19.97 -246264
19.98 -249453
19.99 -252281
20 -254930
20.01 -257321
20.02 -259399
20.03 -261400
20.04 -263008
20.05 -264485
20.06 -265778
20.07 -266703
20.08 -267366
20.09 -267951
20.1 -268170
20.11 -268286
20.12 -268012
20.13 -267585
20.14 -266982
20.15 -266098
20.16 -265040
20.17 -263678
20.18 -262120
20.19 -260233
20.2 -258283
20.21 -256059
20.22 -253642
20.23 -250925
20.24 -248068
20.25 -244940
20.26 -241620
20.27 -238138
20.28 -234363
20.29 -230402
20.3 -226204
20.31 -221851
20.32 -217293
20.33 -212479
20.34 -207516
20.35 -202303
20.36 -196947
20.37 -191347
20.38 -185583
20.39 -179687
20.4 -173503
20.41 -167194
20.42 -160711
20.43 -154084
20.44 -147212
20.45 -140285
20.46 -133174
20.47 -125860
20.48 -118426
20.49 -110877
20.5 -103115
20.51 -95382
20.52 -87342.1
20.53 -79186.2
20.54 -71000
20.55 -62763.6
20.56 -54352
20.57 -45877.6
20.58 -37347.6
20.59 -28742.9
20.6 -20044.9
20.61 -11287.8
20.62 -2453.65
20.63 6396.24
20.64 15253
20.65 24160.4
20.66 33109
20.67 42010.6
20.68 50908.6
20.69 59872.5
20.7 68761.5
20.71 77566.4
20.72 86409.7
20.73 95203.5
20.74 103913
20.75 112555
20.76 121147
20.77 129629
20.78 138019
20.79 146334
20.8 154461
20.81 162498
20.82 170435
20.83 178292
20.84 186007
20.85 193441
20.86 200744
20.87 207934
20.88 214977
20.89 221891
20.9 228485
20.91 234882
20.92 241206
20.93 247238
20.94 253050
20.95 258607
20.96 263953
20.97 269054
20.98 273850
20.99 278464
21 282810
21.01 286855
21.02 290618
21.03 294093
21.04 297301
21.05 300184
21.06 302764
21.07 304984
21.08 307024
21.09 308618
21.1 309921
21.11 311011
21.12 311675
21.13 311991
21.14 312038
21.15 311763
21.16 311168
21.17 310306
21.18 309048
21.19 307474
21.2 305641
21.21 303445
21.22 300917
21.23 298191
21.24 295140
21.25 291740
21.26 288126
21.27 284144
21.28 279877
21.29 275408
21.3 270556
21.31 265536
21.32 260143
21.33 254592
21.34 248652
21.35 242644
21.36 236155
21.37 229638
21.38 222783
21.39 215784
21.4 208462
21.41 200985
21.42 193358
21.43 185459
21.44 177428
21.45 169194
21.46 160766
21.47 152180
21.48 143445
21.49 134650
21.5 125673
21.51 116576
21.52 107345
21.53 98039.8
21.54 88646.1
21.55 79199.8
21.56 69684.5
21.57 60110
21.58 50380.6
21.59 40663.8
21.6 30968.9
21.61 21252.6
21.62 11497.5
21.63 1739.13
21.64 -7960.93
21.65 -17751.4
21.66 -27491.5
21.67 -37093.1
21.68 -46757.2
21.69 -56395.6
21.7 -65893.2
21.71 -75346
21.72 -84691.7
21.73 -93973.8
21.74 -103157
21.75 -112257
21.76 -121215
21.77 -130047
21.78 -138745
21.79 -147327
21.8 -155706
21.81 -163954
21.82 -171984
21.83 -179921
21.84 -187705
21.85 -195197
21.86 -202576
21.87 -209756
21.88 -216678
21.89 -223390
21.9 -229911
21.91 -236238
21.92 -242337
21.93 -248203
21.94 -253806
21.95 -259113
21.96 -264225
21.97 -269059
21.98 -273741
21.99 -277951
22 -282106
22.01 -285887
22.02 -289421
22.03 -292652
22.04 -295632
22.05 -298409
22.06 -300745
22.07 -302955
22.08 -304746
22.09 -306304
22.1 -307600
22.11 -308581
22.12 -309274
22.13 -309679
22.14 -309797
22.15 -309653
22.16 -309197
22.17 -308378
22.18 -307459
22.19 -306047
22.2 -304514
22.21 -302676
22.22 -300511
22.23 -298098
22.24 -295441
22.25 -292437
22.26 -289273
22.27 -285794
22.28 -282081
22.29 -278007
22.3 -273757
22.31 -269283
22.32 -264509
22.33 -259568
22.34 -254333
22.35 -248860
22.36 -243100
22.37 -237215
22.38 -231026
22.39 -224721
22.4 -218043
22.41 -211259
22.42 -204245
22.43 -196978
22.44 -189624
22.45 -181951
22.46 -174228
22.47 -166304
22.48 -158185
22.49 -149852
22.5 -141496
22.51 -132861
22.52 -124191
22.53 -115257
22.54 -106305
22.55 -97236.6
22.56 -88035.2
22.57 -78761.8
22.58 -69267.6
22.59 -59904
22.6 -50311.6
22.61 -40710.4
22.62 -31004.4
22.63 -21334.7
22.64 -11631.8
22.65 -1878.73
22.66 7888.62
22.67 17634.5
22.68 27375.7
22.69 37181.5
22.7 46936.9
22.71 56606
22.72 66284.5
22.73 75883.5
22.74 85393.4
22.75 94883.3
22.76 104238
22.77 113607
22.78 122742
22.79 131819
22.8 140776
22.81 149630
22.82 158266
22.83 166808
22.84 175220
22.85 183442
22.86 191492
22.87 199309
22.88 206989
22.89 214500
22.9 221780
22.91 228848
22.92 235696
22.93 242318
22.94 248758
22.95 254904
22.96 260697
22.97 266340
22.98 271803
22.99 276893
23 281737
23.01 286330
23.02 290613
23.03 294555
23.04 298256
23.05 301685
23.06 304731
23.07 307601
23.08 310027
23.09 312189
23.1 314031
23.11 315601
23.12 316765
23.13 317651
23.14 318153
23.15 318375
23.16 318157
23.17 317762
23.18 316981
23.19 315841
23.2 314317
23.21 312595
23.22 310415
23.23 307937
23.24 305113
23.25 302052
23.26 298677
23.27 294968
23.28 290955
23.29 286669
23.3 282034
23.31 277162
23.32 271900
23.33 266514
23.34 260722
23.35 254685
23.36 248436
23.37 241928
23.38 235192
23.39 228130
23.4 220801
23.41 213290
23.42 205580
23.43 197650
23.44 189405
23.45 181036
23.46 172527
23.47 163780
23.48 154833
23.49 145747
23.5 136505
23.51 127145
23.52 117623
23.53 108003
23.54 98189.6
23.55 88352.4
23.56 78396.5
23.57 68385.6
23.58 58277.8
23.59 48031.4
23.6 37841.6
23.61 27613.9
23.62 17359.4
23.63 7062.5
23.64 -3213.18
23.65 -13562
23.66 -23867.4
23.67 -34144.7
23.68 -44356.3
23.69 -54491
23.7 -64564.1
23.71 -74590.5
23.72 -84480.1
23.73 -94353.7
23.74 -104095
23.75 -113746
23.76 -123270
23.77 -132630
23.78 -141791
23.79 -150901
23.8 -159792
23.81 -168508
23.82 -176989
23.83 -185358
23.84 -193503
23.85 -201467
23.86 -209139
23.87 -216670
23.88 -223947
23.89 -231017
23.9 -237768
23.91 -244377
23.92 -250681
23.93 -256699
23.94 -262504
23.95 -267959
23.96 -273242
23.97 -278164
23.98 -282878
23.99 -287168
24 -291320
24.01 -295014
24.02 -298537
24.03 -301649
24.04 -304479
24.05 -307105
24.06 -309341
24.07 -311237
24.08 -312846
24.09 -314168
24.1 -315175
24.11 -315790
24.12 -316091
24.13 -316263
24.14 -315861
24.15 -315384
24.16 -314413
24.17 -313266
24.18 -311708
24.19 -309950
24.2 -307785
24.21 -305374
24.22 -302746
24.23 -299719
24.24 -296404
24.25 -292803
24.26 -288974
24.27 -284789
24.28 -280464
24.29 -275741
24.3 -270834
24.31 -265671
24.32 -260204
24.33 -254569
24.34 -248537
24.35 -242428
24.36 -236066
24.37 -229403
24.38 -222632
24.39 -215574
24.4 -208343
24.41 -200946
24.42 -193311
24.43 -185473
24.44 -177572
24.45 -169430
24.46 -161188
24.47 -152747
24.48 -144247
24.49 -135538
24.5 -126681
24.51 -117763
24.52 -108818
24.53 -99669.5
24.54 -90484.8
24.55 -81167
24.56 -71724.8
24.57 -62351.6
24.58 -52846.2
24.59 -43402.3
24.6 -33898.1
24.61 -24185.6
24.62 -14643.6
24.63 -5045.45
24.64 4598.51
24.65 14093.6
24.66 23666.6
24.67 33175.8
24.68 42664.1
24.69 52043
24.7 61355.8
24.71 70646.6
24.72 79880.3
24.73 88838.4
24.74 97881.3
24.75 106791
24.76 115507
24.77 124206
24.78 132723
24.79 141076
24.8 149391
24.81 157397
24.82 165350
24.83 173085
24.84 180648
24.85 188137
24.86 195308
24.87 202367
24.88 209201
24.89 215803
24.9 222246
24.91 228472
24.92 234420
24.93 240164
24.94 245698
24.95 250936
24.96 255979
24.97 260663
24.98 265247
24.99 269436
25 273436
25.01 277112
25.02 280566
25.03 283689
25.04 286557
25.05 289194
25.06 291492
25.07 293528
25.08 295194
25.09 296594
25.1 297727
25.11 298618
25.12 299160
25.13 299351
25.14 299298
25.15 298972
25.16 298294
25.17 297371
25.18 296123
25.19 294577
25.2 292735
25.21 290624
25.22 288141
25.23 285448
25.24 282414
25.25 279150
25.26 275579
25.27 271707
25.28 267616
25.29 263259
25.3 258614
25.31 253714
25.32 248485
25.33 243142
25.34 237534
25.35 231615
25.36 225600
25.37 219205
25.38 212676
25.39 205964
25.4 199051
25.41 191890
25.42 184541
25.43 177091
25.44 169362
25.45 161520
25.46 153572
25.47 145396
25.48 137156
25.49 128678
25.5 120153
25.51 111433
25.52 102684
25.53 93809.8
25.54 84819.9
25.55 75802.3
25.56 66766.4
25.57 57537.6
25.58 48283.5
25.59 38961.2
25.6 29712.2
25.61 20414.7
25.62 11052.7
25.63 1688.67
25.64 -7588.23
25.65 -16899.6
25.66 -26235.3
25.67 -35480
25.68 -44703
25.69 -53763.1
25.7 -62861.4
25.71 -71883.3
25.72 -80740.9
25.73 -89583.4
25.74 -98323.1
25.75 -106899
25.76 -115329
25.77 -123764
25.78 -131957
25.79 -140034
25.8 -147934
25.81 -155728
25.82 -163330
25.83 -170761
25.84 -177986
25.85 -185078
25.86 -192004
25.87 -198628
25.88 -205126
25.89 -211335
25.9 -217514
25.91 -223234
25.92 -228886
25.93 -234202
25.94 -239333
25.95 -244222
25.96 -248892
25.97 -253257
25.98 -257367
25.99 -261216
26 -264854
26.01 -268250
26.02 -271374
26.03 -274118
26.04 -276583
26.05 -278847
26.06 -280828
26.07 -282525
26.08 -283909
26.09 -284954
26.1 -285789
26.11 -286337
26.12 -286544
26.13 -286437
26.14 -286121
26.15 -285520
26.16 -284555
26.17 -283413
26.18 -281911
26.19 -280157
26.2 -278074
26.21 -275797
26.22 -273302
26.23 -270382
26.24 -267382
26.25 -263964
26.26 -260289
26.27 -256439
26.28 -252288
26.29 -247945
26.3 -243363
26.31 -238545
26.32 -233419
26.33 -228094
26.34 -222578
26.35 -216824
26.36 -210916
26.37 -204836
26.38 -198510
26.39 -191972
26.4 -185308
26.41 -178366
26.42 -171365
26.43 -164259
26.44 -156844
26.45 -149390
26.46 -141774
26.47 -134081
26.48 -126186
26.49 -118177
26.5 -110060
26.51 -101817
26.52 -93639.2
26.53 -85271.8
26.54 -76775.1
26.55 -68341.2
26.56 -59662.2
26.57 -51114.5
26.58 -42416.6
26.59 -33734.5
26.6 -25023.4
26.61 -16291.3
26.62 -7414.84
26.63 1229.32
26.64 10106.7
26.65 18840.3
26.66 27553.2
26.67 36342.3
26.68 44988.3
26.69 53561.8
26.7 62159.7
26.71 70694.6
26.72 79211.1
26.73 87543.4
26.74 95841.6
26.75 103914
26.76 111990
26.77 119984
26.78 127835
26.79 135563
26.8 143188
26.81 150597
26.82 157888
26.83 165083
26.84 172173
26.85 178994
26.86 185646
26.87 192122
26.88 198548
26.89 204576
26.9 210595
26.91 216285
26.92 221824
26.93 227103
26.94 232300
26.95 237202
26.96 241856
26.97 246337
26.98 250562
26.99 254475
27 258308
27.01 261768
27.02 265062
27.03 268029
27.04 270823
27.05 273388
27.06 275616
27.07 277611
27.08 279343
27.09 280757
27.1 282010
27.11 282995
27.12 283578
27.13 283996
27.14 284115
27.15 283962
27.16 283534
27.17 282833
27.18 281856
27.19 280579
27.2 279079
27.21 277305
27.22 275205
27.23 272833
27.24 270270
27.25 267385
27.26 264208
27.27 260795
27.28 257200
27.29 253243
27.3 249034
27.31 244576
27.32 239901
27.33 234986
27.34 229810
27.35 224456
27.36 218824
27.37 213024
27.38 206982
27.39 200730
27.4 194247
27.41 187644
27.42 180821
27.43 173733
27.44 166463
27.45 159124
27.46 151592
27.47 143873
27.48 135948
27.49 127903
27.5 119826
27.51 111567
27.52 103054
27.53 94560.1
27.54 85988
27.55 77267.8
27.56 68434.6
27.57 59550.3
27.58 50624
27.59 41533
27.6 32497.2
27.61 23472.9
27.62 14232.2
27.63 5126.4
27.64 -3993.36
27.65 -13223.4
27.66 -22423
27.67 -31635.7
27.68 -40694.3
27.69 -49826.6
27.7 -58892
27.71 -67933.8
27.72 -76811.4
27.73 -85726.2
27.74 -94511.3
27.75 -103263
27.76 -111894
27.77 -120474
27.78 -128863
27.79 -137132
27.8 -145324
27.81 -153326
27.82 -161210
27.83 -168967
27.84 -176484
27.85 -183911
27.86 -191136
27.87 -198177
27.88 -205054
27.89 -211732
27.9 -218126
27.91 -224335
27.92 -230377
27.93 -236140
27.94 -241698
27.95 -247069
27.96 -252117
27.97 -256940
27.98 -261455
27.99 -265813
28 -269826
28.01 -273672
28.02 -277058
28.03 -280322
28.04 -283275
28.05 -285888
28.06 -288236
28.07 -290318
28.08 -291998
28.09 -293512
28.1 -294595
28.11 -295537
28.12 -296072
28.13 -296385
28.14 -296292
28.15 -296004
28.16 -295310
28.17 -294369
28.18 -293130
28.19 -291673
28.2 -289763
28.21 -287639
28.22 -285276
28.23 -282492
28.24 -279555
28.25 -276282
28.26 -272729
28.27 -268979
28.28 -264746
28.29 -260456
28.3 -255823
28.31 -250879
28.32 -245734
28.33 -240367
28.34 -234679
28.35 -228885
28.36 -222783
28.37 -216404
28.38 -209860
28.39 -203158
28.4 -196173
28.41 -188966
28.42 -181727
28.43 -174122
28.44 -166448
28.45 -158581
28.46 -150584
28.47 -142437
28.48 -134071
28.49 -125653
28.5 -117112
28.51 -108354
28.52 -99704.1
28.53 -90723.5
28.54 -81738.1
28.55 -72757.6
28.56 -63659.7
28.57 -54480.4
28.58 -45228.9
28.59 -36072.4
28.6 -26783.1
28.61 -17501.7
28.62 -8237.14
28.63 1080.68
28.64 10363.9
28.65 19656.2
28.66 28790.7
28.67 38100.7
28.68 47235
28.69 56316.3
28.7 65362
28.71 74363.3
28.72 83285.1
28.73 92013.6
28.74 100856
28.75 109358
28.76 117879
28.77 126227
28.78 134474
28.79 142639
28.8 150530
28.81 158456
28.82 166069
28.83 173623
28.84 180930
28.85 188086
28.86 195085
28.87 201789
28.88 208377
28.89 214763
28.9 220967
28.91 226904
28.92 232754
28.93 238221
28.94 243484
28.95 248513
28.96 253302
28.97 257953
28.98 262250
28.99 266296
29 270086
29.01 273696
29.02 277017
29.03 279995
29.04 282783
29.05 285195
29.06 287466
29.07 289436
29.08 291157
29.09 292494
29.1 293632
29.11 294410
29.12 294962
29.13 295232
29.14 295274
29.15 294957
29.16 294412
29.17 293560
29.18 292404
29.19 290970
29.2 289312
29.21 287353
29.22 285069
29.23 282646
29.24 279849
29.25 276840
29.26 273567
29.27 269982
29.28 266167
29.29 262099
29.3 257860
29.31 253190
29.32 248464
29.33 243289
29.34 238091
29.35 232560
29.36 226804
29.37 220910
29.38 214723
29.39 208381
29.4 201758
29.41 195017
29.42 188034
29.43 180920
29.44 173574
29.45 166084
29.46 158454
29.47 150665
29.48 142672
29.49 134559
29.5 126282
29.51 117927
29.52 109474
29.53 100774
29.54 92072.3
29.55 83244.4
29.56 74325.3
29.57 65323.6
29.58 56247.9
29.59 47159.7
29.6 37936.2
29.61 28744.3
29.62 19382.4
29.63 10070.2
29.64 764.279
29.65 -8631.52
29.66 -17976.1
29.67 -27260.1
29.68 -36631.8
29.69 -45897.3
29.7 -55178.2
29.71 -64359.6
29.72 -73536.8
29.73 -82595
29.74 -91629.7
29.75 -100474
29.76 -109408
29.77 -118054
29.78 -126668
29.79 -135161
29.8 -143526
29.81 -151807
29.82 -159839
29.83 -167772
29.84 -175544
29.85 -183176
29.86 -190579
29.87 -197853
29.88 -204937
29.89 -211771
29.9 -218453
29.91 -224897
29.92 -231018
29.93 -237072
29.94 -242894
29.95 -248400
29.96 -253609
29.97 -258728
29.98 -263538
29.99 -268037
30 -272270
30.01 -276259
30.02 -279974
30.03 -283384
30.04 -286590
30.05 -289430
30.06 -292032
30.07 -294287
30.08 -296246
30.09 -297958
30.1 -299395
30.11 -300449
30.12 -301277
30.13 -301694
30.14 -301855
30.15 -301656
30.16 -301280
30.17 -300517
30.18 -299393
30.19 -298068
30.2 -296332
30.21 -294344
30.22 -292106
30.23 -289542
30.24 -286627
30.25 -283365
30.26 -279995
30.27 -276100
30.28 -272105
30.29 -267829
30.3 -263197
30.31 -258373
30.32 -253176
30.33 -247744
30.34 -242108
30.35 -236195
30.36 -230063
30.37 -223692
30.38 -216958
30.39 -210155
30.4 -203081
30.41 -195769
30.42 -188279
30.43 -180592
30.44 -172716
30.45 -164713
30.46 -156379
30.47 -148091
30.48 -139543
30.49 -130768
30.5 -122040
30.51 -113025
30.52 -103917
30.53 -94724.4
30.54 -85457.8
30.55 -76100.5
30.56 -66583.5
30.57 -57075
30.58 -47506.2
30.59 -37887.6
30.6 -28177
30.61 -18437.4
30.62 -8705.75
30.63 1034.04
30.64 10745.3
30.65 20522.9
30.66 30198.9
30.67 39894.8
30.68 49521.6
30.69 59095.7
30.7 68554.6
30.71 77941.5
30.72 87378.1
30.73 96723.4
30.74 105836
30.75 114866
30.76 123802
30.77 132636
30.78 141202
30.79 149806
30.8 158230
30.81 166385
30.82 174475
30.83 182254
30.84 190030
30.85 197427
30.86 204701
30.87 211792
30.88 218587
30.89 225211
30.9 231605
30.91 237815
30.92 243703
30.93 249369
30.94 254807
30.95 259855
30.96 264849
30.97 269443
30.98 273790
30.99 277835
31 281626
31.01 285161
31.02 288382
31.03 291314
31.04 293955
31.05 296301
31.06 298405
31.07 300105
31.08 301559
31.09 302686
31.1 303538
31.11 304140
31.12 304360
31.13 304330
31.14 303944
31.15 303230
31.16 302347
31.17 301058
31.18 299497
31.19 297692
31.2 295489
31.21 293073
31.22 290291
31.23 287303
31.24 283955
31.25 280383
31.26 276616
31.27 272476
31.28 268097
31.29 263485
31.3 258513
31.31 253396
31.32 248035
31.33 242408
31.34 236600
31.35 230432
31.36 224121
31.37 217620
31.38 210910
31.39 203917
31.4 196808
31.41 189482
31.42 181949
31.43 174293
31.44 166444
31.45 158409
31.46 150302
31.47 141894
31.48 133562
31.49 125024
31.5 116341
31.51 107523
31.52 98603.8
31.53 89671.7
31.54 80603.9
31.55 71382.9
31.56 62175.6
31.57 52938.3
31.58 43627.5
31.59 34225.7
31.6 24873.8
31.61 15449.1
31.62 6092.39
31.63 -3371.49
31.64 -12722.8
31.65 -22136.7
31.66 -31498.8
31.67 -40773.6
31.68 -50083.5
31.69 -59287.9
31.7 -68483
31.71 -77554.4
31.72 -86598.5
31.73 -95527.4
31.74 -104332
31.75 -113084
31.76 -121720
31.77 -130181
31.78 -138511
31.79 -146727
31.8 -154771
31.81 -162766
31.82 -170546
31.83 -178052
31.84 -185514
31.85 -192740
31.86 -199752
31.87 -206620
31.88 -213261
31.89 -219693
31.9 -225939
31.91 -231912
31.92 -237634
31.93 -243178
31.94 -248539
31.95 -253581
31.96 -258429
31.97 -262921
31.98 -267291
31.99 -271295
32 -275168
32.01 -278641
32.02 -281949
32.03 -284877
32.04 -287607
32.05 -289951
32.06 -292197
32.07 -294052
32.08 -295543
32.09 -296877
32.1 -297844
32.11 -298573
32.12 -299065
32.13 -299108
32.14 -298913
32.15 -298532
32.16 -297730
32.17 -296691
32.18 -295390
32.19 -293776
32.2 -291850
32.21 -289692
32.22 -287200
32.23 -284456
32.24 -281461
32.25 -278113
32.26 -274575
32.27 -270691
32.28 -266622
32.29 -262321
32.3 -257713
32.31 -252775
32.32 -247723
32.33 -242325
32.34 -236797
32.35 -231012
32.36 -224977
32.37 -218723
32.38 -212282
32.39 -205584
32.4 -198738
32.41 -191621
32.42 -184344
32.43 -176967
32.44 -169288
32.45 -161602
32.46 -153707
32.47 -145558
32.48 -137425
32.49 -129026
32.5 -120581
32.51 -112019
32.52 -103269
32.53 -94471.2
32.54 -85607.7
32.55 -76608.5
32.56 -67561.6
32.57 -58423.3
32.58 -49308.3
32.59 -40067.8
32.6 -30790.2
32.61 -21537.7
32.62 -12214.6
32.63 -2935.69
32.64 6394.54
32.65 15634.8
32.66 24933.4
32.67 34201.6
32.68 43377.2
32.69 52503.1
32.7 61622.4
32.71 70646.9
32.72 79593.6
32.73 88453.3
32.74 97217.2
32.75 105903
32.76 114423
32.77 122796
32.78 131145
32.79 139332
32.8 147321
32.81 155186
32.82 162866
32.83 170432
32.84 177800
32.85 184935
32.86 191937
32.87 198798
32.88 205433
32.89 211782
32.9 217999
32.91 223944
32.92 229690
32.93 235181
32.94 240542
32.95 245584
32.96 250380
32.97 254980
32.98 259194
32.99 263229
33 267003
33.01 270511
33.02 273777
33.03 276665
33.04 279385
33.05 281775
33.06 283991
33.07 285794
33.08 287392
33.09 288653
33.1 289681
33.11 290397
33.12 290850
33.13 290938
33.14 290790
33.15 290381
33.16 289737
33.17 288648
33.18 287380
33.19 285827
33.2 283912
33.21 281742
33.22 279347
33.23 276622
33.24 273676
33.25 270460
33.26 266898
33.27 263126
33.28 259121
33.29 254834
33.3 250350
33.31 245541
33.32 240518
33.33 235233
33.34 229796
33.35 224004
33.36 218098
33.37 212031
33.38 205599
33.39 199046
33.4 192271
33.41 185335
33.42 178244
33.43 170953
33.44 163520
33.45 155875
33.46 148130
33.47 140240
33.48 132160
33.49 123950
33.5 115646
33.51 107175
33.52 98679
33.53 90085.8
33.54 81351.7
33.55 72590.4
33.56 63731.8
33.57 54837
33.58 45809.7
33.59 36895.5
33.6 27787.7
33.61 18679.5
33.62 9553.63
33.63 419.302
33.64 -8609.14
33.65 -17680.6
33.66 -26785.9
33.67 -35889.8
33.68 -44877.8
33.69 -53846.4
33.7 -62760.3
33.71 -71584.4
33.72 -80336.2
33.73 -89086
33.74 -97693.6
33.75 -106230
33.76 -114606
33.77 -122895
33.78 -130982
33.79 -139123
33.8 -146941
33.81 -154772
33.82 -162396
33.83 -169808
33.84 -177025
33.85 -184174
33.86 -191062
33.87 -197815
33.88 -204268
33.89 -210627
33.9 -216779
33.91 -222718
33.92 -228414
33.93 -233860
33.94 -239103
33.95 -244113
33.96 -248885
33.97 -253413
33.98 -257642
33.99 -261750
34 -265524
34.01 -269038
34.02 -272316
34.03 -275223
34.04 -277965
34.05 -280410
34.06 -282632
34.07 -284446
34.08 -286112
34.09 -287393
34.1 -288497
34.11 -289239
34.12 -289696
34.13 -289869
34.14 -289863
34.15 -289467
34.16 -288866
34.17 -287902
34.18 -286631
34.19 -285237
34.2 -283407
34.21 -281327
34.22 -278999
34.23 -276374
34.24 -273480
34.25 -270400
34.26 -267031
34.27 -263298
34.28 -259441
34.29 -255255
34.3 -250847
34.31 -246196
34.32 -241332
34.33 -236208
34.34 -230775
34.35 -225302
34.36 -219531
34.37 -213494
34.38 -207221
34.39 -200799
34.4 -194260
34.41 -187400
34.42 -180408
34.43 -173293
34.44 -165929
34.45 -158377
34.46 -150801
34.47 -142920
34.48 -135004
34.49 -126983
34.5 -118733
34.51 -110419
34.52 -101973
34.53 -93426.8
34.54 -84843.3
34.55 -76151.7
34.56 -67439.3
34.57 -58635.8
34.58 -49697.3
34.59 -40764.1
34.6 -31818.6
34.61 -22790.5
34.62 -13793.9
34.63 -4758.66
34.64 4332.67
34.65 13339.7
34.66 22438
34.67 31302.7
34.68 40320
34.69 49244.3
34.7 58119.6
34.71 66963.6
34.72 75715.2
34.73 84418.7
34.74 92986.7
34.75 101490
34.76 109868
34.77 118191
34.78 126400
34.79 134406
34.8 142361
34.81 150099
34.82 157796
34.83 165261
34.84 172592
34.85 179781
34.86 186744
34.87 193552
34.88 200199
34.89 206572
34.9 212799
34.91 218845
34.92 224732
34.93 230244
34.94 235638
34.95 240751
34.96 245685
34.97 250302
34.98 254730
34.99 258912
35 262870
35.01 266522
35.02 269916
35.03 273129
35.04 276025
35.05 278655
35.06 280990
35.07 283158
35.08 284948
35.09 286516
35.1 287701
35.11 288740
35.12 289448
35.13 289875
35.14 289917
35.15 289862
35.16 289474
35.17 288753
35.18 287779
35.19 286551
35.2 285020
35.21 283211
35.22 281102
35.23 278746
35.24 276093
35.25 273302
35.26 270115
35.27 266638
35.28 262955
35.29 259041
35.3 254822
35.31 250434
35.32 245722
35.33 240770
35.34 235556
35.35 230217
35.36 224574
35.37 218763
35.38 212660
35.39 206505
35.4 199963
35.41 193304
35.42 186455
35.43 179475
35.44 172238
35.45 164857
35.46 157339
35.47 149611
35.48 141761
35.49 133769
35.5 125643
35.51 117364
35.52 109045
35.53 100537
35.54 91978.4
35.55 83273.6
35.56 74483.2
35.57 65615.8
35.58 56811.6
35.59 47711
35.6 38770.4
35.61 29709
35.62 20641.2
35.63 11549.6
35.64 2311.76
35.65 -6694.73
35.66 -15881.9
35.67 -25030.1
35.68 -34103.9
35.69 -43146.7
35.7 -52254.8
35.71 -61234.9
35.72 -70078.1
35.73 -78959.9
35.74 -87792.3
35.75 -96435.3
35.76 -105064
35.77 -113592
35.78 -121985
35.79 -130233
35.8 -138408
35.81 -146450
35.82 -154245
35.83 -161996
35.84 -169617
35.85 -176994
35.86 -184173
35.87 -191253
35.88 -198172
35.89 -204794
35.9 -211216
35.91 -217510
35.92 -223514
35.93 -229430
35.94 -235095
35.95 -240424
35.96 -245543
35.97 -250448
35.98 -255132
35.99 -259565
36 -263689
36.01 -267580
36.02 -271233
36.03 -274591
36.04 -277599
36.05 -280463
36.06 -282971
36.07 -285225
36.08 -287275
36.09 -288935
36.1 -290282
36.11 -291420
36.12 -292242
36.13 -292826
36.14 -293014
36.15 -292962
36.16 -292646
36.17 -291985
36.18 -291085
36.19 -289843
36.2 -288285
36.21 -286571
36.22 -284519
36.23 -282077
36.24 -279432
36.25 -276508
36.26 -273361
36.27 -269861
36.28 -266119
36.29 -262110
36.3 -257865
36.31 -253283
36.32 -248580
36.33 -243496
36.34 -238195
36.35 -232734
36.36 -226935
36.37 -220908
36.38 -214766
36.39 -208355
36.4 -201763
36.41 -194994
36.42 -187925
36.43 -180746
36.44 -173360
36.45 -165774
36.46 -158074
36.47 -150137
36.48 -142207
36.49 -133950
36.5 -125691
36.51 -117201
36.52 -108647
36.53 -99957.2
36.54 -91247.3
36.55 -82368
36.56 -73407.3
36.57 -64427.1
36.58 -55331.2
36.59 -46287
36.6 -37119.3
36.61 -27890.1
36.62 -18608.7
36.63 -9389.76
36.64 -137.084
36.65 9113.72
36.66 18353.4
36.67 27572.8
36.68 36789
36.69 45861.1
36.7 55017
36.71 64063.1
36.72 72990.3
36.73 81947.6
36.74 90794.3
36.75 99495.2
36.76 108147
36.77 116635
36.78 125005
36.79 133273
36.8 141407
36.81 149449
36.82 157235
36.83 164915
36.84 172429
36.85 179795
36.86 186981
36.87 193952
36.88 200649
36.89 207303
36.9 213671
36.91 219798
36.92 225704
36.93 231412
36.94 236887
36.95 242153
36.96 247124
36.97 251875
36.98 256400
36.99 260592
37 264655
37.01 268297
37.02 271778
37.03 274989
37.04 277899
37.05 280561
37.06 282811
37.07 284992
37.08 286758
37.09 288240
37.1 289488
37.11 290422
37.12 291043
37.13 291453
37.14 291496
37.15 291277
37.16 290823
37.17 289975
37.18 288921
37.19 287554
37.2 285826
37.21 283973
37.22 281709
37.23 279274
37.24 276510
37.25 273475
37.26 270171
37.27 266628
37.28 262692
37.29 258681
37.3 254286
37.31 249719
37.32 244881
37.33 239803
37.34 234437
37.35 228946
37.36 223179
37.37 217218
37.38 211018
37.39 204585
37.4 197978
37.41 191150
37.42 184160
37.43 176964
37.44 169699
37.45 162109
37.46 154518
37.47 146670
37.48 138704
37.49 130549
37.5 122371
37.51 114046
37.52 105530
37.53 96990.4
37.54 88329.1
37.55 79555.3
37.56 70756.6
37.57 61862.9
37.58 52856.8
37.59 43878.7
37.6 34885
37.61 25726.8
37.62 16676.2
37.63 7452.68
37.64 -1592.47
37.65 -10713.5
37.66 -19796.2
37.67 -28936.9
37.68 -37889.6
37.69 -46961.5
37.7 -55933
37.71 -64848
37.72 -73671.5
37.73 -82499.9
37.74 -91193.3
37.75 -99716.6
37.76 -108246
37.77 -116641
37.78 -124973
37.79 -133076
37.8 -141152
37.81 -149010
37.82 -156747
37.83 -164329
37.84 -171775
37.85 -179052
37.86 -186073
37.87 -192911
37.88 -199665
37.89 -206169
37.9 -212470
37.91 -218536
37.92 -224440
37.93 -230122
37.94 -235525
37.95 -240696
37.96 -245683
37.97 -250453
37.98 -254872
37.99 -259144
38 -263056
38.01 -266787
38.02 -270177
38.03 -273326
38.04 -276284
38.05 -278890
38.06 -281274
38.07 -283354
38.08 -285128
38.09 -286647
38.1 -287883
38.11 -288887
38.12 -289554
38.13 -289908
38.14 -290029
38.15 -289784
38.16 -289333
38.17 -288570
38.18 -287522
38.19 -286164
38.2 -284549
38.21 -282628
38.22 -280480
38.23 -278081
38.24 -275329
38.25 -272357
38.26 -269090
38.27 -265504
38.28 -261786
38.29 -257678
38.3 -253368
38.31 -248806
38.32 -244025
38.33 -238896
38.34 -233688
38.35 -228169
38.36 -222397
38.37 -216431
38.38 -210276
38.39 -203833
38.4 -197214
38.41 -190452
38.42 -183526
38.43 -176364
38.44 -168975
38.45 -161496
38.46 -153882
38.47 -145983
38.48 -138043
38.49 -129886
38.5 -121757
38.51 -113296
38.52 -104880
38.53 -96357.7
38.54 -87607.7
38.55 -78954.2
38.56 -70037.3
38.57 -61155.4
38.58 -52133.2
38.59 -43137.8
38.6 -33993.8
38.61 -25000
38.62 -15823.2
38.63 -6762.1
38.64 2437.36
38.65 11608.1
38.66 20714.7
38.67 29879.6
38.68 38935.8
38.69 48005.9
38.7 56975.6
38.71 65888.6
38.72 74736.2
38.73 83614.7
38.74 92226
38.75 100930
38.76 109428
38.77 117844
38.78 126091
38.79 134265
38.8 142332
38.81 150205
38.82 158009
38.83 165629
38.84 173032
38.85 180289
38.86 187421
38.87 194261
38.88 200987
38.89 207382
38.9 213756
38.91 219812
38.92 225702
38.93 231368
38.94 236778
38.95 241900
38.96 246914
38.97 251525
38.98 255992
38.99 260204
39 264106
39.01 267771
39.02 271224
39.03 274329
39.04 277161
39.05 279771
39.06 282025
39.07 284025
39.08 285796
39.09 287283
39.1 288512
39.11 289375
39.12 289952
39.13 290268
39.14 290296
39.15 289958
39.16 289516
39.17 288657
39.18 287564
39.19 286161
39.2 284449
39.21 282455
39.22 280235
39.23 277712
39.24 274967
39.25 271819
39.26 268535
39.27 264959
39.28 260964
39.29 256948
39.3 252469
39.31 247899
39.32 243031
39.33 237951
39.34 232636
39.35 227118
39.36 221219
39.37 215129
39.38 209011
39.39 202529
39.4 195980
39.41 189054
39.42 182126
39.43 174993
39.44 167608
39.45 160060
39.46 152353
39.47 144603
39.48 136605
39.49 128499
39.5 120215
39.51 111891
39.52 103406
39.53 94897.4
39.54 86217.3
39.55 77479.1
39.56 68665.2
39.57 59705.3
39.58 50845.2
39.59 41909.4
39.6 32854.1
39.61 23793.5
39.62 14657.6
39.63 5586.88
39.64 -3620.12
39.65 -12664.9
39.66 -21749.1
39.67 -30758.6
39.68 -39789.6
39.69 -48728.2
39.7 -57697
39.71 -66582
39.72 -75374.4
39.73 -84197.3
39.74 -92857.6
39.75 -101373
39.76 -109815
39.77 -118253
39.78 -126416
39.79 -134586
39.8 -142543
39.81 -150413
39.82 -158107
39.83 -165672
39.84 -173047
39.85 -180198
39.86 -187224
39.87 -194118
39.88 -200689
39.89 -207194
39.9 -213441
39.91 -219452
39.92 -225246
39.93 -230923
39.94 -236188
39.95 -241404
39.96 -246277
39.97 -251038
39.98 -255368
39.99 -259498
40 -263478
