0.01 -169.998
0.02 -169.998
0.03 -165.065
0.04 -169.998
0.05 -169.998
0.06 -168.354
0.07 -168.354
0.08 -163.42
0.09 -168.354
0.1 -161.775
0.11 -161.775
0.12 -158.486
0.13 -165.065
0.14 -166.709
0.15 -168.354
0.16 -160.131
0.17 -153.553
0.18 -153.553
0.19 -153.553
0.2 -148.619
0.21 -150.264
0.22 -156.842
0.23 -142.041
0.24 -142.041
0.25 -135.463
0.26 -140.396
0.27 -142.041
0.28 -145.33
0.29 -135.463
0.3 -127.24
0.31 -122.306
0.32 -123.951
0.33 -130.529
0.34 -114.083
0.35 -112.439
0.36 -110.794
0.37 -110.794
0.38 -115.728
0.39 -97.6378
0.4 -102.571
0.41 -91.0596
0.42 -95.9933
0.43 -86.1259
0.44 -86.1259
0.45 -82.8368
0.46 -84.4814
0.47 -71.3249
0.48 -58.1685
0.49 -66.3913
0.5 -61.4576
0.51 -58.1685
0.52 -58.1685
0.53 -51.5903
0.54 -45.0121
0.55 -43.3675
0.56 -40.0784
0.57 -35.1447
0.58 -35.1447
0.59 -25.2774
0.6 -23.6329
0.61 -23.6329
0.62 -13.7655
0.63 -8.83186
0.64 -8.83186
0.65 -3.8982
0.66 2.68002
0.67 4.32457
0.68 12.5473
0.69 14.1919
0.7 7.61368
0.71 15.8365
0.72 24.0592
0.73 20.7701
0.74 27.3483
0.75 27.3483
0.76 25.7038
0.77 38.8602
0.78 42.1493
0.79 43.7939
0.8 47.083
0.81 47.083
0.82 55.3058
0.83 63.5285
0.84 66.8176
0.85 61.884
0.86 79.9741
0.87 93.1305
0.88 81.6186
0.89 114.51
0.9 107.932
0.91 127.666
0.92 126.022
0.93 121.088
0.94 145.756
0.95 145.756
0.96 160.557
0.97 158.913
0.98 149.045
0.99 172.069
1 181.936
1.01 181.936
1.02 180.292
1.03 185.226
1.04 178.647
1.05 172.069
1.06 196.737
1.07 204.96
1.08 196.737
1.09 198.382
1.1 203.316
1.11 209.894
1.12 208.249
1.13 206.605
1.14 203.316
1.15 204.96
1.16 209.894
1.17 206.605
1.18 208.249
1.19 211.538
1.2 209.894
1.21 206.605
1.22 209.894
1.23 204.96
1.24 203.316
1.25 208.249
1.26 200.027
1.27 196.737
1.28 188.515
1.29 186.87
1.3 180.292
1.31 180.292
1.32 175.358
1.33 165.491
1.34 158.913
1.35 157.268
1.36 150.69
1.37 147.401
1.38 130.955
1.39 135.889
1.4 127.666
1.41 117.799
1.42 116.154
1.43 84.9077
1.44 81.6186
1.45 83.2632
1.46 61.884
1.47 61.884
1.48 56.9503
1.49 58.5949
1.5 55.3058
1.51 38.8602
1.52 45.4384
1.53 43.7939
1.54 37.2157
1.55 35.5711
1.56 38.8602
1.57 35.5711
1.58 33.9266
1.59 33.9266
1.6 28.9929
1.61 25.7038
1.62 24.0592
1.63 20.7701
1.64 12.5473
1.65 7.61368
1.66 9.25824
1.67 10.9028
1.68 10.9028
1.69 7.61368
1.7 15.8365
1.71 5.96913
1.72 -0.609091
1.73 2.68002
1.74 4.32457
1.75 2.68002
1.76 -2.25365
1.77 -8.83186
1.78 -7.18731
1.79 -10.4764
1.8 -8.83186
1.81 -13.7655
1.82 -10.4764
1.83 -12.121
1.84 -17.0546
1.85 -17.0546
1.86 -25.2774
1.87 -20.3437
1.88 -23.6329
1.89 -23.6329
1.9 -25.2774
1.91 -28.5665
1.92 -26.922
1.93 -25.2774
1.94 -26.922
1.95 -33.5002
1.96 -26.922
1.97 -36.7893
1.98 -36.7893
1.99 -38.4338
2 -40.0784
2.01 -40.0784
2.02 -45.0121
2.03 -38.4338
2.04 -48.3012
2.05 -53.2348
2.06 -53.2348
2.07 -59.8131
2.08 -61.4576
2.09 -56.5239
2.1 -59.8131
2.11 -66.3913
2.12 -72.9695
2.13 -71.3249
2.14 -68.0358
2.15 -72.9695
2.16 -74.614
2.17 -74.614
2.18 -72.9695
2.19 -76.2586
2.2 -76.2586
2.21 -77.9032
2.22 -82.8368
2.23 -79.5477
2.24 -84.4814
2.25 -86.1259
2.26 -86.1259
2.27 -91.0596
2.28 -94.3487
2.29 -91.0596
2.3 -94.3487
2.31 -95.9933
2.32 -95.9933
2.33 -97.6378
2.34 -97.6378
2.35 -104.216
2.36 -105.861
2.37 -115.728
2.38 -117.372
2.39 -110.794
2.4 -112.439
2.41 -114.083
2.42 -120.662
2.43 -123.951
2.44 -125.595
2.45 -122.306
2.46 -123.951
2.47 -125.595
2.48 -120.662
2.49 -119.017
2.5 -123.951
2.51 -122.306
2.52 -120.662
2.53 -117.372
2.54 -127.24
2.55 -122.306
2.56 -123.951
2.57 -123.951
2.58 -110.794
2.59 -115.728
2.6 -107.505
2.61 -104.216
2.62 -109.15
2.63 -112.439
2.64 -112.439
2.65 -94.3487
2.66 -100.927
2.67 -87.7705
2.68 -94.3487
2.69 -92.7041
2.7 -97.6378
2.71 -81.1923
2.72 -84.4814
2.73 -74.614
2.74 -79.5477
2.75 -79.5477
2.76 -72.9695
2.77 -71.3249
2.78 -72.9695
2.79 -68.0358
2.8 -71.3249
2.81 -58.1685
2.82 -58.1685
2.83 -48.3012
2.84 -54.8794
2.85 -46.6566
2.86 -38.4338
2.87 -43.3675
2.88 -31.8556
2.89 -33.5002
2.9 -35.1447
2.91 -21.9883
2.92 -17.0546
2.93 -20.3437
2.94 -7.18731
2.95 -7.18731
2.96 -12.121
2.97 -3.8982
2.98 -0.609091
2.99 -5.54275
3 7.61368
3.01 7.61368
3.02 10.9028
3.03 10.9028
3.04 10.9028
3.05 22.4147
3.06 19.1256
3.07 27.3483
3.08 24.0592
3.09 22.4147
3.1 27.3483
3.11 27.3483
3.12 33.9266
3.13 28.9929
3.14 30.6374
3.15 32.282
3.16 38.8602
3.17 38.8602
3.18 47.083
3.19 45.4384
3.2 42.1493
3.21 43.7939
3.22 42.1493
3.23 52.0167
3.24 47.083
3.25 47.083
3.26 52.0167
3.27 56.9503
3.28 53.6612
3.29 52.0167
3.3 45.4384
3.31 58.5949
3.32 60.2394
3.33 52.0167
3.34 65.1731
3.35 63.5285
3.36 58.5949
3.37 65.1731
3.38 58.5949
3.39 55.3058
3.4 73.3959
3.41 70.1068
3.42 75.0404
3.43 73.3959
3.44 68.4622
3.45 88.1969
3.46 81.6186
3.47 84.9077
3.48 84.9077
3.49 89.8414
3.5 81.6186
3.51 84.9077
3.52 89.8414
3.53 75.0404
3.54 73.3959
3.55 98.0642
3.56 99.7087
3.57 98.0642
3.58 94.7751
3.59 101.353
3.6 107.932
3.61 112.865
3.62 109.576
3.63 102.998
3.64 112.865
3.65 106.287
3.66 99.7087
3.67 114.51
3.68 114.51
3.69 119.443
3.7 116.154
3.71 114.51
3.72 117.799
3.73 117.799
3.74 129.311
3.75 119.443
3.76 127.666
3.77 129.311
3.78 127.666
3.79 127.666
3.8 119.443
3.81 119.443
3.82 135.889
3.83 135.889
3.84 135.889
3.85 142.467
3.86 142.467
3.87 135.889
3.88 149.045
3.89 144.112
3.9 144.112
3.91 144.112
3.92 149.045
3.93 145.756
3.94 144.112
3.95 150.69
3.96 149.045
3.97 147.401
3.98 147.401
3.99 147.401
4 147.401
4.01 145.756
4.02 149.045
4.03 142.467
4.04 145.756
4.05 145.756
4.06 149.045
4.07 144.112
4.08 149.045
4.09 139.178
4.1 132.6
4.11 127.666
4.12 121.088
4.13 114.51
4.14 107.932
4.15 106.287
4.16 70.1068
4.17 70.1068
4.18 55.3058
4.19 52.0167
4.2 52.0167
4.21 56.9503
4.22 37.2157
4.23 38.8602
4.24 35.5711
4.25 27.3483
4.26 25.7038
4.27 19.1256
4.28 20.7701
4.29 4.32457
4.3 7.61368
4.31 5.96913
4.32 -3.8982
4.33 -7.18731
4.34 -13.7655
4.35 -13.7655
4.36 -15.4101
4.37 -25.2774
4.38 -28.5665
4.39 -31.8556
4.4 -30.2111
4.41 -31.8556
4.42 -38.4338
4.43 -46.6566
4.44 -45.0121
4.45 -45.0121
4.46 -56.5239
4.47 -56.5239
4.48 -53.2348
4.49 -56.5239
4.5 -54.8794
4.51 -61.4576
4.52 -61.4576
4.53 -68.0358
4.54 -74.614
4.55 -76.2586
4.56 -76.2586
4.57 -76.2586
4.58 -81.1923
4.59 -82.8368
4.6 -84.4814
4.61 -86.1259
4.62 -89.415
4.63 -95.9933
4.64 -100.927
4.65 -100.927
4.66 -110.794
4.67 -104.216
4.68 -107.505
4.69 -110.794
4.7 -115.728
4.71 -125.595
4.72 -125.595
4.73 -133.818
4.74 -132.173
4.75 -133.818
4.76 -130.529
4.77 -137.107
4.78 -150.264
4.79 -150.264
4.8 -158.486
4.81 -158.486
4.82 -158.486
4.83 -158.486
4.84 -161.775
4.85 -165.065
4.86 -174.932
4.87 -171.643
4.88 -176.576
4.89 -188.088
4.9 -183.155
4.91 -183.155
4.92 -189.733
4.93 -189.733
4.94 -196.311
4.95 -196.311
4.96 -199.6
4.97 -209.468
4.98 -216.046
4.99 -214.401
5 -222.624
5.01 -222.624
5.02 -224.269
5.03 -227.558
5.04 -229.202
5.05 -229.202
5.06 -225.913
5.07 -227.558
5.08 -234.136
5.09 -225.913
5.1 -225.913
5.11 -232.491
5.12 -235.78
5.13 -202.889
5.14 -196.311
5.15 -181.51
5.16 -186.444
5.17 -186.444
5.18 -173.287
5.19 -169.998
5.2 -161.775
5.21 -166.709
5.22 -156.842
5.23 -153.553
5.24 -153.553
5.25 -142.041
5.26 -140.396
5.27 -140.396
5.28 -123.951
5.29 -120.662
5.3 -117.372
5.31 -112.439
5.32 -105.861
5.33 -112.439
5.34 -99.2824
5.35 -92.7041
5.36 -92.7041
5.37 -79.5477
5.38 -74.614
5.39 -71.3249
5.4 -61.4576
5.41 -59.8131
5.42 -63.1022
5.43 -40.0784
5.44 -41.723
5.45 -41.723
5.46 -31.8556
5.47 -26.922
5.48 -25.2774
5.49 -15.4101
5.5 -10.4764
5.51 -10.4764
5.52 -5.54275
5.53 4.32457
5.54 4.32457
5.55 9.25824
5.56 5.96913
5.57 12.5473
5.58 19.1256
5.59 14.1919
5.6 27.3483
5.61 25.7038
5.62 22.4147
5.63 28.9929
5.64 30.6374
5.65 33.9266
5.66 37.2157
5.67 30.6374
5.68 42.1493
5.69 43.7939
5.7 42.1493
5.71 47.083
5.72 38.8602
5.73 40.5048
5.74 37.2157
5.75 52.0167
5.76 45.4384
5.77 50.3721
5.78 52.0167
5.79 47.083
5.8 47.083
5.81 48.7275
5.82 52.0167
5.83 45.4384
5.84 45.4384
5.85 47.083
5.86 47.083
5.87 50.3721
5.88 47.083
5.89 43.7939
5.9 37.2157
5.91 42.1493
5.92 45.4384
5.93 42.1493
5.94 38.8602
5.95 37.2157
5.96 38.8602
5.97 35.5711
5.98 32.282
5.99 28.9929
6 27.3483
6.01 28.9929
6.02 20.7701
6.03 22.4147
6.04 19.1256
6.05 10.9028
6.06 10.9028
6.07 12.5473
6.08 9.25824
6.09 5.96913
6.1 1.03546
6.11 -3.8982
6.12 -3.8982
6.13 -5.54275
6.14 -3.8982
6.15 -7.18731
6.16 -17.0546
6.17 -10.4764
6.18 -13.7655
6.19 -17.0546
6.2 -20.3437
6.21 -25.2774
6.22 -25.2774
6.23 -21.9883
6.24 -18.6992
6.25 -23.6329
6.26 -25.2774
6.27 -21.9883
6.28 -21.9883
6.29 -23.6329
6.3 -20.3437
6.31 -25.2774
6.32 -25.2774
6.33 -21.9883
6.34 -23.6329
6.35 -26.922
6.36 -25.2774
6.37 -23.6329
6.38 -26.922
6.39 -28.5665
6.4 -23.6329
6.41 -21.9883
6.42 -17.0546
6.43 -17.0546
6.44 -12.121
6.45 -13.7655
6.46 -13.7655
6.47 -12.121
6.48 -12.121
6.49 -0.609091
6.5 -0.609091
6.51 -7.18731
6.52 5.96913
6.53 4.32457
6.54 7.61368
6.55 12.5473
6.56 10.9028
6.57 12.5473
6.58 17.481
6.59 19.1256
6.6 19.1256
6.61 17.481
6.62 30.6374
6.63 27.3483
6.64 35.5711
6.65 37.2157
6.66 35.5711
6.67 40.5048
6.68 45.4384
6.69 45.4384
6.7 52.0167
6.71 45.4384
6.72 52.0167
6.73 52.0167
6.74 65.1731
6.75 63.5285
6.76 53.6612
6.77 76.685
6.78 81.6186
6.79 96.4196
6.8 93.1305
6.81 86.5523
6.82 116.154
6.83 117.799
6.84 127.666
6.85 129.311
6.86 129.311
6.87 116.154
6.88 142.467
6.89 144.112
6.9 142.467
6.91 155.624
6.92 155.624
6.93 153.979
6.94 150.69
6.95 145.756
6.96 139.178
6.97 162.202
6.98 162.202
6.99 157.268
7 163.846
7.01 167.135
7.02 163.846
7.03 160.557
7.04 160.557
7.05 162.202
7.06 153.979
7.07 165.491
7.08 140.823
7.09 145.756
7.1 142.467
7.11 142.467
7.12 149.045
7.13 144.112
7.14 144.112
7.15 142.467
7.16 135.889
7.17 127.666
7.18 129.311
7.19 124.377
7.2 129.311
7.21 121.088
7.22 121.088
7.23 116.154
7.24 116.154
7.25 114.51
7.26 116.154
7.27 109.576
7.28 112.865
7.29 107.932
7.3 106.287
7.31 111.221
7.32 101.353
7.33 98.0642
7.34 96.4196
7.35 102.998
7.36 91.486
7.37 89.8414
7.38 84.9077
7.39 79.9741
7.4 75.0404
7.41 73.3959
7.42 78.3295
7.43 66.8176
7.44 66.8176
7.45 55.3058
7.46 56.9503
7.47 55.3058
7.48 53.6612
7.49 50.3721
7.5 45.4384
7.51 47.083
7.52 52.0167
7.53 50.3721
7.54 52.0167
7.55 40.5048
7.56 38.8602
7.57 40.5048
7.58 37.2157
7.59 38.8602
7.6 37.2157
7.61 32.282
7.62 33.9266
7.63 38.8602
7.64 37.2157
7.65 28.9929
7.66 32.282
7.67 22.4147
7.68 20.7701
7.69 24.0592
7.7 25.7038
7.71 27.3483
7.72 25.7038
7.73 20.7701
7.74 15.8365
7.75 17.481
7.76 20.7701
7.77 17.481
7.78 4.32457
7.79 7.61368
7.8 -2.25365
7.81 -5.54275
7.82 -2.25365
7.83 -0.609091
7.84 -10.4764
7.85 -13.7655
7.86 -17.0546
7.87 -17.0546
7.88 -20.3437
7.89 -21.9883
7.9 -35.1447
7.91 -35.1447
7.92 -45.0121
7.93 -41.723
7.94 -43.3675
7.95 -53.2348
7.96 -56.5239
7.97 -66.3913
7.98 -59.8131
7.99 -64.7467
8 -81.1923
8.01 -74.614
8.02 -79.5477
8.03 -89.415
8.04 -84.4814
8.05 -87.7705
8.06 -100.927
8.07 -99.2824
8.08 -104.216
8.09 -107.505
8.1 -110.794
8.11 -112.439
8.12 -123.951
8.13 -122.306
8.14 -130.529
8.15 -133.818
8.16 -137.107
8.17 -137.107
8.18 -135.463
8.19 -148.619
8.2 -155.197
8.21 -155.197
8.22 -156.842
8.23 -155.197
8.24 -158.486
8.25 -165.065
8.26 -174.932
8.27 -168.354
8.28 -171.643
8.29 -181.51
8.3 -178.221
8.31 -176.576
8.32 -181.51
8.33 -183.155
8.34 -183.155
8.35 -189.733
8.36 -194.667
8.37 -194.667
8.38 -197.956
8.39 -204.534
8.4 -199.6
8.41 -199.6
8.42 -202.889
8.43 -199.6
8.44 -201.245
8.45 -202.889
8.46 -199.6
8.47 -201.245
8.48 -202.889
8.49 -204.534
8.5 -181.51
8.51 -183.155
8.52 -171.643
8.53 -169.998
8.54 -174.932
8.55 -158.486
8.56 -153.553
8.57 -156.842
8.58 -140.396
8.59 -137.107
8.6 -140.396
8.61 -125.595
8.62 -119.017
8.63 -123.951
8.64 -107.505
8.65 -104.216
8.66 -104.216
8.67 -91.0596
8.68 -86.1259
8.69 -87.7705
8.7 -77.9032
8.71 -66.3913
8.72 -69.6804
8.73 -48.3012
8.74 -46.6566
8.75 -48.3012
8.76 -46.6566
8.77 -33.5002
8.78 -31.8556
8.79 -18.6992
8.8 -12.121
8.81 -20.3437
8.82 -5.54275
8.83 -5.54275
8.84 -0.609091
8.85 12.5473
8.86 10.9028
8.87 4.32457
8.88 17.481
8.89 25.7038
8.9 24.0592
8.91 37.2157
8.92 47.083
8.93 40.5048
8.94 50.3721
8.95 53.6612
8.96 50.3721
8.97 68.4622
8.98 79.9741
8.99 76.685
9 106.287
9.01 117.799
9.02 111.221
9.03 139.178
9.04 149.045
9.05 150.69
9.06 177.003
9.07 183.581
9.08 181.936
9.09 203.316
9.1 204.96
9.11 208.249
9.12 204.96
9.13 232.918
9.14 227.984
9.15 246.074
9.16 247.719
9.17 239.496
9.18 262.52
9.19 259.231
9.2 277.321
9.21 270.742
9.22 262.52
9.23 262.52
9.24 287.188
9.25 282.254
9.26 290.477
9.27 293.766
9.28 297.055
9.29 298.7
9.3 293.766
9.31 298.7
9.32 297.055
9.33 292.122
9.34 295.411
9.35 298.7
9.36 295.411
9.37 297.055
9.38 301.989
9.39 298.7
9.4 288.833
9.41 282.254
9.42 280.61
9.43 277.321
9.44 267.453
9.45 259.231
9.46 255.941
9.47 257.586
9.48 246.074
9.49 237.851
9.5 234.562
9.51 229.629
9.52 227.984
9.53 219.761
9.54 186.87
9.55 193.448
9.56 188.515
9.57 165.491
9.58 165.491
9.59 167.135
9.6 157.268
9.61 153.979
9.62 122.732
9.63 119.443
9.64 109.576
9.65 106.287
9.66 107.932
9.67 96.4196
9.68 94.7751
9.69 65.1731
9.7 61.884
9.71 53.6612
9.72 52.0167
9.73 48.7275
9.74 47.083
9.75 47.083
9.76 38.8602
9.77 37.2157
9.78 40.5048
9.79 38.8602
9.8 27.3483
9.81 28.9929
9.82 22.4147
9.83 24.0592
9.84 15.8365
9.85 19.1256
9.86 10.9028
9.87 7.61368
9.88 14.1919
9.89 9.25824
9.9 -2.25365
9.91 -7.18731
9.92 -10.4764
9.93 -10.4764
9.94 -13.7655
9.95 -17.0546
9.96 -23.6329
9.97 -18.6992
9.98 -36.7893
9.99 -33.5002
10 -36.7893
10.01 -48.3012
10.02 -45.0121
10.03 -59.8131
10.04 -58.1685
10.05 -61.4576
10.06 -68.0358
10.07 -68.0358
10.08 -79.5477
10.09 -77.9032
10.1 -82.8368
10.11 -94.3487
10.12 -94.3487
10.13 -100.927
10.14 -99.2824
10.15 -105.861
10.16 -117.372
10.17 -119.017
10.18 -125.595
10.19 -125.595
10.2 -127.24
10.21 -138.752
10.22 -138.752
10.23 -145.33
10.24 -153.553
10.25 -156.842
10.26 -163.42
10.27 -165.065
10.28 -165.065
10.29 -169.998
10.3 -169.998
10.31 -191.377
10.32 -186.444
10.33 -212.757
10.34 -214.401
10.35 -217.69
10.36 -255.515
10.37 -255.515
10.38 -281.828
10.39 -276.894
10.4 -283.472
10.41 -290.051
10.42 -327.875
10.43 -326.231
10.44 -354.188
10.45 -354.188
10.46 -349.255
10.47 -359.122
10.48 -362.411
10.49 -365.7
10.5 -373.923
10.51 -385.435
10.52 -390.369
10.53 -395.302
10.54 -403.525
10.55 -401.88
10.56 -408.459
10.57 -400.236
10.58 -405.17
10.59 -403.525
10.6 -403.525
10.61 -408.459
10.62 -405.17
10.63 -408.459
10.64 -405.17
10.65 -401.88
10.66 -411.748
10.67 -411.748
10.68 -364.056
10.69 -362.411
10.7 -352.544
10.71 -345.966
10.72 -349.255
10.73 -308.141
10.74 -314.719
10.75 -283.472
10.76 -285.117
10.77 -286.762
10.78 -248.937
10.79 -227.558
10.8 -234.136
10.81 -197.956
10.82 -186.444
10.83 -189.733
10.84 -176.576
10.85 -168.354
10.86 -173.287
10.87 -160.131
10.88 -151.908
10.89 -151.908
10.9 -142.041
10.91 -135.463
10.92 -137.107
10.93 -122.306
10.94 -120.662
10.95 -117.372
10.96 -109.15
10.97 -102.571
10.98 -105.861
10.99 -86.1259
11 -81.1923
11.01 -86.1259
11.02 -71.3249
11.03 -71.3249
11.04 -72.9695
11.05 -54.8794
11.06 -51.5903
11.07 -58.1685
11.08 -35.1447
11.09 -31.8556
11.1 -33.5002
11.11 -30.2111
11.12 -20.3437
11.13 -23.6329
11.14 -15.4101
11.15 -7.18731
11.16 -15.4101
11.17 4.32457
11.18 10.9028
11.19 5.96913
11.2 15.8365
11.21 30.6374
11.22 19.1256
11.23 33.9266
11.24 37.2157
11.25 38.8602
11.26 48.7275
11.27 53.6612
11.28 56.9503
11.29 71.7513
11.3 93.1305
11.31 86.5523
11.32 122.732
11.33 140.823
11.34 134.244
11.35 178.647
11.36 195.093
11.37 185.226
11.38 224.695
11.39 247.719
11.4 242.785
11.41 283.899
11.42 303.633
11.43 293.766
11.44 329.946
11.45 349.681
11.46 343.103
11.47 384.217
11.48 400.662
11.49 387.506
11.5 430.264
11.51 438.487
11.52 436.842
11.53 473.023
11.54 486.179
11.55 476.312
11.56 509.203
11.57 519.07
11.58 519.07
11.59 542.094
11.6 548.672
11.61 548.672
11.62 566.762
11.63 579.919
11.64 579.919
11.65 574.985
11.66 602.942
11.67 599.653
11.68 609.521
11.69 612.81
11.7 606.232
11.71 606.232
11.72 598.009
11.73 621.033
11.74 621.033
11.75 625.966
11.76 629.255
11.77 619.388
11.78 624.322
11.79 621.033
11.8 624.322
11.81 602.942
11.82 598.009
11.83 598.009
11.84 593.075
11.85 586.497
11.86 578.274
11.87 571.696
11.88 533.871
11.89 532.227
11.9 512.492
11.91 507.558
11.92 504.269
11.93 469.733
11.94 464.8
11.95 458.222
11.96 407.24
11.97 389.15
11.98 385.861
11.99 352.97
12 323.368
12.01 325.013
12.02 285.543
12.03 259.231
12.04 255.941
12.05 214.828
12.06 190.159
12.07 183.581
12.08 134.244
12.09 112.865
12.1 106.287
12.11 58.5949
12.12 45.4384
12.13 33.9266
12.14 25.7038
12.15 17.481
12.16 12.5473
12.17 1.03546
12.18 -7.18731
12.19 -13.7655
12.2 -30.2111
12.21 -43.3675
12.22 -40.0784
12.23 -64.7467
12.24 -74.614
12.25 -76.2586
12.26 -99.2824
12.27 -107.505
12.28 -114.083
12.29 -135.463
12.3 -140.396
12.31 -143.685
12.32 -169.998
12.33 -173.287
12.34 -176.576
12.35 -225.913
12.36 -265.382
12.37 -301.563
12.38 -303.207
12.39 -377.212
12.4 -419.971
12.41 -424.904
12.42 -497.265
12.43 -535.089
12.44 -543.312
12.45 -610.739
12.46 -641.985
12.47 -650.208
12.48 -706.123
12.49 -734.08
12.5 -739.014
12.51 -789.995
12.52 -783.417
12.53 -831.109
12.54 -836.043
12.55 -836.043
12.56 -839.332
12.57 -885.379
12.58 -888.669
12.59 -887.024
12.6 -887.024
12.61 -887.024
12.62 -883.735
12.63 -885.379
12.64 -887.024
12.65 -890.313
12.66 -855.778
12.67 -864
12.68 -862.356
12.69 -811.375
12.7 -817.953
12.71 -821.242
12.72 -752.171
12.73 -729.147
12.74 -735.725
12.75 -679.81
12.76 -650.208
12.77 -656.786
12.78 -591.004
12.79 -554.824
12.8 -558.113
12.81 -495.62
12.82 -461.084
12.83 -466.018
12.84 -392.013
12.85 -362.411
12.86 -365.7
12.87 -291.695
12.88 -255.515
12.89 -260.449
12.9 -196.311
12.91 -183.155
12.92 -188.088
12.93 -163.42
12.94 -155.197
12.95 -151.908
12.96 -135.463
12.97 -122.306
12.98 -123.951
12.99 -102.571
13 -94.3487
13.01 -94.3487
13.02 -74.614
13.03 -64.7467
13.04 -68.0358
13.05 -48.3012
13.06 -35.1447
13.07 -38.4338
13.08 -17.0546
13.09 -8.83186
13.1 -15.4101
13.11 5.96913
13.12 12.5473
13.13 10.9028
13.14 24.0592
13.15 35.5711
13.16 25.7038
13.17 47.083
13.18 52.0167
13.19 48.7275
13.2 75.0404
13.21 102.998
13.22 94.7751
13.23 139.178
13.24 147.401
13.25 149.045
13.26 181.936
13.27 193.448
13.28 196.737
13.29 227.984
13.3 241.14
13.31 236.207
13.32 274.032
13.33 280.61
13.34 275.676
13.35 301.989
13.36 323.368
13.37 313.501
13.38 344.747
13.39 344.747
13.4 341.458
13.41 371.06
13.42 379.283
13.43 374.349
13.44 397.373
13.45 394.084
13.46 412.174
13.47 408.885
13.48 403.951
13.49 430.264
13.5 433.553
13.51 441.776
13.52 440.132
13.53 436.842
13.54 426.975
13.55 458.222
13.56 459.866
13.57 456.577
13.58 454.933
13.59 464.8
13.6 471.378
13.61 469.733
13.62 459.866
13.63 466.444
13.64 466.444
13.65 466.444
13.66 463.155
13.67 471.378
13.68 468.089
13.69 466.444
13.7 463.155
13.71 449.999
13.72 443.421
13.73 438.487
13.74 435.198
13.75 433.553
13.76 420.397
13.77 420.397
13.78 412.174
13.79 380.928
13.8 374.349
13.81 359.548
13.82 361.193
13.83 354.615
13.84 349.681
13.85 321.724
13.86 320.079
13.87 295.411
13.88 292.122
13.89 292.122
13.9 257.586
13.91 260.875
13.92 232.918
13.93 241.14
13.94 229.629
13.95 193.448
13.96 198.382
13.97 190.159
13.98 181.936
13.99 137.533
14 134.244
14.01 104.642
14.02 102.998
14.03 96.4196
14.04 55.3058
14.05 53.6612
14.06 45.4384
14.07 40.5048
14.08 32.282
14.09 28.9929
14.1 24.0592
14.11 12.5473
14.12 14.1919
14.13 -0.609091
14.14 -7.18731
14.15 -8.83186
14.16 -13.7655
14.17 -21.9883
14.18 -20.3437
14.19 -38.4338
14.2 -40.0784
14.21 -41.723
14.22 -51.5903
14.23 -61.4576
14.24 -61.4576
14.25 -76.2586
14.26 -81.1923
14.27 -84.4814
14.28 -99.2824
14.29 -107.505
14.3 -105.861
14.31 -114.083
14.32 -123.951
14.33 -127.24
14.34 -137.107
14.35 -148.619
14.36 -148.619
14.37 -166.709
14.38 -168.354
14.39 -173.287
14.4 -179.866
14.41 -178.221
14.42 -181.51
14.43 -199.6
14.44 -202.889
14.45 -235.78
14.46 -239.07
14.47 -276.894
14.48 -275.25
14.49 -278.539
14.5 -329.52
14.51 -326.231
14.52 -355.833
14.53 -359.122
14.54 -367.345
14.55 -372.278
14.56 -372.278
14.57 -418.326
14.58 -424.904
14.59 -423.26
14.6 -446.283
14.61 -451.217
14.62 -454.506
14.63 -447.928
14.64 -446.283
14.65 -452.862
14.66 -446.283
14.67 -446.283
14.68 -447.928
14.69 -451.217
14.7 -447.928
14.71 -447.928
14.72 -451.217
14.73 -449.572
14.74 -454.506
14.75 -416.681
14.76 -411.748
14.77 -388.724
14.78 -387.079
14.79 -395.302
14.8 -349.255
14.81 -329.52
14.82 -329.52
14.83 -296.629
14.84 -276.894
14.85 -286.762
14.86 -244.003
14.87 -229.202
14.88 -232.491
14.89 -193.022
14.9 -184.799
14.91 -188.088
14.92 -171.643
14.93 -166.709
14.94 -169.998
14.95 -155.197
14.96 -145.33
14.97 -146.974
14.98 -128.884
14.99 -122.306
15 -125.595
15.01 -105.861
15.02 -100.927
15.03 -107.505
15.04 -86.1259
15.05 -79.5477
15.06 -77.9032
15.07 -68.0358
15.08 -54.8794
15.09 -63.1022
15.1 -40.0784
15.11 -33.5002
15.12 -40.0784
15.13 -25.2774
15.14 -17.0546
15.15 -23.6329
15.16 -3.8982
15.17 -2.25365
15.18 -2.25365
15.19 17.481
15.2 20.7701
15.21 17.481
15.22 30.6374
15.23 38.8602
15.24 40.5048
15.25 50.3721
15.26 56.9503
15.27 50.3721
15.28 73.3959
15.29 89.8414
15.3 86.5523
15.31 117.799
15.32 135.889
15.33 127.666
15.34 157.268
15.35 180.292
15.36 167.135
15.37 203.316
15.38 214.828
15.39 206.605
15.4 237.851
15.41 255.941
15.42 246.074
15.43 275.676
15.44 278.965
15.45 278.965
15.46 300.344
15.47 306.923
15.48 306.923
15.49 325.013
15.5 325.013
15.51 338.169
15.52 339.814
15.53 333.235
15.54 362.837
15.55 357.904
15.56 371.06
15.57 367.771
15.58 362.837
15.59 362.837
15.6 352.97
15.61 382.572
15.62 379.283
15.63 382.572
15.64 375.994
15.65 387.506
15.66 377.638
15.67 374.349
15.68 377.638
15.69 379.283
15.7 375.994
15.71 359.548
15.72 354.615
15.73 361.193
15.74 361.193
15.75 349.681
15.76 344.747
15.77 338.169
15.78 333.235
15.79 325.013
15.8 323.368
15.81 315.145
15.82 305.278
15.83 305.278
15.84 298.7
15.85 264.164
15.86 262.52
15.87 246.074
15.88 244.43
15.89 239.496
15.9 234.562
15.91 204.96
15.92 209.894
15.93 186.87
15.94 186.87
15.95 183.581
15.96 150.69
15.97 150.69
15.98 129.311
15.99 130.955
16 122.732
16.01 96.4196
16.02 91.486
16.03 66.8176
16.04 68.4622
16.05 61.884
16.06 45.4384
16.07 43.7939
16.08 38.8602
16.09 40.5048
16.1 40.5048
16.11 22.4147
16.12 27.3483
16.13 15.8365
16.14 17.481
16.15 10.9028
16.16 -0.609091
16.17 1.03546
16.18 -3.8982
16.19 -7.18731
16.2 -7.18731
16.21 -12.121
16.22 -17.0546
16.23 -21.9883
16.24 -25.2774
16.25 -25.2774
16.26 -45.0121
16.27 -45.0121
16.28 -48.3012
16.29 -51.5903
16.3 -46.6566
16.31 -58.1685
16.32 -63.1022
16.33 -74.614
16.34 -74.614
16.35 -72.9695
16.36 -86.1259
16.37 -82.8368
16.38 -94.3487
16.39 -92.7041
16.4 -91.0596
16.41 -107.505
16.42 -112.439
16.43 -115.728
16.44 -119.017
16.45 -115.728
16.46 -130.529
16.47 -132.173
16.48 -137.107
16.49 -135.463
16.5 -135.463
16.51 -135.463
16.52 -151.908
16.53 -150.264
16.54 -168.354
16.55 -158.486
16.56 -158.486
16.57 -165.065
16.58 -166.709
16.59 -173.287
16.6 -181.51
16.61 -188.088
16.62 -188.088
16.63 -184.799
16.64 -186.444
16.65 -189.733
16.66 -207.823
16.67 -209.468
16.68 -204.534
16.69 -232.491
16.7 -234.136
16.71 -232.491
16.72 -227.558
16.73 -240.714
16.74 -248.937
16.75 -248.937
16.76 -253.87
16.77 -257.16
16.78 -267.027
16.79 -268.671
16.8 -265.382
16.81 -275.25
16.82 -273.605
16.83 -270.316
16.84 -273.605
16.85 -273.605
16.86 -270.316
16.87 -273.605
16.88 -273.605
16.89 -273.605
16.9 -271.961
16.91 -268.671
16.92 -270.316
16.93 -273.605
16.94 -270.316
16.95 -276.894
16.96 -278.539
16.97 -281.828
16.98 -247.292
16.99 -242.359
17 -242.359
17.01 -220.979
17.02 -220.979
17.03 -224.269
17.04 -229.202
17.05 -191.377
17.06 -191.377
17.07 -188.088
17.08 -186.444
17.09 -184.799
17.1 -173.287
17.11 -171.643
17.12 -165.065
17.13 -169.998
17.14 -168.354
17.15 -158.486
17.16 -158.486
17.17 -148.619
17.18 -155.197
17.19 -140.396
17.2 -138.752
17.21 -140.396
17.22 -127.24
17.23 -127.24
17.24 -123.951
17.25 -115.728
17.26 -112.439
17.27 -117.372
17.28 -104.216
17.29 -95.9933
17.3 -100.927
17.31 -87.7705
17.32 -82.8368
17.33 -82.8368
17.34 -77.9032
17.35 -69.6804
17.36 -69.6804
17.37 -63.1022
17.38 -59.8131
17.39 -53.2348
17.4 -49.9457
17.41 -41.723
17.42 -49.9457
17.43 -33.5002
17.44 -26.922
17.45 -33.5002
17.46 -20.3437
17.47 -20.3437
17.48 -21.9883
17.49 -7.18731
17.5 -7.18731
17.51 -8.83186
17.52 4.32457
17.53 9.25824
17.54 5.96913
17.55 22.4147
17.56 20.7701
17.57 25.7038
17.58 25.7038
17.59 37.2157
17.6 37.2157
17.61 43.7939
17.62 52.0167
17.63 42.1493
17.64 55.3058
17.65 66.8176
17.66 61.884
17.67 93.1305
17.68 104.642
17.69 96.4196
17.7 130.955
17.71 140.823
17.72 139.178
17.73 168.78
17.74 180.292
17.75 177.003
17.76 201.671
17.77 209.894
17.78 206.605
17.79 234.562
17.8 251.008
17.81 241.14
17.82 272.387
17.83 283.899
17.84 274.032
17.85 297.055
17.86 315.145
17.87 297.055
17.88 326.657
17.89 331.591
17.9 334.88
17.91 328.302
17.92 354.615
17.93 352.97
17.94 369.416
17.95 367.771
17.96 361.193
17.97 362.837
17.98 382.572
17.99 380.928
18 389.15
18.01 380.928
18.02 394.084
18.03 395.729
18.04 395.729
18.05 392.439
18.06 395.729
18.07 394.084
18.08 389.15
18.09 397.373
18.1 394.084
18.11 392.439
18.12 395.729
18.13 387.506
18.14 382.572
18.15 382.572
18.16 369.416
18.17 361.193
18.18 359.548
18.19 357.904
18.2 346.392
18.21 320.079
18.22 318.434
18.23 301.989
18.24 301.989
18.25 297.055
18.26 287.188
18.27 252.652
18.28 257.586
18.29 231.273
18.3 229.629
18.31 226.339
18.32 195.093
18.33 190.159
18.34 162.202
18.35 160.557
18.36 144.112
18.37 140.823
18.38 130.955
18.39 129.311
18.4 73.3959
18.41 76.685
18.42 56.9503
18.43 56.9503
18.44 50.3721
18.45 38.8602
18.46 33.9266
18.47 30.6374
18.48 15.8365
18.49 14.1919
18.5 12.5473
18.51 7.61368
18.52 2.68002
18.53 -5.54275
18.54 -12.121
18.55 -17.0546
18.56 -18.6992
18.57 -35.1447
18.58 -38.4338
18.59 -40.0784
18.6 -45.0121
18.61 -53.2348
18.62 -54.8794
18.63 -71.3249
18.64 -72.9695
18.65 -72.9695
18.66 -87.7705
18.67 -94.3487
18.68 -95.9933
18.69 -104.216
18.7 -99.2824
18.71 -105.861
18.72 -123.951
18.73 -127.24
18.74 -133.818
18.75 -138.752
18.76 -140.396
18.77 -153.553
18.78 -153.553
18.79 -171.643
18.8 -163.42
18.81 -168.354
18.82 -166.709
18.83 -186.444
18.84 -189.733
18.85 -209.468
18.86 -211.112
18.87 -212.757
18.88 -257.16
18.89 -255.515
18.9 -293.34
18.91 -290.051
18.92 -291.695
18.93 -334.454
18.94 -341.032
18.95 -367.345
18.96 -370.634
18.97 -370.634
18.98 -375.568
18.99 -382.146
19 -429.838
19.01 -428.193
19.02 -434.772
19.03 -459.44
19.04 -457.795
19.05 -457.795
19.06 -466.018
19.07 -466.018
19.08 -469.307
19.09 -472.596
19.1 -480.819
19.11 -480.819
19.12 -474.241
19.13 -475.885
19.14 -479.174
19.15 -477.53
19.16 -475.885
19.17 -475.885
19.18 -474.241
19.19 -475.885
19.2 -479.174
19.21 -487.397
19.22 -438.061
19.23 -446.283
19.24 -421.615
19.25 -423.26
19.26 -426.549
19.27 -387.079
19.28 -388.724
19.29 -347.61
19.3 -357.477
19.31 -355.833
19.32 -304.852
19.33 -290.051
19.34 -291.695
19.35 -252.226
19.36 -235.78
19.37 -239.07
19.38 -204.534
19.39 -188.088
19.4 -193.022
19.41 -184.799
19.42 -173.287
19.43 -176.576
19.44 -160.131
19.45 -151.908
19.46 -155.197
19.47 -143.685
19.48 -132.173
19.49 -130.529
19.5 -117.372
19.51 -112.439
19.52 -109.15
19.53 -99.2824
19.54 -91.0596
19.55 -92.7041
19.56 -81.1923
19.57 -71.3249
19.58 -74.614
19.59 -51.5903
19.6 -49.9457
19.61 -48.3012
19.62 -41.723
19.63 -33.5002
19.64 -28.5665
19.65 -18.6992
19.66 -13.7655
19.67 -13.7655
19.68 -0.609091
19.69 15.8365
19.7 10.9028
19.71 24.0592
19.72 25.7038
19.73 28.9929
19.74 38.8602
19.75 48.7275
19.76 52.0167
19.77 50.3721
19.78 78.3295
19.79 101.353
19.8 104.642
19.81 144.112
19.82 155.624
19.83 155.624
19.84 200.027
19.85 214.828
19.86 214.828
19.87 251.008
19.88 265.809
19.89 260.875
19.9 301.989
19.91 316.79
19.92 308.567
19.93 339.814
19.94 361.193
19.95 356.259
19.96 389.15
19.97 405.596
19.98 392.439
19.99 430.264
20 443.421
20.01 435.198
20.02 466.444
20.03 476.312
20.04 461.511
20.05 489.468
20.06 491.113
20.07 505.914
20.08 507.558
20.09 500.98
20.1 522.359
20.11 519.07
20.12 519.07
20.13 537.16
20.14 530.582
20.15 527.293
20.16 530.582
20.17 532.227
20.18 530.582
20.19 530.582
20.2 532.227
20.21 528.937
20.22 524.004
20.23 515.781
20.24 509.203
20.25 509.203
20.26 502.625
20.27 491.113
20.28 454.933
20.29 459.866
20.3 435.198
20.31 435.198
20.32 428.62
20.33 395.729
20.34 397.373
20.35 369.416
20.36 366.127
20.37 343.103
20.38 334.88
20.39 338.169
20.4 298.7
20.41 292.122
20.42 252.652
20.43 242.785
20.44 242.785
20.45 208.249
20.46 193.448
20.47 185.226
20.48 155.624
20.49 142.467
20.5 135.889
20.51 99.7087
20.52 76.685
20.53 71.7513
20.54 52.0167
20.55 43.7939
20.56 47.083
20.57 37.2157
20.58 28.9929
20.59 25.7038
20.6 15.8365
20.61 5.96913
20.62 9.25824
20.63 -2.25365
20.64 -10.4764
20.65 -7.18731
20.66 -28.5665
20.67 -26.922
20.68 -30.2111
20.69 -38.4338
20.7 -41.723
20.71 -46.6566
20.72 -58.1685
20.73 -66.3913
20.74 -64.7467
20.75 -76.2586
20.76 -77.9032
20.77 -82.8368
20.78 -94.3487
20.79 -92.7041
20.8 -89.415
20.81 -110.794
20.82 -115.728
20.83 -132.173
20.84 -123.951
20.85 -130.529
20.86 -125.595
20.87 -148.619
20.88 -146.974
20.89 -166.709
20.9 -163.42
20.91 -163.42
20.92 -174.932
20.93 -179.866
20.94 -184.799
20.95 -184.799
20.96 -184.799
20.97 -201.245
20.98 -204.534
20.99 -227.558
21 -229.202
21.01 -235.78
21.02 -245.648
21.03 -275.25
21.04 -278.539
21.05 -303.207
21.06 -299.918
21.07 -304.852
21.08 -304.852
21.09 -309.785
21.1 -321.297
21.11 -365.7
21.12 -367.345
21.13 -362.411
21.14 -362.411
21.15 -392.013
21.16 -392.013
21.17 -387.079
21.18 -387.079
21.19 -392.013
21.2 -392.013
21.21 -385.435
21.22 -393.658
21.23 -392.013
21.24 -390.369
21.25 -393.658
21.26 -393.658
21.27 -383.79
21.28 -388.724
21.29 -390.369
21.3 -388.724
21.31 -392.013
21.32 -398.591
21.33 -401.88
21.34 -352.544
21.35 -354.188
21.36 -329.52
21.37 -334.454
21.38 -334.454
21.39 -303.207
21.4 -299.918
21.41 -278.539
21.42 -275.25
21.43 -281.828
21.44 -240.714
21.45 -220.979
21.46 -229.202
21.47 -194.667
21.48 -189.733
21.49 -191.377
21.5 -178.221
21.51 -179.866
21.52 -176.576
21.53 -169.998
21.54 -160.131
21.55 -165.065
21.56 -150.264
21.57 -140.396
21.58 -145.33
21.59 -138.752
21.6 -125.595
21.61 -130.529
21.62 -112.439
21.63 -109.15
21.64 -107.505
21.65 -99.2824
21.66 -91.0596
21.67 -97.6378
21.68 -79.5477
21.69 -76.2586
21.7 -76.2586
21.71 -63.1022
21.72 -54.8794
21.73 -59.8131
21.74 -41.723
21.75 -38.4338
21.76 -40.0784
21.77 -20.3437
21.78 -18.6992
21.79 -26.922
21.8 -5.54275
21.81 -5.54275
21.82 -8.83186
21.83 9.25824
21.84 7.61368
21.85 12.5473
21.86 19.1256
21.87 30.6374
21.88 24.0592
21.89 33.9266
21.9 42.1493
21.91 40.5048
21.92 50.3721
21.93 55.3058
21.94 52.0167
21.95 89.8414
21.96 99.7087
21.97 99.7087
21.98 134.244
21.99 145.756
22 144.112
22.01 168.78
22.02 186.87
22.03 177.003
22.04 211.538
22.05 227.984
22.06 218.117
22.07 249.363
22.08 262.52
22.09 252.652
22.1 287.188
22.11 297.055
22.12 295.411
22.13 313.501
22.14 325.013
22.15 316.79
22.16 351.326
22.17 356.259
22.18 354.615
22.19 349.681
22.2 372.705
22.21 375.994
22.22 385.861
22.23 389.15
22.24 382.572
22.25 379.283
22.26 403.951
22.27 405.596
22.28 403.951
22.29 400.662
22.3 412.174
22.31 407.24
22.32 400.662
22.33 402.307
22.34 403.951
22.35 403.951
22.36 402.307
22.37 405.596
22.38 405.596
22.39 400.662
22.4 382.572
22.41 387.506
22.42 384.217
22.43 379.283
22.44 369.416
22.45 364.482
22.46 356.259
22.47 352.97
22.48 348.036
22.49 316.79
22.5 311.856
22.51 293.766
22.52 292.122
22.53 292.122
22.54 282.254
22.55 254.297
22.56 246.074
22.57 227.984
22.58 226.339
22.59 218.117
22.6 186.87
22.61 191.804
22.62 165.491
22.63 165.491
22.64 158.913
22.65 124.377
22.66 119.443
22.67 99.7087
22.68 101.353
22.69 71.7513
22.7 68.4622
22.71 60.2394
22.72 60.2394
22.73 42.1493
22.74 38.8602
22.75 27.3483
22.76 27.3483
22.77 30.6374
22.78 25.7038
22.79 15.8365
22.8 14.1919
22.81 1.03546
22.82 -0.609091
22.83 -2.25365
22.84 -5.54275
22.85 -13.7655
22.86 -15.4101
22.87 -23.6329
22.88 -23.6329
22.89 -26.922
22.9 -31.8556
22.91 -49.9457
22.92 -48.3012
22.93 -59.8131
22.94 -56.5239
22.95 -59.8131
22.96 -64.7467
22.97 -79.5477
22.98 -77.9032
22.99 -89.415
23 -91.0596
23.01 -89.415
23.02 -107.505
23.03 -109.15
23.04 -115.728
23.05 -119.017
23.06 -117.372
23.07 -127.24
23.08 -128.884
23.09 -140.396
23.1 -142.041
23.11 -140.396
23.12 -158.486
23.13 -161.775
23.14 -165.065
23.15 -165.065
23.16 -166.709
23.17 -181.51
23.18 -173.287
23.19 -186.444
23.2 -189.733
23.21 -191.377
23.22 -197.956
23.23 -224.269
23.24 -222.624
23.25 -255.515
23.26 -248.937
23.27 -257.16
23.28 -257.16
23.29 -267.027
23.3 -308.141
23.31 -309.785
23.32 -311.43
23.33 -344.321
23.34 -337.743
23.35 -339.387
23.36 -342.676
23.37 -354.188
23.38 -359.122
23.39 -368.989
23.4 -372.278
23.41 -375.568
23.42 -378.857
23.43 -385.435
23.44 -387.079
23.45 -390.369
23.46 -398.591
23.47 -396.947
23.48 -393.658
23.49 -396.947
23.5 -393.658
23.51 -393.658
23.52 -393.658
23.53 -396.947
23.54 -392.013
23.55 -395.302
23.56 -396.947
23.57 -401.88
23.58 -364.056
23.59 -367.345
23.6 -342.676
23.61 -344.321
23.62 -349.255
23.63 -313.074
23.64 -309.785
23.65 -291.695
23.66 -281.828
23.67 -290.051
23.68 -250.581
23.69 -235.78
23.7 -244.003
23.71 -207.823
23.72 -197.956
23.73 -202.889
23.74 -186.444
23.75 -179.866
23.76 -179.866
23.77 -169.998
23.78 -163.42
23.79 -166.709
23.8 -153.553
23.81 -146.974
23.82 -143.685
23.83 -132.173
23.84 -132.173
23.85 -133.818
23.86 -115.728
23.87 -102.571
23.88 -115.728
23.89 -99.2824
23.9 -94.3487
23.91 -99.2824
23.92 -81.1923
23.93 -72.9695
23.94 -71.3249
23.95 -61.4576
23.96 -58.1685
23.97 -58.1685
23.98 -40.0784
23.99 -36.7893
24 -36.7893
24.01 -26.922
24.02 -12.121
24.03 -23.6329
24.04 -5.54275
24.05 4.32457
24.06 -7.18731
24.07 9.25824
24.08 9.25824
24.09 10.9028
24.1 27.3483
24.11 28.9929
24.12 37.2157
24.13 42.1493
24.14 47.083
24.15 43.7939
24.16 60.2394
24.17 71.7513
24.18 68.4622
24.19 104.642
24.2 117.799
24.21 111.221
24.22 152.334
24.23 163.846
24.24 157.268
24.25 196.737
24.26 209.894
24.27 208.249
24.28 237.851
24.29 255.941
24.3 246.074
24.31 274.032
24.32 293.766
24.33 282.254
24.34 311.856
24.35 326.657
24.36 321.724
24.37 349.681
24.38 352.97
24.39 352.97
24.4 377.638
24.41 385.861
24.42 377.638
24.43 400.662
24.44 397.373
24.45 418.752
24.46 417.108
24.47 405.596
24.48 430.264
24.49 431.909
24.5 428.62
24.51 438.487
24.52 445.065
24.53 438.487
24.54 438.487
24.55 440.132
24.56 445.065
24.57 440.132
24.58 440.132
24.59 443.421
24.6 441.776
24.61 438.487
24.62 436.842
24.63 440.132
24.64 436.842
24.65 431.909
24.66 418.752
24.67 413.819
24.68 412.174
24.69 377.638
24.7 379.283
24.71 361.193
24.72 357.904
24.73 352.97
24.74 352.97
24.75 323.368
24.76 315.145
24.77 295.411
24.78 293.766
24.79 290.477
24.8 259.231
24.81 257.586
24.82 231.273
24.83 232.918
24.84 200.027
24.85 191.804
24.86 190.159
24.87 152.334
24.88 150.69
24.89 119.443
24.9 124.377
24.91 119.443
24.92 79.9741
24.93 71.7513
24.94 47.083
24.95 48.7275
24.96 43.7939
24.97 32.282
24.98 24.0592
24.99 27.3483
25 22.4147
25.01 15.8365
25.02 9.25824
25.03 -2.25365
25.04 -10.4764
25.05 -10.4764
25.06 -15.4101
25.07 -20.3437
25.08 -21.9883
25.09 -35.1447
25.1 -38.4338
25.11 -43.3675
25.12 -53.2348
25.13 -56.5239
25.14 -63.1022
25.15 -72.9695
25.16 -82.8368
25.17 -82.8368
25.18 -89.415
25.19 -100.927
25.2 -99.2824
25.21 -109.15
25.22 -120.662
25.23 -119.017
25.24 -127.24
25.25 -135.463
25.26 -137.107
25.27 -137.107
25.28 -156.842
25.29 -156.842
25.3 -156.842
25.31 -171.643
25.32 -173.287
25.33 -188.088
25.34 -181.51
25.35 -189.733
25.36 -191.377
25.37 -229.202
25.38 -229.202
25.39 -255.515
25.4 -265.382
25.41 -268.671
25.42 -309.785
25.43 -309.785
25.44 -341.032
25.45 -341.032
25.46 -350.899
25.47 -354.188
25.48 -396.947
25.49 -396.947
25.5 -423.26
25.51 -424.904
25.52 -424.904
25.53 -429.838
25.54 -436.416
25.55 -444.639
25.56 -447.928
25.57 -456.151
25.58 -464.373
25.59 -472.596
25.6 -470.952
25.61 -470.952
25.62 -477.53
25.63 -472.596
25.64 -467.663
25.65 -475.885
25.66 -474.241
25.67 -472.596
25.68 -467.663
25.69 -477.53
25.7 -475.885
25.71 -441.35
25.72 -436.416
25.73 -419.971
25.74 -418.326
25.75 -419.971
25.76 -378.857
25.77 -383.79
25.78 -349.255
25.79 -352.544
25.8 -313.074
25.81 -296.629
25.82 -299.918
25.83 -265.382
25.84 -245.648
25.85 -250.581
25.86 -209.468
25.87 -196.311
25.88 -199.6
25.89 -179.866
25.9 -171.643
25.91 -176.576
25.92 -161.775
25.93 -153.553
25.94 -156.842
25.95 -142.041
25.96 -140.396
25.97 -137.107
25.98 -117.372
25.99 -115.728
26 -119.017
26.01 -97.6378
26.02 -94.3487
26.03 -95.9933
26.04 -86.1259
26.05 -76.2586
26.06 -72.9695
26.07 -58.1685
26.08 -58.1685
26.09 -56.5239
26.1 -40.0784
26.11 -33.5002
26.12 -28.5665
26.13 -25.2774
26.14 -13.7655
26.15 -15.4101
26.16 -5.54275
26.17 5.96913
26.18 2.68002
26.19 17.481
26.2 20.7701
26.21 22.4147
26.22 35.5711
26.23 43.7939
26.24 37.2157
26.25 52.0167
26.26 53.6612
26.27 56.9503
26.28 88.1969
26.29 107.932
26.3 98.0642
26.31 137.533
26.32 149.045
26.33 149.045
26.34 180.292
26.35 200.027
26.36 201.671
26.37 232.918
26.38 251.008
26.39 242.785
26.4 278.965
26.41 298.7
26.42 285.543
26.43 313.501
26.44 334.88
26.45 325.013
26.46 356.259
26.47 367.771
26.48 367.771
26.49 394.084
26.5 400.662
26.51 390.795
26.52 418.752
26.53 426.975
26.54 426.975
26.55 428.62
26.56 451.643
26.57 453.288
26.58 463.155
26.59 463.155
26.6 458.222
26.61 451.643
26.62 474.667
26.63 482.89
26.64 482.89
26.65 479.601
26.66 476.312
26.67 482.89
26.68 481.245
26.69 477.956
26.7 479.601
26.71 482.89
26.72 477.956
26.73 476.312
26.74 458.222
26.75 453.288
26.76 461.511
26.77 461.511
26.78 448.354
26.79 448.354
26.8 440.132
26.81 400.662
26.82 408.885
26.83 389.15
26.84 385.861
26.85 377.638
26.86 374.349
26.87 341.458
26.88 334.88
26.89 316.79
26.9 318.434
26.91 310.212
26.92 272.387
26.93 278.965
26.94 269.098
26.95 260.875
26.96 218.117
26.97 214.828
26.98 186.87
26.99 190.159
27 183.581
27.01 137.533
27.02 140.823
27.03 107.932
27.04 93.1305
27.05 81.6186
27.06 61.884
27.07 48.7275
27.08 52.0167
27.09 43.7939
27.1 32.282
27.11 30.6374
27.12 20.7701
27.13 17.481
27.14 10.9028
27.15 9.25824
27.16 -2.25365
27.17 -0.609091
27.18 -13.7655
27.19 -21.9883
27.2 -18.6992
27.21 -28.5665
27.22 -36.7893
27.23 -38.4338
27.24 -46.6566
27.25 -53.2348
27.26 -48.3012
27.27 -71.3249
27.28 -74.614
27.29 -79.5477
27.3 -84.4814
27.31 -89.415
27.32 -91.0596
27.33 -107.505
27.34 -112.439
27.35 -114.083
27.36 -125.595
27.37 -127.24
27.38 -135.463
27.39 -135.463
27.4 -140.396
27.41 -146.974
27.42 -161.775
27.43 -161.775
27.44 -173.287
27.45 -171.643
27.46 -171.643
27.47 -174.932
27.48 -206.178
27.49 -199.6
27.5 -234.136
27.51 -235.78
27.52 -237.425
27.53 -288.406
27.54 -286.762
27.55 -324.586
27.56 -321.297
27.57 -324.586
27.58 -370.634
27.59 -373.923
27.6 -400.236
27.61 -403.525
27.62 -408.459
27.63 -413.392
27.64 -421.615
27.65 -461.084
27.66 -470.952
27.67 -470.952
27.68 -490.686
27.69 -489.042
27.7 -492.331
27.71 -497.265
27.72 -490.686
27.73 -498.909
27.74 -497.265
27.75 -500.554
27.76 -497.265
27.77 -497.265
27.78 -497.265
27.79 -500.554
27.8 -492.331
27.81 -497.265
27.82 -502.198
27.83 -498.909
27.84 -505.487
27.85 -508.776
27.86 -456.151
27.87 -457.795
27.88 -431.482
27.89 -433.127
27.9 -433.127
27.91 -392.013
27.92 -388.724
27.93 -360.767
27.94 -364.056
27.95 -319.653
27.96 -303.207
27.97 -309.785
27.98 -268.671
27.99 -253.87
28 -255.515
28.01 -216.046
28.02 -191.377
28.03 -211.112
28.04 -176.576
28.05 -178.221
28.06 -171.643
28.07 -163.42
28.08 -156.842
28.09 -158.486
28.1 -142.041
28.11 -138.752
28.12 -132.173
28.13 -119.017
28.14 -117.372
28.15 -117.372
28.16 -105.861
28.17 -92.7041
28.18 -94.3487
28.19 -77.9032
28.2 -68.0358
28.21 -76.2586
28.22 -59.8131
28.23 -49.9457
28.24 -54.8794
28.25 -38.4338
28.26 -30.2111
28.27 -30.2111
28.28 -15.4101
28.29 -15.4101
28.3 -12.121
28.31 4.32457
28.32 10.9028
28.33 2.68002
28.34 15.8365
28.35 25.7038
28.36 22.4147
28.37 37.2157
28.38 42.1493
28.39 40.5048
28.4 55.3058
28.41 65.1731
28.42 63.5285
28.43 102.998
28.44 112.865
28.45 112.865
28.46 153.979
28.47 175.358
28.48 165.491
28.49 206.605
28.5 223.05
28.51 214.828
28.52 251.008
28.53 270.742
28.54 265.809
28.55 300.344
28.56 315.145
28.57 311.856
28.58 344.747
28.59 354.615
28.6 351.326
28.61 384.217
28.62 387.506
28.63 389.15
28.64 420.397
28.65 425.331
28.66 420.397
28.67 446.71
28.68 449.999
28.69 451.643
28.7 448.354
28.71 476.312
28.72 471.378
28.73 491.113
28.74 491.113
28.75 486.179
28.76 477.956
28.77 504.269
28.78 500.98
28.79 500.98
28.8 507.558
28.81 499.335
28.82 502.625
28.83 500.98
28.84 499.335
28.85 504.269
28.86 502.625
28.87 499.335
28.88 507.558
28.89 477.956
28.9 474.667
28.91 479.601
28.92 468.089
28.93 464.8
28.94 461.511
28.95 453.288
28.96 443.421
28.97 413.819
28.98 415.463
28.99 395.729
29 394.084
29.01 384.217
29.02 352.97
29.03 354.615
29.04 323.368
29.05 326.657
29.06 323.368
29.07 277.321
29.08 283.899
29.09 278.965
29.1 239.496
29.11 237.851
29.12 204.96
29.13 208.249
29.14 201.671
29.15 157.268
29.16 140.823
29.17 135.889
29.18 104.642
29.19 89.8414
29.2 84.9077
29.21 55.3058
29.22 47.083
29.23 47.083
29.24 40.5048
29.25 32.282
29.26 25.7038
29.27 19.1256
29.28 12.5473
29.29 5.96913
29.3 4.32457
29.31 -3.8982
29.32 -7.18731
29.33 -17.0546
29.34 -20.3437
29.35 -23.6329
29.36 -35.1447
29.37 -41.723
29.38 -48.3012
29.39 -51.5903
29.4 -59.8131
29.41 -61.4576
29.42 -72.9695
29.43 -82.8368
29.44 -84.4814
29.45 -100.927
29.46 -99.2824
29.47 -107.505
29.48 -114.083
29.49 -120.662
29.5 -123.951
29.51 -140.396
29.52 -145.33
29.53 -148.619
29.54 -156.842
29.55 -150.264
29.56 -153.553
29.57 -173.287
29.58 -173.287
29.59 -183.155
29.6 -183.155
29.61 -184.799
29.62 -217.69
29.63 -220.979
29.64 -257.16
29.65 -258.804
29.66 -294.984
29.67 -296.629
29.68 -296.629
29.69 -347.61
29.7 -352.544
29.71 -375.568
29.72 -382.146
29.73 -383.79
29.74 -393.658
29.75 -447.928
29.76 -444.639
29.77 -472.596
29.78 -472.596
29.79 -470.952
29.8 -482.464
29.81 -484.108
29.82 -489.042
29.83 -498.909
29.84 -505.487
29.85 -507.132
29.86 -513.71
29.87 -520.288
29.88 -525.222
29.89 -523.577
29.9 -518.644
29.91 -523.577
29.92 -523.577
29.93 -523.577
29.94 -525.222
29.95 -521.933
29.96 -526.867
29.97 -526.867
29.98 -489.042
29.99 -490.686
30 -466.018
30.01 -464.373
30.02 -469.307
30.03 -423.26
30.04 -424.904
30.05 -388.724
30.06 -393.658
30.07 -354.188
30.08 -334.454
30.09 -337.743
30.1 -301.563
30.11 -278.539
30.12 -283.472
30.13 -242.359
30.14 -224.269
30.15 -232.491
30.16 -188.088
30.17 -181.51
30.18 -181.51
30.19 -165.065
30.2 -160.131
30.21 -160.131
30.22 -146.974
30.23 -142.041
30.24 -143.685
30.25 -128.884
30.26 -117.372
30.27 -120.662
30.28 -102.571
30.29 -99.2824
30.3 -99.2824
30.31 -81.1923
30.32 -77.9032
30.33 -77.9032
30.34 -56.5239
30.35 -53.2348
30.36 -56.5239
30.37 -40.0784
30.38 -30.2111
30.39 -31.8556
30.4 -15.4101
30.41 -7.18731
30.42 -10.4764
30.43 -3.8982
30.44 12.5473
30.45 7.61368
30.46 20.7701
30.47 24.0592
30.48 25.7038
30.49 38.8602
30.5 52.0167
30.51 43.7939
30.52 55.3058
30.53 76.685
30.54 94.7751
30.55 114.51
30.56 112.865
30.57 150.69
30.58 168.78
30.59 168.78
30.6 208.249
30.61 231.273
30.62 219.761
30.63 265.809
30.64 278.965
30.65 270.742
30.66 311.856
30.67 331.591
30.68 323.368
30.69 359.548
30.7 377.638
30.71 366.127
30.72 400.662
30.73 417.108
30.74 413.819
30.75 435.198
30.76 453.288
30.77 443.421
30.78 479.601
30.79 482.89
30.8 479.601
30.81 504.269
30.82 510.847
30.83 507.558
30.84 502.625
30.85 525.648
30.86 528.937
30.87 533.871
30.88 537.16
30.89 538.805
30.9 537.16
30.91 528.937
30.92 527.293
30.93 520.715
30.94 545.383
30.95 542.094
30.96 542.094
30.97 547.028
30.98 542.094
30.99 524.004
31 522.359
31.01 517.426
31.02 515.781
31.03 505.914
31.04 505.914
31.05 497.691
31.06 492.757
31.07 451.643
31.08 459.866
31.09 436.842
31.1 431.909
31.11 422.041
31.12 394.084
31.13 392.439
31.14 362.837
31.15 359.548
31.16 331.591
31.17 334.88
31.18 325.013
31.19 282.254
31.2 267.453
31.21 260.875
31.22 232.918
31.23 211.538
31.24 208.249
31.25 178.647
31.26 160.557
31.27 157.268
31.28 121.088
31.29 107.932
31.3 99.7087
31.31 66.8176
31.32 56.9503
31.33 53.6612
31.34 45.4384
31.35 30.6374
31.36 32.282
31.37 19.1256
31.38 14.1919
31.39 10.9028
31.4 -0.609091
31.41 -3.8982
31.42 -13.7655
31.43 -13.7655
31.44 -20.3437
31.45 -28.5665
31.46 -43.3675
31.47 -49.9457
31.48 -51.5903
31.49 -64.7467
31.5 -66.3913
31.51 -68.0358
31.52 -86.1259
31.53 -91.0596
31.54 -94.3487
31.55 -104.216
31.56 -110.794
31.57 -114.083
31.58 -132.173
31.59 -137.107
31.6 -135.463
31.61 -150.264
31.62 -165.065
31.63 -156.842
31.64 -171.643
31.65 -179.866
31.66 -178.221
31.67 -196.311
31.68 -211.112
31.69 -216.046
31.7 -252.226
31.71 -250.581
31.72 -260.449
31.73 -314.719
31.74 -314.719
31.75 -355.833
31.76 -360.767
31.77 -396.947
31.78 -401.88
31.79 -405.17
31.8 -454.506
31.81 -452.862
31.82 -487.397
31.83 -487.397
31.84 -493.975
31.85 -492.331
31.86 -505.487
31.87 -549.89
31.88 -548.246
31.89 -548.246
31.9 -554.824
31.91 -584.426
31.92 -586.071
31.93 -579.492
31.94 -582.781
31.95 -584.426
31.96 -581.137
31.97 -581.137
31.98 -584.426
31.99 -581.137
32 -582.781
32.01 -582.781
32.02 -591.004
32.03 -592.649
32.04 -538.378
32.05 -540.023
32.06 -512.066
32.07 -512.066
32.08 -515.355
32.09 -469.307
32.1 -449.572
32.11 -457.795
32.12 -410.103
32.13 -393.658
32.14 -400.236
32.15 -357.477
32.16 -329.52
32.17 -337.743
32.18 -290.051
32.19 -273.605
32.2 -276.894
32.21 -227.558
32.22 -209.468
32.23 -216.046
32.24 -183.155
32.25 -176.576
32.26 -179.866
32.27 -158.486
32.28 -155.197
32.29 -155.197
32.3 -140.396
32.31 -133.818
32.32 -135.463
32.33 -115.728
32.34 -110.794
32.35 -110.794
32.36 -92.7041
32.37 -89.415
32.38 -91.0596
32.39 -72.9695
32.4 -69.6804
32.41 -69.6804
32.42 -54.8794
32.43 -43.3675
32.44 -41.723
32.45 -26.922
32.46 -20.3437
32.47 -18.6992
32.48 -7.18731
32.49 1.03546
32.5 -5.54275
32.51 7.61368
32.52 12.5473
32.53 12.5473
32.54 28.9929
32.55 33.9266
32.56 33.9266
32.57 47.083
32.58 60.2394
32.59 55.3058
32.6 78.3295
32.61 94.7751
32.62 86.5523
32.63 129.311
32.64 145.756
32.65 147.401
32.66 191.804
32.67 201.671
32.68 198.382
32.69 236.207
32.7 252.652
32.71 244.43
32.72 290.477
32.73 298.7
32.74 290.477
32.75 329.946
32.76 341.458
32.77 339.814
32.78 367.771
32.79 382.572
32.8 377.638
32.81 410.53
32.82 422.041
32.83 412.174
32.84 438.487
32.85 448.354
32.86 448.354
32.87 473.023
32.88 471.378
32.89 482.89
32.9 491.113
32.91 479.601
32.92 507.558
32.93 497.691
32.94 510.847
32.95 509.203
32.96 514.136
32.97 517.426
32.98 504.269
32.99 492.757
33 489.468
33.01 519.07
33.02 519.07
33.03 519.07
33.04 517.426
33.05 514.136
33.06 500.98
33.07 494.402
33.08 496.046
33.09 499.335
33.1 486.179
33.11 482.89
33.12 479.601
33.13 445.065
33.14 446.71
33.15 423.686
33.16 423.686
33.17 417.108
33.18 410.53
33.19 379.283
33.2 377.638
33.21 348.036
33.22 354.615
33.23 346.392
33.24 305.278
33.25 308.567
33.26 300.344
33.27 264.164
33.28 264.164
33.29 224.695
33.3 214.828
33.31 204.96
33.32 177.003
33.33 157.268
33.34 157.268
33.35 122.732
33.36 111.221
33.37 102.998
33.38 75.0404
33.39 55.3058
33.4 56.9503
33.41 43.7939
33.42 45.4384
33.43 32.282
33.44 19.1256
33.45 19.1256
33.46 12.5473
33.47 7.61368
33.48 -2.25365
33.49 -0.609091
33.5 -15.4101
33.51 -18.6992
33.52 -20.3437
33.53 -35.1447
33.54 -36.7893
33.55 -46.6566
33.56 -49.9457
33.57 -63.1022
33.58 -63.1022
33.59 -77.9032
33.6 -84.4814
33.61 -82.8368
33.62 -100.927
33.63 -102.571
33.64 -107.505
33.65 -119.017
33.66 -123.951
33.67 -132.173
33.68 -143.685
33.69 -151.908
33.7 -155.197
33.71 -161.775
33.72 -165.065
33.73 -166.709
33.74 -179.866
33.75 -189.733
33.76 -188.088
33.77 -220.979
33.78 -219.335
33.79 -229.202
33.8 -280.183
33.81 -281.828
33.82 -318.008
33.83 -322.942
33.84 -364.056
33.85 -365.7
33.86 -367.345
33.87 -415.037
33.88 -413.392
33.89 -446.283
33.9 -452.862
33.91 -457.795
33.92 -464.373
33.93 -507.132
33.94 -508.776
33.95 -513.71
33.96 -543.312
33.97 -540.023
33.98 -540.023
33.99 -540.023
34 -548.246
34.01 -551.535
34.02 -556.469
34.03 -551.535
34.04 -553.179
34.05 -558.113
34.06 -556.469
34.07 -548.246
34.08 -553.179
34.09 -554.824
34.1 -554.824
34.11 -551.535
34.12 -559.758
34.13 -518.644
34.14 -521.933
34.15 -493.975
34.16 -493.975
34.17 -500.554
34.18 -444.639
34.19 -431.482
34.2 -436.416
34.21 -398.591
34.22 -377.212
34.23 -385.435
34.24 -331.165
34.25 -314.719
34.26 -318.008
34.27 -278.539
34.28 -253.87
34.29 -262.093
34.3 -217.69
34.31 -193.022
34.32 -201.245
34.33 -181.51
34.34 -169.998
34.35 -173.287
34.36 -158.486
34.37 -148.619
34.38 -156.842
34.39 -135.463
34.4 -130.529
34.41 -133.818
34.42 -115.728
34.43 -107.505
34.44 -109.15
34.45 -97.6378
34.46 -86.1259
34.47 -87.7705
34.48 -71.3249
34.49 -66.3913
34.5 -59.8131
34.51 -51.5903
34.52 -43.3675
34.53 -40.0784
34.54 -23.6329
34.55 -20.3437
34.56 -28.5665
34.57 -3.8982
34.58 1.03546
34.59 1.03546
34.6 9.25824
34.61 15.8365
34.62 14.1919
34.63 25.7038
34.64 33.9266
34.65 35.5711
34.66 47.083
34.67 56.9503
34.68 55.3058
34.69 76.685
34.7 93.1305
34.71 86.5523
34.72 130.955
34.73 152.334
34.74 142.467
34.75 181.936
34.76 200.027
34.77 191.804
34.78 236.207
34.79 252.652
34.8 239.496
34.81 277.321
34.82 295.411
34.83 285.543
34.84 329.946
34.85 346.392
34.86 334.88
34.87 374.349
34.88 380.928
34.89 382.572
34.9 408.885
34.91 420.397
34.92 415.463
34.93 445.065
34.94 453.288
34.95 449.999
34.96 469.733
34.97 473.023
34.98 487.824
34.99 486.179
35 482.89
35.01 502.625
35.02 512.492
35.03 514.136
35.04 519.07
35.05 515.781
35.06 510.847
35.07 504.269
35.08 532.227
35.09 522.359
35.1 525.648
35.11 528.937
35.12 525.648
35.13 532.227
35.14 527.293
35.15 527.293
35.16 505.914
35.17 509.203
35.18 507.558
35.19 509.203
35.2 504.269
35.21 497.691
35.22 484.534
35.23 454.933
35.24 458.222
35.25 431.909
35.26 433.553
35.27 426.975
35.28 426.975
35.29 387.506
35.3 380.928
35.31 361.193
35.32 356.259
35.33 357.904
35.34 315.145
35.35 315.145
35.36 311.856
35.37 269.098
35.38 269.098
35.39 234.562
35.4 234.562
35.41 234.562
35.42 180.292
35.43 165.491
35.44 158.913
35.45 135.889
35.46 107.932
35.47 109.576
35.48 76.685
35.49 58.5949
35.5 52.0167
35.51 48.7275
35.52 40.5048
35.53 40.5048
35.54 24.0592
35.55 22.4147
35.56 12.5473
35.57 2.68002
35.58 -3.8982
35.59 -7.18731
35.6 -15.4101
35.61 -15.4101
35.62 -21.9883
35.63 -35.1447
35.64 -43.3675
35.65 -45.0121
35.66 -58.1685
35.67 -59.8131
35.68 -61.4576
35.69 -74.614
35.7 -84.4814
35.71 -82.8368
35.72 -95.9933
35.73 -105.861
35.74 -102.571
35.75 -125.595
35.76 -128.884
35.77 -130.529
35.78 -143.685
35.79 -155.197
35.8 -158.486
35.81 -168.354
35.82 -168.354
35.83 -171.643
35.84 -186.444
35.85 -194.667
35.86 -199.6
35.87 -229.202
35.88 -255.515
35.89 -258.804
35.9 -268.671
35.91 -318.008
35.92 -316.364
35.93 -322.942
35.94 -327.875
35.95 -403.525
35.96 -406.814
35.97 -439.705
35.98 -442.994
35.99 -446.283
36 -497.265
36.01 -492.331
36.02 -528.511
36.03 -530.156
36.04 -520.288
36.05 -531.8
36.06 -536.734
36.07 -544.957
36.08 -584.426
36.09 -586.071
36.1 -582.781
36.11 -587.715
36.12 -582.781
36.13 -584.426
36.14 -586.071
36.15 -584.426
36.16 -584.426
36.17 -589.36
36.18 -587.715
36.19 -586.071
36.2 -586.071
36.21 -563.047
36.22 -556.469
36.23 -558.113
36.24 -528.511
36.25 -523.577
36.26 -493.975
36.27 -495.62
36.28 -495.62
36.29 -444.639
36.3 -423.26
36.31 -431.482
36.32 -382.146
36.33 -360.767
36.34 -365.7
36.35 -316.364
36.36 -301.563
36.37 -299.918
36.38 -247.292
36.39 -225.913
36.4 -235.78
36.41 -194.667
36.42 -181.51
36.43 -188.088
36.44 -165.065
36.45 -156.842
36.46 -160.131
36.47 -140.396
36.48 -137.107
36.49 -142.041
36.5 -122.306
36.51 -109.15
36.52 -115.728
36.53 -100.927
36.54 -91.0596
36.55 -89.415
36.56 -77.9032
36.57 -64.7467
36.58 -68.0358
36.59 -48.3012
36.6 -46.6566
36.61 -43.3675
36.62 -23.6329
36.63 -25.2774
36.64 -15.4101
36.65 -15.4101
36.66 1.03546
36.67 5.96913
36.68 2.68002
36.69 15.8365
36.7 27.3483
36.71 35.5711
36.72 30.6374
36.73 45.4384
36.74 55.3058
36.75 45.4384
36.76 73.3959
36.77 91.486
36.78 109.576
36.79 104.642
36.8 147.401
36.81 165.491
36.82 153.979
36.83 201.671
36.84 214.828
36.85 211.538
36.86 251.008
36.87 262.52
36.88 265.809
36.89 303.633
36.9 316.79
36.91 316.79
36.92 352.97
36.93 356.259
36.94 359.548
36.95 394.084
36.96 413.819
36.97 400.662
36.98 426.975
36.99 443.421
37 438.487
37.01 466.444
37.02 482.89
37.03 471.378
37.04 499.335
37.05 509.203
37.06 505.914
37.07 497.691
37.08 522.359
37.09 525.648
37.1 535.516
37.11 533.871
37.12 537.16
37.13 527.293
37.14 527.293
37.15 545.383
37.16 542.094
37.17 543.738
37.18 543.738
37.19 547.028
37.2 542.094
37.21 545.383
37.22 550.317
37.23 524.004
37.24 525.648
37.25 517.426
37.26 515.781
37.27 510.847
37.28 504.269
37.29 496.046
37.3 491.113
37.31 459.866
37.32 453.288
37.33 431.909
37.34 433.553
37.35 426.975
37.36 399.018
37.37 389.15
37.38 364.482
37.39 371.06
37.4 334.88
37.41 336.525
37.42 331.591
37.43 288.833
37.44 274.032
37.45 270.742
37.46 244.43
37.47 223.05
37.48 219.761
37.49 185.226
37.5 167.135
37.51 165.491
37.52 130.955
37.53 112.865
37.54 101.353
37.55 75.0404
37.56 60.2394
37.57 58.5949
37.58 40.5048
37.59 33.9266
37.6 35.5711
37.61 24.0592
37.62 14.1919
37.63 10.9028
37.64 2.68002
37.65 -7.18731
37.66 -8.83186
37.67 -17.0546
37.68 -26.922
37.69 -26.922
37.7 -35.1447
37.71 -43.3675
37.72 -45.0121
37.73 -59.8131
37.74 -66.3913
37.75 -72.9695
37.76 -79.5477
37.77 -91.0596
37.78 -87.7705
37.79 -109.15
37.8 -114.083
37.81 -115.728
37.82 -130.529
37.83 -133.818
37.84 -140.396
37.85 -146.974
37.86 -161.775
37.87 -160.131
37.88 -171.643
37.89 -184.799
37.9 -181.51
37.91 -194.667
37.92 -216.046
37.93 -217.69
37.94 -260.449
37.95 -258.804
37.96 -263.738
37.97 -322.942
37.98 -318.008
37.99 -365.7
38 -367.345
38.01 -406.814
38.02 -410.103
38.03 -413.392
38.04 -467.663
38.05 -462.729
38.06 -505.487
38.07 -502.198
38.08 -512.066
38.09 -512.066
38.1 -520.288
38.11 -567.98
38.12 -569.625
38.13 -561.402
38.14 -600.872
38.15 -592.649
38.16 -592.649
38.17 -595.938
38.18 -597.582
38.19 -597.582
38.2 -597.582
38.21 -597.582
38.22 -594.293
38.23 -591.004
38.24 -597.582
38.25 -599.227
38.26 -594.293
38.27 -605.805
38.28 -558.113
38.29 -556.469
38.3 -531.8
38.31 -528.511
38.32 -538.378
38.33 -484.108
38.34 -467.663
38.35 -467.663
38.36 -428.193
38.37 -405.17
38.38 -411.748
38.39 -364.056
38.4 -341.032
38.41 -347.61
38.42 -294.984
38.43 -275.25
38.44 -281.828
38.45 -232.491
38.46 -211.112
38.47 -212.757
38.48 -184.799
38.49 -181.51
38.5 -176.576
38.51 -160.131
38.52 -151.908
38.53 -155.197
38.54 -142.041
38.55 -132.173
38.56 -128.884
38.57 -115.728
38.58 -109.15
38.59 -107.505
38.6 -92.7041
38.61 -82.8368
38.62 -82.8368
38.63 -69.6804
38.64 -63.1022
38.65 -58.1685
38.66 -45.0121
38.67 -35.1447
38.68 -30.2111
38.69 -20.3437
38.7 -17.0546
38.71 -12.121
38.72 -2.25365
38.73 4.32457
38.74 2.68002
38.75 14.1919
38.76 22.4147
38.77 27.3483
38.78 42.1493
38.79 47.083
38.8 40.5048
38.81 60.2394
38.82 70.1068
38.83 84.9077
38.84 86.5523
38.85 129.311
38.86 144.112
38.87 140.823
38.88 183.581
38.89 203.316
38.9 204.96
38.91 236.207
38.92 260.875
38.93 247.719
38.94 288.833
38.95 306.923
38.96 308.567
38.97 334.88
38.98 357.904
38.99 348.036
39 379.283
39.01 399.018
39.02 392.439
39.03 422.041
39.04 436.842
39.05 430.264
39.06 471.378
39.07 474.667
39.08 471.378
39.09 494.402
39.1 504.269
39.11 497.691
39.12 520.715
39.13 522.359
39.14 537.16
39.15 533.871
39.16 525.648
39.17 547.028
39.18 543.738
39.19 551.961
39.2 547.028
39.21 561.829
39.22 560.184
39.23 561.829
39.24 560.184
39.25 560.184
39.26 553.606
39.27 556.895
39.28 558.539
39.29 550.317
39.3 547.028
39.31 538.805
39.32 530.582
39.33 522.359
39.34 519.07
39.35 491.113
39.36 484.534
39.37 476.312
39.38 469.733
39.39 454.933
39.4 430.264
39.41 426.975
39.42 400.662
39.43 405.596
39.44 397.373
39.45 356.259
39.46 359.548
39.47 351.326
39.48 308.567
39.49 308.567
39.5 277.321
39.51 262.52
39.52 257.586
39.53 223.05
39.54 208.249
39.55 200.027
39.56 167.135
39.57 150.69
39.58 144.112
39.59 112.865
39.6 96.4196
39.61 89.8414
39.62 55.3058
39.63 50.3721
39.64 47.083
39.65 37.2157
39.66 28.9929
39.67 27.3483
39.68 17.481
39.69 10.9028
39.7 7.61368
39.71 -3.8982
39.72 -10.4764
39.73 -12.121
39.74 -26.922
39.75 -35.1447
39.76 -36.7893
39.77 -45.0121
39.78 -58.1685
39.79 -56.5239
39.8 -76.2586
39.81 -82.8368
39.82 -84.4814
39.83 -95.9933
39.84 -105.861
39.85 -109.15
39.86 -115.728
39.87 -125.595
39.88 -122.306
39.89 -142.041
39.9 -148.619
39.91 -153.553
39.92 -163.42
39.93 -168.354
39.94 -171.643
39.95 -189.733
39.96 -191.377
39.97 -197.956
39.98 -237.425
39.99 -260.449
40 -267.027
