0.01 -1.35525e-20
0.02 -6.54449e-08
0.03 -1.98935e-07
0.04 -4.57458e-07
0.05 -8.72206e-07
0.06 -1.40558e-06
0.07 -1.97632e-06
0.08 -2.51189e-06
0.09 -2.97201e-06
0.1 -3.3338e-06
0.11 -3.57338e-06
0.12 -3.67166e-06
0.13 -3.63331e-06
0.14 -3.48982e-06
0.15 -3.28005e-06
0.16 -3.03036e-06
0.17 -2.75385e-06
0.18 -2.46238e-06
0.19 -2.1708e-06
0.2 -1.88736e-06
0.21 -1.60444e-06
0.22 -1.30287e-06
0.23 -9.63829e-07
0.24 -5.72684e-07
0.25 -1.10958e-07
0.26 4.51641e-07
0.27 1.15438e-06
0.28 2.03658e-06
0.29 3.13493e-06
0.3 4.48949e-06
0.31 6.1482e-06
0.32 8.16179e-06
0.33 1.05743e-05
0.34 1.34201e-05
0.35 1.6728e-05
0.36 2.0525e-05
0.37 2.48312e-05
0.38 2.96525e-05
0.39 3.49798e-05
0.4 4.07961e-05
0.41 4.70806e-05
0.42 5.3807e-05
0.43 6.09395e-05
0.44 6.84353e-05
0.45 7.62531e-05
0.46 8.43583e-05
0.47 9.27197e-05
0.48 0.000101305
0.49 0.000110081
0.5 0.00011902
0.51 0.000128103
0.52 0.000137311
0.53 0.000146625
0.54 0.00015602
0.55 0.000165478
0.56 0.00017499
0.57 0.000184548
0.58 0.000194141
0.59 0.000203754
0.6 0.000213378
0.61 0.000223004
0.62 0.000232618
0.63 0.000242186
0.64 0.000251662
0.65 0.000260989
0.66 0.000270101
0.67 0.000278922
0.68 0.000287356
0.69 0.000295304
0.7 0.000302673
0.71 0.000309392
0.72 0.000315404
0.73 0.000320668
0.74 0.000325164
0.75 0.000328908
0.76 0.000331949
0.77 0.000334348
0.78 0.000336166
0.79 0.000337456
0.8 0.000338267
0.81 0.00033863
0.82 0.000338544
0.83 0.000337951
0.84 0.000336747
0.85 0.000334797
0.86 0.000331939
0.87 0.000327977
0.88 0.000322673
0.89 0.000315769
0.9 0.000307029
0.91 0.000296247
0.92 0.000283245
0.93 0.000267859
0.94 0.00024997
0.95 0.000229557
0.96 0.000206721
0.97 0.000181585
0.98 0.000154284
0.99 0.000125047
1 9.418e-05
1.01 6.19852e-05
1.02 2.86939e-05
1.03 -5.52708e-06
1.04 -4.05206e-05
1.05 -7.61488e-05
1.06 -0.000112371
1.07 -0.000149246
1.08 -0.00018683
1.09 -0.00022512
1.1 -0.000264099
1.11 -0.000303757
1.12 -0.000344033
1.13 -0.000384793
1.14 -0.000425849
1.15 -0.000466987
1.16 -0.000507964
1.17 -0.000548525
1.18 -0.000588425
1.19 -0.000627423
1.2 -0.000665284
1.21 -0.000701821
1.22 -0.000736931
1.23 -0.000770593
1.24 -0.000802843
1.25 -0.000833741
1.26 -0.000863428
1.27 -0.000892146
1.28 -0.000920154
1.29 -0.000947649
1.3 -0.000974784
1.31 -0.00100175
1.32 -0.00102874
1.33 -0.00105585
1.34 -0.00108305
1.35 -0.00111038
1.36 -0.00113786
1.37 -0.00116542
1.38 -0.00119292
1.39 -0.0012202
1.4 -0.00124703
1.41 -0.00127318
1.42 -0.00129833
1.43 -0.00132218
1.44 -0.00134442
1.45 -0.00136479
1.46 -0.00138308
1.47 -0.00139909
1.48 -0.00141268
1.49 -0.00142375
1.5 -0.0014322
1.51 -0.00143789
1.52 -0.00144063
1.53 -0.00144028
1.54 -0.00143665
1.55 -0.00142947
1.56 -0.00141849
1.57 -0.00140357
1.58 -0.00138467
1.59 -0.00136175
1.6 -0.00133482
1.61 -0.00130405
1.62 -0.00126975
1.63 -0.00123222
1.64 -0.00119171
1.65 -0.00114848
1.66 -0.00110289
1.67 -0.00105523
1.68 -0.00100571
1.69 -0.000954479
1.7 -0.000901734
1.71 -0.000847653
1.72 -0.000792356
1.73 -0.000735918
1.74 -0.000678386
1.75 -0.000619767
1.76 -0.000560053
1.77 -0.00049923
1.78 -0.000437245
1.79 -0.000374026
1.8 -0.000309533
1.81 -0.000243811
1.82 -0.000176942
1.83 -0.000108995
1.84 -4.0058e-05
1.85 2.96952e-05
1.86 0.000100043
1.87 0.000170795
1.88 0.000241783
1.89 0.000312789
1.9 0.000383511
1.91 0.000453598
1.92 0.00052271
1.93 0.000590461
1.94 0.000656367
1.95 0.000719947
1.96 0.000780814
1.97 0.000838672
1.98 0.000893288
1.99 0.000944548
2 0.000992498
2.01 0.00103728
2.02 0.0010791
2.03 0.0011182
2.04 0.00115486
2.05 0.00118938
2.06 0.00122211
2.07 0.00125341
2.08 0.0012837
2.09 0.00131339
2.1 0.00134294
2.11 0.00137277
2.12 0.00140319
2.13 0.00143432
2.14 0.00146607
2.15 0.00149815
2.16 0.00153006
2.17 0.00156105
2.18 0.00159025
2.19 0.00161679
2.2 0.00163985
2.21 0.00165872
2.22 0.00167282
2.23 0.00168176
2.24 0.00168533
2.25 0.00168349
2.26 0.0016764
2.27 0.00166426
2.28 0.00164737
2.29 0.00162616
2.3 0.00160119
2.31 0.00157299
2.32 0.00154207
2.33 0.00150893
2.34 0.00147411
2.35 0.00143809
2.36 0.00140126
2.37 0.0013639
2.38 0.00132633
2.39 0.0012889
2.4 0.00125191
2.41 0.00121565
2.42 0.0011804
2.43 0.00114646
2.44 0.00111418
2.45 0.00108385
2.46 0.00105575
2.47 0.00103009
2.48 0.0010071
2.49 0.000987043
2.5 0.000970114
2.51 0.000956444
2.52 0.000946067
2.53 0.000938948
2.54 0.00093495
2.55 0.000933753
2.56 0.000934812
2.57 0.000937395
2.58 0.00094067
2.59 0.000943781
2.6 0.00094585
2.61 0.000946008
2.62 0.000943556
2.63 0.000938098
2.64 0.0009295
2.65 0.000917821
2.66 0.000903317
2.67 0.000886457
2.68 0.000867875
2.69 0.000848242
2.7 0.000828168
2.71 0.000808187
2.72 0.000788775
2.73 0.000770321
2.74 0.000753078
2.75 0.000737158
2.76 0.000722593
2.77 0.000709381
2.78 0.000697495
2.79 0.000686885
2.8 0.00067748
2.81 0.00066921
2.82 0.00066203
2.83 0.000655907
2.84 0.000650772
2.85 0.000646503
2.86 0.00064294
2.87 0.000639902
2.88 0.000637172
2.89 0.000634475
2.9 0.00063148
2.91 0.00062784
2.92 0.000623228
2.93 0.000617296
2.94 0.000609671
2.95 0.000600013
2.96 0.000588042
2.97 0.000573511
2.98 0.000556209
2.99 0.000536002
3 0.000512812
3.01 0.000486585
3.02 0.00045729
3.03 0.000424912
3.04 0.000389408
3.05 0.000350683
3.06 0.000308623
3.07 0.000263094
3.08 0.000213939
3.09 0.000161037
3.1 0.000104362
3.11 4.40108e-05
3.12 -1.97903e-05
3.13 -8.66378e-05
3.14 -0.000155948
3.15 -0.000227035
3.16 -0.000299174
3.17 -0.000371622
3.18 -0.000443689
3.19 -0.000514833
3.2 -0.000584709
3.21 -0.000653129
3.22 -0.000720033
3.23 -0.00078552
3.24 -0.00084983
3.25 -0.000913217
3.26 -0.000975853
3.27 -0.00103787
3.28 -0.00109943
3.29 -0.00116054
3.3 -0.0012211
3.31 -0.00128093
3.32 -0.00133994
3.33 -0.001398
3.34 -0.00145496
3.35 -0.00151069
3.36 -0.00156514
3.37 -0.00161828
3.38 -0.00167007
3.39 -0.00172044
3.4 -0.00176938
3.41 -0.00181685
3.42 -0.00186285
3.43 -0.00190733
3.44 -0.00195028
3.45 -0.00199165
3.46 -0.00203128
3.47 -0.00206897
3.48 -0.00210441
3.49 -0.00213715
3.5 -0.00216664
3.51 -0.00219227
3.52 -0.00221349
3.53 -0.00222979
3.54 -0.00224082
3.55 -0.00224643
3.56 -0.0022467
3.57 -0.00224194
3.58 -0.00223266
3.59 -0.0022195
3.6 -0.00220311
3.61 -0.00218408
3.62 -0.00216288
3.63 -0.00213979
3.64 -0.00211487
3.65 -0.00208795
3.66 -0.00205864
3.67 -0.00202651
3.68 -0.00199114
3.69 -0.00195211
3.7 -0.00190903
3.71 -0.00186168
3.72 -0.00181002
3.73 -0.00175414
3.74 -0.00169413
3.75 -0.00163013
3.76 -0.00156234
3.77 -0.00149096
3.78 -0.00141613
3.79 -0.00133796
3.8 -0.00125653
3.81 -0.00117191
3.82 -0.00108425
3.83 -0.000993798
3.84 -0.000900778
3.85 -0.000805435
3.86 -0.000708081
3.87 -0.00060909
3.88 -0.000508788
3.89 -0.000407368
3.9 -0.000304946
3.91 -0.000201612
3.92 -9.74271e-05
3.93 7.60516e-06
3.94 0.000113521
3.95 0.000220307
3.96 0.000327795
3.97 0.000435658
3.98 0.000543465
3.99 0.000650696
4 0.00075671
4.01 0.000860753
4.02 0.000962043
4.03 0.00105989
4.04 0.0011537
4.05 0.001243
4.06 0.00132734
4.07 0.00140641
4.08 0.00148001
4.09 0.00154797
4.1 0.00161016
4.11 0.00166641
4.12 0.00171656
4.13 0.00176042
4.14 0.00179785
4.15 0.00182867
4.16 0.00185271
4.17 0.0018698
4.18 0.00187984
4.19 0.00188281
4.2 0.00187879
4.21 0.00186797
4.22 0.00185064
4.23 0.00182734
4.24 0.0017988
4.25 0.00176591
4.26 0.00172962
4.27 0.00169097
4.28 0.00165101
4.29 0.00161069
4.3 0.00157083
4.31 0.00153203
4.32 0.00149473
4.33 0.00145921
4.34 0.00142561
4.35 0.00139404
4.36 0.00136458
4.37 0.00133731
4.38 0.00131242
4.39 0.00129012
4.4 0.0012707
4.41 0.00125444
4.42 0.00124154
4.43 0.00123205
4.44 0.00122591
4.45 0.00122289
4.46 0.00122252
4.47 0.00122413
4.48 0.00122693
4.49 0.0012301
4.5 0.00123288
4.51 0.00123454
4.52 0.00123443
4.53 0.00123206
4.54 0.00122714
4.55 0.00121947
4.56 0.00120881
4.57 0.0011949
4.58 0.00117748
4.59 0.00115631
4.6 0.00113106
4.61 0.00110139
4.62 0.00106708
4.63 0.00102803
4.64 0.000984309
4.65 0.00093614
4.66 0.000883866
4.67 0.000827899
4.68 0.000768656
4.69 0.000706513
4.7 0.000641764
4.71 0.000574584
4.72 0.000505013
4.73 0.000433029
4.74 0.000358615
4.75 0.000281804
4.76 0.000202678
4.77 0.000121363
4.78 3.80498e-05
4.79 -4.69662e-05
4.8 -0.000133322
4.81 -0.000220664
4.82 -0.000308688
4.83 -0.000397093
4.84 -0.000485521
4.85 -0.000573563
4.86 -0.000660837
4.87 -0.000747015
4.88 -0.000831788
4.89 -0.000914804
4.9 -0.000995713
4.91 -0.00107431
4.92 -0.00115062
4.93 -0.00122476
4.94 -0.00129671
4.95 -0.0013664
4.96 -0.00143399
4.97 -0.00149961
4.98 -0.00156299
4.99 -0.00162361
5 -0.00168103
5.01 -0.00173482
5.02 -0.00178438
5.03 -0.00182909
5.04 -0.00186846
5.05 -0.00190217
5.06 -0.00193012
5.07 -0.00195226
5.08 -0.00196864
5.09 -0.0019793
5.1 -0.00198437
5.11 -0.00198399
5.12 -0.00197819
5.13 -0.00196692
5.14 -0.00195007
5.15 -0.00192759
5.16 -0.00189951
5.17 -0.0018659
5.18 -0.00182693
5.19 -0.00178292
5.2 -0.00173435
5.21 -0.00168182
5.22 -0.00162599
5.23 -0.00156747
5.24 -0.00150682
5.25 -0.00144451
5.26 -0.00138093
5.27 -0.00131627
5.28 -0.00125059
5.29 -0.00118382
5.3 -0.00111584
5.31 -0.00104649
5.32 -0.000975596
5.33 -0.000903
5.34 -0.000828554
5.35 -0.000752166
5.36 -0.000673828
5.37 -0.000593621
5.38 -0.000511693
5.39 -0.000428247
5.4 -0.000343571
5.41 -0.000258074
5.42 -0.000172282
5.43 -8.67728e-05
5.44 -2.12562e-06
5.45 8.10625e-05
5.46 0.00016214
5.47 0.000240418
5.48 0.000315263
5.49 0.000386155
5.5 0.000452645
5.51 0.000514245
5.52 0.000570405
5.53 0.000620629
5.54 0.000664676
5.55 0.000702624
5.56 0.000733778
5.57 0.000758288
5.58 0.000776091
5.59 0.000787957
5.6 0.000793897
5.61 0.000794246
5.62 0.000789586
5.63 0.000780502
5.64 0.000767379
5.65 0.000750389
5.66 0.000729621
5.67 0.000705139
5.68 0.000676907
5.69 0.000644721
5.7 0.000608289
5.71 0.000567354
5.72 0.000521763
5.73 0.000471445
5.74 0.000416361
5.75 0.000356508
5.76 0.00029198
5.77 0.000222996
5.78 0.000149828
5.79 7.27175e-05
5.8 -8.12625e-06
5.81 -9.24756e-05
5.82 -0.000180088
5.83 -0.000270763
5.84 -0.000364363
5.85 -0.000460785
5.86 -0.000559918
5.87 -0.000661612
5.88 -0.000765683
5.89 -0.000871931
5.9 -0.000980138
5.91 -0.00109005
5.92 -0.00120139
5.93 -0.00131388
5.94 -0.00142731
5.95 -0.00154151
5.96 -0.0016564
5.97 -0.00177188
5.98 -0.00188788
5.99 -0.00200435
6 -0.00212122
6.01 -0.00223839
6.02 -0.00235564
6.03 -0.00247262
6.04 -0.00258896
6.05 -0.00270418
6.06 -0.00281768
6.07 -0.00292877
6.08 -0.0030367
6.09 -0.00314073
6.1 -0.00324011
6.11 -0.0033341
6.12 -0.00342204
6.13 -0.00350337
6.14 -0.00357767
6.15 -0.00364463
6.16 -0.00370407
6.17 -0.00375593
6.18 -0.00380023
6.19 -0.00383707
6.2 -0.00386655
6.21 -0.00388879
6.22 -0.00390384
6.23 -0.00391175
6.24 -0.00391245
6.25 -0.00390587
6.26 -0.0038919
6.27 -0.00387041
6.28 -0.0038413
6.29 -0.00380446
6.3 -0.00375983
6.31 -0.0037074
6.32 -0.00364716
6.33 -0.00357912
6.34 -0.00350328
6.35 -0.00341962
6.36 -0.00332816
6.37 -0.00322891
6.38 -0.0031219
6.39 -0.0030072
6.4 -0.00288496
6.41 -0.00275545
6.42 -0.00261902
6.43 -0.00247607
6.44 -0.00232713
6.45 -0.00217275
6.46 -0.00201358
6.47 -0.00185021
6.48 -0.00168324
6.49 -0.00151323
6.5 -0.00134069
6.51 -0.00116606
6.52 -0.000989685
6.53 -0.000811837
6.54 -0.000632702
6.55 -0.000452411
6.56 -0.000271049
6.57 -8.86819e-05
6.58 9.4617e-05
6.59 0.000278757
6.6 0.000463609
6.61 0.000648983
6.62 0.000834633
6.63 0.00102031
6.64 0.00120576
6.65 0.00139075
6.66 0.00157506
6.67 0.0017585
6.68 0.00194095
6.69 0.00212232
6.7 0.00230249
6.71 0.00248129
6.72 0.00265849
6.73 0.00283378
6.74 0.00300675
6.75 0.00317688
6.76 0.00334356
6.77 0.00350617
6.78 0.00366412
6.79 0.00381687
6.8 0.00396395
6.81 0.00410504
6.82 0.00423992
6.83 0.0043685
6.84 0.00449077
6.85 0.00460675
6.86 0.00471647
6.87 0.00481996
6.88 0.0049172
6.89 0.00500814
6.9 0.00509268
6.91 0.00517069
6.92 0.00524202
6.93 0.00530649
6.94 0.00536388
6.95 0.00541399
6.96 0.00545663
6.97 0.0054916
6.98 0.00551875
6.99 0.00553804
7 0.00554954
7.01 0.00555345
7.02 0.00555006
7.03 0.00553978
7.04 0.00552313
7.05 0.00550065
7.06 0.00547284
7.07 0.00544016
7.08 0.00540297
7.09 0.0053616
7.1 0.0053163
7.11 0.00526728
7.12 0.00521475
7.13 0.00515896
7.14 0.0051002
7.15 0.00503886
7.16 0.00497533
7.17 0.00490999
7.18 0.0048432
7.19 0.00477532
7.2 0.00470656
7.21 0.00463704
7.22 0.00456667
7.23 0.0044953
7.24 0.00442267
7.25 0.00434841
7.26 0.0042721
7.27 0.00419323
7.28 0.00411136
7.29 0.00402605
7.3 0.00393695
7.31 0.00384369
7.32 0.00374599
7.33 0.00364366
7.34 0.00353661
7.35 0.00342487
7.36 0.00330848
7.37 0.00318759
7.38 0.00306246
7.39 0.00293341
7.4 0.00280083
7.41 0.00266509
7.42 0.00252658
7.43 0.00238568
7.44 0.00224281
7.45 0.00209835
7.46 0.00195262
7.47 0.00180593
7.48 0.00165857
7.49 0.00151082
7.5 0.00136294
7.51 0.00121511
7.52 0.00106748
7.53 0.000920177
7.54 0.000773313
7.55 0.00062698
7.56 0.000481229
7.57 0.000336073
7.58 0.000191527
7.59 4.7652e-05
7.6 -9.54671e-05
7.61 -0.000237761
7.62 -0.000379186
7.63 -0.000519687
7.64 -0.000659184
7.65 -0.000797622
7.66 -0.000935054
7.67 -0.00107169
7.68 -0.00120785
7.69 -0.00134394
7.7 -0.00148037
7.71 -0.00161774
7.72 -0.00175677
7.73 -0.00189821
7.74 -0.00204248
7.75 -0.00218957
7.76 -0.00234017
7.77 -0.00249404
7.78 -0.00265112
7.79 -0.00281038
7.8 -0.00297158
7.81 -0.0031341
7.82 -0.00329716
7.83 -0.00345995
7.84 -0.00362186
7.85 -0.00378239
7.86 -0.00394112
7.87 -0.0040976
7.88 -0.00425143
7.89 -0.0044023
7.9 -0.00454997
7.91 -0.00469422
7.92 -0.00483481
7.93 -0.00497148
7.94 -0.00510404
7.95 -0.00523232
7.96 -0.00535617
7.97 -0.0054754
7.98 -0.00558981
7.99 -0.0056992
8 -0.00580345
8.01 -0.00590243
8.02 -0.00599602
8.03 -0.00608412
8.04 -0.00616665
8.05 -0.00624363
8.06 -0.00631504
8.07 -0.00638085
8.08 -0.00644098
8.09 -0.00649535
8.1 -0.00654385
8.11 -0.00658632
8.12 -0.00662256
8.13 -0.00665235
8.14 -0.00667549
8.15 -0.00669181
8.16 -0.00670117
8.17 -0.00670349
8.18 -0.00669874
8.19 -0.00668693
8.2 -0.00666812
8.21 -0.00664238
8.22 -0.00660983
8.23 -0.00657056
8.24 -0.00652465
8.25 -0.00647212
8.26 -0.006413
8.27 -0.00634729
8.28 -0.00627495
8.29 -0.00619587
8.3 -0.00610992
8.31 -0.00601697
8.32 -0.0059169
8.33 -0.00580959
8.34 -0.00569486
8.35 -0.00557251
8.36 -0.0054424
8.37 -0.00530438
8.38 -0.00515828
8.39 -0.00500383
8.4 -0.00484066
8.41 -0.00466837
8.42 -0.00448669
8.43 -0.00429552
8.44 -0.00409393
8.45 -0.00388188
8.46 -0.00365937
8.47 -0.00342644
8.48 -0.00318326
8.49 -0.00293014
8.5 -0.0026674
8.51 -0.00239628
8.52 -0.00211714
8.53 -0.00183058
8.54 -0.00153732
8.55 -0.00123814
8.56 -0.000933661
8.57 -0.000624431
8.58 -0.000311005
8.59 5.94354e-06
8.6 0.000325655
8.61 0.000647342
8.62 0.000970207
8.63 0.00129341
8.64 0.00161604
8.65 0.0019372
8.66 0.00225604
8.67 0.00257184
8.68 0.00288399
8.69 0.00319197
8.7 0.00349536
8.71 0.00379382
8.72 0.00408713
8.73 0.00437514
8.74 0.00465772
8.75 0.00493469
8.76 0.00520585
8.77 0.00547102
8.78 0.00573
8.79 0.00598255
8.8 0.00622834
8.81 0.00646704
8.82 0.00669837
8.83 0.00692207
8.84 0.00713787
8.85 0.0073455
8.86 0.00754472
8.87 0.00773542
8.88 0.00791753
8.89 0.00809098
8.9 0.0082557
8.91 0.00841165
8.92 0.00855881
8.93 0.00869713
8.94 0.00882646
8.95 0.00894657
8.96 0.00905716
8.97 0.00915792
8.98 0.0092485
8.99 0.0093285
9 0.00939754
9.01 0.0094553
9.02 0.00950156
9.03 0.00953613
9.04 0.00955895
9.05 0.00956999
9.06 0.0095693
9.07 0.00955701
9.08 0.00953333
9.09 0.0094985
9.1 0.00945279
9.11 0.00939648
9.12 0.0093299
9.13 0.00925339
9.14 0.00916724
9.15 0.00907169
9.16 0.0089669
9.17 0.00885302
9.18 0.00873015
9.19 0.00859833
9.2 0.00845754
9.21 0.00830781
9.22 0.00814919
9.23 0.00798181
9.24 0.00780582
9.25 0.00762138
9.26 0.00742873
9.27 0.00722814
9.28 0.00701985
9.29 0.0068041
9.3 0.00658106
9.31 0.0063509
9.32 0.00611379
9.33 0.00586991
9.34 0.00561947
9.35 0.0053627
9.36 0.00509988
9.37 0.0048314
9.38 0.00455767
9.39 0.00427914
9.4 0.00399626
9.41 0.00370951
9.42 0.00341934
9.43 0.00312622
9.44 0.00283058
9.45 0.00253279
9.46 0.00223325
9.47 0.0019323
9.48 0.00163033
9.49 0.00132767
9.5 0.00102466
9.51 0.000721605
9.52 0.000418847
9.53 0.000116716
9.54 -0.000184478
9.55 -0.000484448
9.56 -0.000782913
9.57 -0.00107957
9.58 -0.00137412
9.59 -0.00166623
9.6 -0.0019556
9.61 -0.0022419
9.62 -0.00252478
9.63 -0.00280387
9.64 -0.00307881
9.65 -0.00334927
9.66 -0.00361494
9.67 -0.00387549
9.68 -0.00413061
9.69 -0.00438004
9.7 -0.00462351
9.71 -0.00486082
9.72 -0.0050918
9.73 -0.00531629
9.74 -0.0055342
9.75 -0.00574551
9.76 -0.00595029
9.77 -0.00614859
9.78 -0.00634047
9.79 -0.006526
9.8 -0.00670529
9.81 -0.00687841
9.82 -0.00704535
9.83 -0.00720609
9.84 -0.00736061
9.85 -0.00750891
9.86 -0.00765096
9.87 -0.00778674
9.88 -0.00791624
9.89 -0.00803951
9.9 -0.0081566
9.91 -0.0082676
9.92 -0.00837255
9.93 -0.00847149
9.94 -0.00856445
9.95 -0.00865141
9.96 -0.00873232
9.97 -0.00880701
9.98 -0.00887527
9.99 -0.00893685
10 -0.00899152
10.01 -0.00903896
10.02 -0.00907888
10.03 -0.00911102
10.04 -0.00913515
10.05 -0.00915111
10.06 -0.00915876
10.07 -0.00915802
10.08 -0.00914884
10.09 -0.00913124
10.1 -0.00910528
10.11 -0.00907104
10.12 -0.00902862
10.13 -0.00897814
10.14 -0.00891972
10.15 -0.00885348
10.16 -0.00877953
10.17 -0.00869794
10.18 -0.00860876
10.19 -0.00851206
10.2 -0.00840792
10.21 -0.00829644
10.22 -0.00817774
10.23 -0.00805199
10.24 -0.00791943
10.25 -0.00778038
10.26 -0.00763517
10.27 -0.00748416
10.28 -0.0073277
10.29 -0.00716618
10.3 -0.00699991
10.31 -0.00682912
10.32 -0.00665399
10.33 -0.00647458
10.34 -0.00629089
10.35 -0.00610285
10.36 -0.00591031
10.37 -0.00571312
10.38 -0.00551109
10.39 -0.0053041
10.4 -0.00509203
10.41 -0.00487483
10.42 -0.00465251
10.43 -0.0044251
10.44 -0.00419273
10.45 -0.00395556
10.46 -0.0037138
10.47 -0.00346768
10.48 -0.00321745
10.49 -0.00296341
10.5 -0.00270585
10.51 -0.00244508
10.52 -0.00218138
10.53 -0.00191505
10.54 -0.00164636
10.55 -0.00137562
10.56 -0.00110313
10.57 -0.000829158
10.58 -0.000554025
10.59 -0.000278066
10.6 -1.63426e-06
10.61 0.000274926
10.62 0.000551273
10.63 0.000827066
10.64 0.00110198
10.65 0.00137571
10.66 0.00164801
10.67 0.00191865
10.68 0.00218743
10.69 0.00245417
10.7 0.00271872
10.71 0.00298092
10.72 0.00324062
10.73 0.00349767
10.74 0.00375187
10.75 0.00400302
10.76 0.00425091
10.77 0.00449529
10.78 0.00473589
10.79 0.00497244
10.8 0.00520465
10.81 0.00543221
10.82 0.0056548
10.83 0.00587208
10.84 0.00608371
10.85 0.00628931
10.86 0.00648854
10.87 0.006681
10.88 0.00686635
10.89 0.00704425
10.9 0.00721436
10.91 0.0073764
10.92 0.00753007
10.93 0.00767512
10.94 0.00781133
10.95 0.00793847
10.96 0.00805635
10.97 0.00816479
10.98 0.00826363
10.99 0.00835273
11 0.00843197
11.01 0.00850124
11.02 0.00856047
11.03 0.00860964
11.04 0.00864874
11.05 0.00867779
11.06 0.00869689
11.07 0.00870617
11.08 0.0087058
11.09 0.00869599
11.1 0.008677
11.11 0.00864908
11.12 0.00861254
11.13 0.00856766
11.14 0.00851473
11.15 0.00845405
11.16 0.00838589
11.17 0.00831053
11.18 0.00822825
11.19 0.00813935
11.2 0.00804412
11.21 0.00794287
11.22 0.00783592
11.23 0.00772361
11.24 0.0076063
11.25 0.00748436
11.26 0.00735816
11.27 0.00722805
11.28 0.00709438
11.29 0.00695747
11.3 0.00681759
11.31 0.00667495
11.32 0.00652967
11.33 0.00638183
11.34 0.00623144
11.35 0.00607845
11.36 0.00592276
11.37 0.00576423
11.38 0.00560273
11.39 0.00543817
11.4 0.00527045
11.41 0.00509951
11.42 0.00492533
11.43 0.00474795
11.44 0.00456748
11.45 0.00438405
11.46 0.00419781
11.47 0.00400897
11.48 0.00381774
11.49 0.00362436
11.5 0.00342905
11.51 0.00323203
11.52 0.0030335
11.53 0.00283365
11.54 0.00263268
11.55 0.00243073
11.56 0.00222797
11.57 0.00202453
11.58 0.00182057
11.59 0.00161624
11.6 0.00141167
11.61 0.00120703
11.62 0.00100247
11.63 0.000798169
11.64 0.000594287
11.65 0.000390988
11.66 0.000188432
11.67 -1.32193e-05
11.68 -0.0002138
11.69 -0.000413146
11.7 -0.000611089
11.71 -0.000807463
11.72 -0.0010021
11.73 -0.00119484
11.74 -0.00138552
11.75 -0.00157401
11.76 -0.00176019
11.77 -0.00194399
11.78 -0.00212535
11.79 -0.00230421
11.8 -0.00248056
11.81 -0.0026544
11.82 -0.00282575
11.83 -0.0029946
11.84 -0.00316096
11.85 -0.00332485
11.86 -0.00348633
11.87 -0.00364544
11.88 -0.00380222
11.89 -0.00395675
11.9 -0.00410914
11.91 -0.00425951
11.92 -0.004408
11.93 -0.00455471
11.94 -0.00469977
11.95 -0.00484329
11.96 -0.00498534
11.97 -0.00512596
11.98 -0.00526509
11.99 -0.00540268
12 -0.00553856
12.01 -0.00567256
12.02 -0.00580438
12.03 -0.00593372
12.04 -0.00606022
12.05 -0.00618351
12.06 -0.0063032
12.07 -0.00641891
12.08 -0.00653027
12.09 -0.00663695
12.1 -0.00673866
12.11 -0.00683517
12.12 -0.00692627
12.13 -0.0070118
12.14 -0.00709162
12.15 -0.00716561
12.16 -0.00723369
12.17 -0.00729574
12.18 -0.00735167
12.19 -0.00740136
12.2 -0.00744469
12.21 -0.00748157
12.22 -0.00751187
12.23 -0.0075355
12.24 -0.00755238
12.25 -0.00756248
12.26 -0.00756576
12.27 -0.00756225
12.28 -0.00755198
12.29 -0.00753498
12.3 -0.0075113
12.31 -0.007481
12.32 -0.0074441
12.33 -0.00740061
12.34 -0.00735051
12.35 -0.00729376
12.36 -0.0072303
12.37 -0.00716004
12.38 -0.00708288
12.39 -0.00699867
12.4 -0.0069073
12.41 -0.00680862
12.42 -0.0067025
12.43 -0.00658877
12.44 -0.00646727
12.45 -0.00633784
12.46 -0.0062003
12.47 -0.00605443
12.48 -0.0059
12.49 -0.00573676
12.5 -0.00556447
12.51 -0.00538291
12.52 -0.0051919
12.53 -0.00499137
12.54 -0.00478131
12.55 -0.00456188
12.56 -0.00433337
12.57 -0.0040962
12.58 -0.00385092
12.59 -0.0035982
12.6 -0.00333877
12.61 -0.00307345
12.62 -0.00280307
12.63 -0.00252846
12.64 -0.00225044
12.65 -0.00196979
12.66 -0.00168723
12.67 -0.00140343
12.68 -0.00111896
12.69 -0.000834328
12.7 -0.000549962
12.71 -0.000266233
12.72 1.65671e-05
12.73 0.000298216
12.74 0.000578524
12.75 0.000857313
12.76 0.00113443
12.77 0.00140972
12.78 0.00168306
12.79 0.00195425
12.8 0.00222309
12.81 0.00248936
12.82 0.0027528
12.83 0.00301313
12.84 0.00327006
12.85 0.00352324
12.86 0.00377233
12.87 0.00401697
12.88 0.00425681
12.89 0.00449149
12.9 0.00472066
12.91 0.00494396
12.92 0.00516109
12.93 0.00537177
12.94 0.00557573
12.95 0.00577272
12.96 0.00596255
12.97 0.00614502
12.98 0.00631996
12.99 0.00648722
13 0.00664662
13.01 0.00679801
13.02 0.0069412
13.03 0.00707602
13.04 0.00720229
13.05 0.00731981
13.06 0.00742836
13.07 0.00752775
13.08 0.00761777
13.09 0.0076982
13.1 0.00776881
13.11 0.00782935
13.12 0.00787955
13.13 0.00791911
13.14 0.00794772
13.15 0.00796503
13.16 0.00797074
13.17 0.00796452
13.18 0.00794613
13.19 0.00791536
13.2 0.00787211
13.21 0.00781638
13.22 0.00774825
13.23 0.00766792
13.24 0.00757566
13.25 0.00747179
13.26 0.00735672
13.27 0.00723089
13.28 0.00709475
13.29 0.00694881
13.3 0.00679359
13.31 0.00662963
13.32 0.00645746
13.33 0.00627764
13.34 0.00609069
13.35 0.00589715
13.36 0.00569748
13.37 0.00549214
13.38 0.00528151
13.39 0.00506595
13.4 0.00484581
13.41 0.00462136
13.42 0.00439292
13.43 0.00416077
13.44 0.00392524
13.45 0.00368666
13.46 0.00344535
13.47 0.00320166
13.48 0.00295593
13.49 0.00270851
13.5 0.00245969
13.51 0.00220978
13.52 0.00195903
13.53 0.0017077
13.54 0.00145602
13.55 0.00120422
13.56 0.000952545
13.57 0.000701221
13.58 0.00045049
13.59 0.000200611
13.6 -4.81609e-05
13.61 -0.000295579
13.62 -0.000541411
13.63 -0.000785427
13.64 -0.0010274
13.65 -0.00126713
13.66 -0.00150442
13.67 -0.00173909
13.68 -0.00197094
13.69 -0.00219979
13.7 -0.00242545
13.71 -0.00264773
13.72 -0.00286644
13.73 -0.00308138
13.74 -0.00329234
13.75 -0.00349911
13.76 -0.00370148
13.77 -0.00389921
13.78 -0.00409206
13.79 -0.00427979
13.8 -0.00446213
13.81 -0.00463885
13.82 -0.00480974
13.83 -0.00497458
13.84 -0.00513319
13.85 -0.00528543
13.86 -0.00543121
13.87 -0.0055705
13.88 -0.00570326
13.89 -0.00582953
13.9 -0.00594938
13.91 -0.00606293
13.92 -0.00617028
13.93 -0.00627156
13.94 -0.00636688
13.95 -0.00645637
13.96 -0.00654014
13.97 -0.00661827
13.98 -0.00669079
13.99 -0.00675771
14 -0.00681904
14.01 -0.00687476
14.02 -0.00692478
14.03 -0.00696903
14.04 -0.00700745
14.05 -0.00703996
14.06 -0.00706652
14.07 -0.00708707
14.08 -0.00710158
14.09 -0.00711008
14.1 -0.00711258
14.11 -0.00710912
14.12 -0.00709974
14.13 -0.00708447
14.14 -0.00706335
14.15 -0.0070364
14.16 -0.00700361
14.17 -0.00696497
14.18 -0.00692043
14.19 -0.00686996
14.2 -0.0068135
14.21 -0.00675099
14.22 -0.00668238
14.23 -0.0066076
14.24 -0.00652662
14.25 -0.00643939
14.26 -0.00634591
14.27 -0.00624615
14.28 -0.00614014
14.29 -0.00602791
14.3 -0.0059095
14.31 -0.00578495
14.32 -0.00565432
14.33 -0.00551769
14.34 -0.0053751
14.35 -0.00522662
14.36 -0.00507233
14.37 -0.0049123
14.38 -0.00474659
14.39 -0.00457529
14.4 -0.00439848
14.41 -0.00421627
14.42 -0.00402875
14.43 -0.00383604
14.44 -0.00363825
14.45 -0.00343553
14.46 -0.00322802
14.47 -0.00301587
14.48 -0.00279926
14.49 -0.00257839
14.5 -0.00235346
14.51 -0.00212469
14.52 -0.00189232
14.53 -0.00165657
14.54 -0.00141769
14.55 -0.00117592
14.56 -0.000931488
14.57 -0.000684628
14.58 -0.000435575
14.59 -0.000184563
14.6 6.81736e-05
14.61 0.000322407
14.62 0.000577903
14.63 0.000834429
14.64 0.00109176
14.65 0.00134966
14.66 0.00160794
14.67 0.00186638
14.68 0.00212476
14.69 0.00238285
14.7 0.00264042
14.71 0.00289723
14.72 0.00315303
14.73 0.00340752
14.74 0.00366041
14.75 0.00391142
14.76 0.00416024
14.77 0.00440656
14.78 0.00465008
14.79 0.00489049
14.8 0.00512749
14.81 0.00536079
14.82 0.00559008
14.83 0.00581503
14.84 0.00603535
14.85 0.00625075
14.86 0.00646095
14.87 0.00666568
14.88 0.00686469
14.89 0.00705782
14.9 0.0072449
14.91 0.00742583
14.92 0.00760052
14.93 0.00776891
14.94 0.00793094
14.95 0.00808654
14.96 0.00823561
14.97 0.00837798
14.98 0.00851345
14.99 0.00864176
15 0.00876263
15.01 0.0088757
15.02 0.00898063
15.03 0.00907708
15.04 0.0091647
15.05 0.00924318
15.06 0.00931224
15.07 0.00937157
15.08 0.00942093
15.09 0.00946007
15.1 0.00948878
15.11 0.00950686
15.12 0.00951411
15.13 0.00951041
15.14 0.00949566
15.15 0.00946979
15.16 0.00943278
15.17 0.0093846
15.18 0.0093253
15.19 0.00925493
15.2 0.00917354
15.21 0.00908121
15.22 0.00897803
15.23 0.00886413
15.24 0.00873962
15.25 0.00860467
15.26 0.00845945
15.27 0.00830412
15.28 0.0081389
15.29 0.007964
15.3 0.00777964
15.31 0.00758604
15.32 0.00738342
15.33 0.00717202
15.34 0.00695209
15.35 0.00672387
15.36 0.00648764
15.37 0.00624365
15.38 0.0059922
15.39 0.00573359
15.4 0.00546813
15.41 0.00519611
15.42 0.00491785
15.43 0.00463364
15.44 0.00434379
15.45 0.00404859
15.46 0.00374833
15.47 0.00344328
15.48 0.00313372
15.49 0.00281996
15.5 0.0025023
15.51 0.00218106
15.52 0.00185655
15.53 0.00152915
15.54 0.0011992
15.55 0.000867067
15.56 0.000533129
15.57 0.000197751
15.58 -0.000138695
15.59 -0.000475841
15.6 -0.000813315
15.61 -0.00115074
15.62 -0.00148771
15.63 -0.00182383
15.64 -0.00215864
15.65 -0.00249167
15.66 -0.00282242
15.67 -0.00315039
15.68 -0.00347503
15.69 -0.00379582
15.7 -0.00411223
15.71 -0.00442377
15.72 -0.00472997
15.73 -0.00503041
15.74 -0.00532466
15.75 -0.0056124
15.76 -0.00589329
15.77 -0.00616707
15.78 -0.00643352
15.79 -0.00669245
15.8 -0.0069437
15.81 -0.00718715
15.82 -0.00742272
15.83 -0.00765032
15.84 -0.00786985
15.85 -0.00808123
15.86 -0.00828436
15.87 -0.0084791
15.88 -0.0086653
15.89 -0.00884279
15.9 -0.00901136
15.91 -0.00917082
15.92 -0.00932093
15.93 -0.00946149
15.94 -0.00959226
15.95 -0.00971304
15.96 -0.00982364
15.97 -0.0099239
15.98 -0.0100137
15.99 -0.0100928
16 -0.0101613
16.01 -0.0102189
16.02 -0.0102658
16.03 -0.0103018
16.04 -0.010327
16.05 -0.0103414
16.06 -0.010345
16.07 -0.010338
16.08 -0.0103203
16.09 -0.0102922
16.1 -0.0102538
16.11 -0.0102051
16.12 -0.0101463
16.13 -0.0100776
16.14 -0.009999
16.15 -0.0099106
16.16 -0.00981248
16.17 -0.00970472
16.18 -0.00958735
16.19 -0.00946042
16.2 -0.00932398
16.21 -0.00917807
16.22 -0.00902278
16.23 -0.00885818
16.24 -0.00868438
16.25 -0.00850151
16.26 -0.00830973
16.27 -0.00810921
16.28 -0.00790016
16.29 -0.00768281
16.3 -0.00745743
16.31 -0.00722428
16.32 -0.00698369
16.33 -0.00673594
16.34 -0.00648137
16.35 -0.00622031
16.36 -0.00595308
16.37 -0.00568003
16.38 -0.00540147
16.39 -0.00511772
16.4 -0.0048291
16.41 -0.00453591
16.42 -0.00423845
16.43 -0.00393702
16.44 -0.0036319
16.45 -0.00332339
16.46 -0.00301178
16.47 -0.00269737
16.48 -0.00238045
16.49 -0.00206133
16.5 -0.00174033
16.51 -0.00141776
16.52 -0.00109395
16.53 -0.000769226
16.54 -0.000443935
16.55 -0.000118417
16.56 0.000206985
16.57 0.000531934
16.58 0.000856093
16.59 0.00117913
16.6 0.00150072
16.61 0.00182056
16.62 0.00213835
16.63 0.00245382
16.64 0.00276668
16.65 0.00307669
16.66 0.0033836
16.67 0.00368717
16.68 0.00398716
16.69 0.00428334
16.7 0.00457546
16.71 0.00486327
16.72 0.00514654
16.73 0.00542499
16.74 0.00569838
16.75 0.00596645
16.76 0.00622893
16.77 0.00648554
16.78 0.00673603
16.79 0.00698012
16.8 0.00721755
16.81 0.00744803
16.82 0.00767128
16.83 0.00788704
16.84 0.00809502
16.85 0.00829497
16.86 0.0084866
16.87 0.00866966
16.88 0.0088439
16.89 0.00900909
16.9 0.009165
16.91 0.00931143
16.92 0.00944821
16.93 0.00957518
16.94 0.00969221
16.95 0.00979923
16.96 0.00989617
16.97 0.009983
16.98 0.0100597
16.99 0.0101264
17 0.0101829
17.01 0.0102294
17.02 0.010266
17.03 0.0102925
17.04 0.010309
17.05 0.0103155
17.06 0.010312
17.07 0.0102985
17.08 0.0102748
17.09 0.010241
17.1 0.0101969
17.11 0.0101426
17.12 0.0100781
17.13 0.0100032
17.14 0.00991806
17.15 0.00982261
17.16 0.00971693
17.17 0.00960111
17.18 0.00947524
17.19 0.00933948
17.2 0.00919399
17.21 0.00903896
17.22 0.0088746
17.23 0.00870111
17.24 0.00851873
17.25 0.00832769
17.26 0.00812821
17.27 0.00792052
17.28 0.00770486
17.29 0.00748146
17.3 0.00725058
17.31 0.00701245
17.32 0.00676733
17.33 0.00651546
17.34 0.0062571
17.35 0.00599252
17.36 0.00572197
17.37 0.00544575
17.38 0.00516412
17.39 0.00487739
17.4 0.00458588
17.41 0.0042899
17.42 0.00398978
17.43 0.00368586
17.44 0.00337849
17.45 0.00306803
17.46 0.00275483
17.47 0.00243926
17.48 0.00212167
17.49 0.00180244
17.5 0.00148194
17.51 0.00116053
17.52 0.000838586
17.53 0.00051646
17.54 0.000194512
17.55 -0.000126913
17.56 -0.00044748
17.57 -0.000766874
17.58 -0.00108479
17.59 -0.00140093
17.6 -0.001715
17.61 -0.00202673
17.62 -0.00233584
17.63 -0.00264205
17.64 -0.00294507
17.65 -0.00324463
17.66 -0.00354044
17.67 -0.0038322
17.68 -0.00411963
17.69 -0.00440243
17.7 -0.0046803
17.71 -0.00495295
17.72 -0.0052201
17.73 -0.00548145
17.74 -0.00573673
17.75 -0.00598567
17.76 -0.00622801
17.77 -0.0064635
17.78 -0.00669191
17.79 -0.00691303
17.8 -0.00712667
17.81 -0.00733263
17.82 -0.00753076
17.83 -0.00772095
17.84 -0.00790306
17.85 -0.008077
17.86 -0.00824268
17.87 -0.00840003
17.88 -0.00854899
17.89 -0.00868948
17.9 -0.00882145
17.91 -0.00894482
17.92 -0.00905954
17.93 -0.00916554
17.94 -0.00926274
17.95 -0.00935105
17.96 -0.00943039
17.97 -0.00950068
17.98 -0.00956183
17.99 -0.00961375
18 -0.00965639
18.01 -0.00968966
18.02 -0.00971352
18.03 -0.00972791
18.04 -0.00973282
18.05 -0.0097282
18.06 -0.00971404
18.07 -0.00969036
18.08 -0.00965714
18.09 -0.00961441
18.1 -0.00956221
18.11 -0.00950055
18.12 -0.00942951
18.13 -0.00934914
18.14 -0.00925954
18.15 -0.00916079
18.16 -0.00905302
18.17 -0.0089364
18.18 -0.0088111
18.19 -0.00867733
18.2 -0.00853531
18.21 -0.0083853
18.22 -0.00822755
18.23 -0.00806234
18.24 -0.00788992
18.25 -0.00771054
18.26 -0.00752445
18.27 -0.00733188
18.28 -0.00713303
18.29 -0.00692811
18.3 -0.00671729
18.31 -0.00650075
18.32 -0.00627866
18.33 -0.0060512
18.34 -0.00581853
18.35 -0.00558083
18.36 -0.00533831
18.37 -0.00509116
18.38 -0.00483962
18.39 -0.0045839
18.4 -0.00432425
18.41 -0.00406091
18.42 -0.00379413
18.43 -0.00352414
18.44 -0.00325119
18.45 -0.00297551
18.46 -0.00269732
18.47 -0.00241685
18.48 -0.00213433
18.49 -0.00184999
18.5 -0.00156405
18.51 -0.00127676
18.52 -0.000988359
18.53 -0.000699101
18.54 -0.000409251
18.55 -0.00011908
18.56 0.000171129
18.57 0.00046108
18.58 0.000750472
18.59 0.00103901
18.6 0.00132638
18.61 0.00161228
18.62 0.0018964
18.63 0.00217846
18.64 0.00245815
18.65 0.00273521
18.66 0.00300935
18.67 0.00328032
18.68 0.00354786
18.69 0.00381172
18.7 0.00407167
18.71 0.00432749
18.72 0.00457894
18.73 0.00482581
18.74 0.00506789
18.75 0.00530499
18.76 0.00553691
18.77 0.00576344
18.78 0.00598439
18.79 0.00619957
18.8 0.00640878
18.81 0.00661182
18.82 0.00680845
18.83 0.00699847
18.84 0.00718165
18.85 0.00735774
18.86 0.0075265
18.87 0.00768768
18.88 0.00784104
18.89 0.00798634
18.9 0.00812333
18.91 0.0082518
18.92 0.00837151
18.93 0.00848229
18.94 0.00858395
18.95 0.00867635
18.96 0.00875934
18.97 0.00883284
18.98 0.00889678
18.99 0.00895112
19 0.00899582
19.01 0.00903091
19.02 0.0090564
19.03 0.00907233
19.04 0.00907874
19.05 0.00907569
19.06 0.00906325
19.07 0.00904149
19.08 0.00901048
19.09 0.00897032
19.1 0.0089211
19.11 0.00886289
19.12 0.00879579
19.13 0.00871991
19.14 0.00863532
19.15 0.00854209
19.16 0.00844033
19.17 0.00833012
19.18 0.00821155
19.19 0.00808472
19.2 0.00794975
19.21 0.00780677
19.22 0.00765593
19.23 0.00749738
19.24 0.00733129
19.25 0.00715784
19.26 0.00697723
19.27 0.00678966
19.28 0.00659534
19.29 0.00639447
19.3 0.00618727
19.31 0.00597396
19.32 0.00575477
19.33 0.00552991
19.34 0.00529962
19.35 0.00506413
19.36 0.00482369
19.37 0.00457855
19.38 0.00432896
19.39 0.00407521
19.4 0.00381758
19.41 0.00355636
19.42 0.00329185
19.43 0.00302436
19.44 0.00275421
19.45 0.00248171
19.46 0.00220719
19.47 0.00193098
19.48 0.00165341
19.49 0.00137481
19.5 0.00109554
19.51 0.00081592
19.52 0.000536308
19.53 0.000257035
19.54 -2.1569e-05
19.55 -0.000299188
19.56 -0.000575519
19.57 -0.000850274
19.58 -0.00112318
19.59 -0.00139399
19.6 -0.00166245
19.61 -0.00192831
19.62 -0.00219134
19.63 -0.0024513
19.64 -0.00270794
19.65 -0.00296103
19.66 -0.00321033
19.67 -0.00345559
19.68 -0.00369662
19.69 -0.00393318
19.7 -0.00416509
19.71 -0.00439218
19.72 -0.00461427
19.73 -0.00483121
19.74 -0.00504286
19.75 -0.00524909
19.76 -0.00544976
19.77 -0.00564473
19.78 -0.00583389
19.79 -0.0060171
19.8 -0.00619424
19.81 -0.00636518
19.82 -0.00652977
19.83 -0.0066879
19.84 -0.00683942
19.85 -0.00698421
19.86 -0.00712215
19.87 -0.0072531
19.88 -0.00737697
19.89 -0.00749367
19.9 -0.00760309
19.91 -0.00770518
19.92 -0.00779986
19.93 -0.00788708
19.94 -0.0079668
19.95 -0.00803898
19.96 -0.00810358
19.97 -0.00816058
19.98 -0.00820997
19.99 -0.00825173
20 -0.00828585
20.01 -0.00831234
20.02 -0.00833121
20.03 -0.00834246
20.04 -0.00834614
20.05 -0.00834226
20.06 -0.00833086
20.07 -0.008312
20.08 -0.00828573
20.09 -0.00825211
20.1 -0.00821122
20.11 -0.00816312
20.12 -0.00810792
20.13 -0.00804571
20.14 -0.00797658
20.15 -0.00790064
20.16 -0.00781798
20.17 -0.00772869
20.18 -0.00763286
20.19 -0.00753055
20.2 -0.00742184
20.21 -0.00730678
20.22 -0.00718542
20.23 -0.00705784
20.24 -0.00692408
20.25 -0.00678422
20.26 -0.00663835
20.27 -0.00648655
20.28 -0.00632891
20.29 -0.00616554
20.3 -0.00599655
20.31 -0.00582203
20.32 -0.00564211
20.33 -0.00545688
20.34 -0.00526648
20.35 -0.005071
20.36 -0.00487058
20.37 -0.00466535
20.38 -0.00445542
20.39 -0.00424096
20.4 -0.00402209
20.41 -0.00379897
20.42 -0.00357175
20.43 -0.00334059
20.44 -0.00310564
20.45 -0.00286707
20.46 -0.00262506
20.47 -0.00237978
20.48 -0.00213141
20.49 -0.00188016
20.5 -0.00162623
20.51 -0.00136981
20.52 -0.00111112
20.53 -0.000850368
20.54 -0.00058778
20.55 -0.000323564
20.56 -5.79385e-05
20.57 0.000208869
20.58 0.000476629
20.59 0.000745109
20.6 0.00101407
20.61 0.00128325
20.62 0.00155239
20.63 0.00182122
20.64 0.00208948
20.65 0.00235687
20.66 0.00262312
20.67 0.00288795
20.68 0.00315107
20.69 0.00341221
20.7 0.00367109
20.71 0.00392745
20.72 0.00418101
20.73 0.00443152
20.74 0.00467872
20.75 0.00492237
20.76 0.00516222
20.77 0.00539803
20.78 0.00562958
20.79 0.00585663
20.8 0.00607895
20.81 0.00629631
20.82 0.00650851
20.83 0.0067153
20.84 0.00691648
20.85 0.00711183
20.86 0.00730113
20.87 0.00748418
20.88 0.00766076
20.89 0.00783068
20.9 0.00799371
20.91 0.00814966
20.92 0.00829833
20.93 0.0084395
20.94 0.00857297
20.95 0.00869853
20.96 0.00881597
20.97 0.00892508
20.98 0.00902566
20.99 0.00911753
21 0.00920048
21.01 0.00927437
21.02 0.00933903
21.03 0.00939433
21.04 0.00944014
21.05 0.00947636
21.06 0.0095029
21.07 0.00951968
21.08 0.00952666
21.09 0.00952378
21.1 0.00951102
21.11 0.00948838
21.12 0.00945586
21.13 0.0094135
21.14 0.00936133
21.15 0.00929943
21.16 0.00922789
21.17 0.00914679
21.18 0.00905625
21.19 0.0089564
21.2 0.00884737
21.21 0.00872931
21.22 0.00860237
21.23 0.0084667
21.24 0.00832246
21.25 0.00816979
21.26 0.00800886
21.27 0.00783982
21.28 0.00766282
21.29 0.00747803
21.3 0.00728562
21.31 0.00708578
21.32 0.00687868
21.33 0.00666454
21.34 0.00644357
21.35 0.006216
21.36 0.00598207
21.37 0.00574203
21.38 0.00549612
21.39 0.00524462
21.4 0.00498779
21.41 0.0047259
21.42 0.00445922
21.43 0.00418803
21.44 0.00391262
21.45 0.00363329
21.46 0.00335033
21.47 0.00306407
21.48 0.00277481
21.49 0.00248288
21.5 0.0021886
21.51 0.00189231
21.52 0.00159433
21.53 0.001295
21.54 0.000994632
21.55 0.000693553
21.56 0.00039208
21.57 9.05206e-05
21.58 -0.000210825
21.59 -0.000511661
21.6 -0.000811697
21.61 -0.00111065
21.62 -0.00140823
21.63 -0.00170418
21.64 -0.0019982
21.65 -0.00229003
21.66 -0.00257939
21.67 -0.00286599
21.68 -0.00314956
21.69 -0.00342981
21.7 -0.00370646
21.71 -0.00397923
21.72 -0.00424784
21.73 -0.00451203
21.74 -0.00477152
21.75 -0.00502607
21.76 -0.00527542
21.77 -0.00551934
21.78 -0.0057576
21.79 -0.00598997
21.8 -0.00621625
21.81 -0.00643623
21.82 -0.0066497
21.83 -0.0068565
21.84 -0.00705643
21.85 -0.00724932
21.86 -0.00743502
21.87 -0.00761337
21.88 -0.00778423
21.89 -0.00794745
21.9 -0.00810291
21.91 -0.00825049
21.92 -0.00839005
21.93 -0.00852148
21.94 -0.00864468
21.95 -0.00875953
21.96 -0.00886591
21.97 -0.00896375
21.98 -0.00905293
21.99 -0.00913338
22 -0.00920502
22.01 -0.00926779
22.02 -0.00932163
22.03 -0.0093665
22.04 -0.00940237
22.05 -0.00942923
22.06 -0.00944707
22.07 -0.0094559
22.08 -0.00945573
22.09 -0.00944659
22.1 -0.00942852
22.11 -0.00940156
22.12 -0.00936576
22.13 -0.00932118
22.14 -0.0092679
22.15 -0.00920599
22.16 -0.00913554
22.17 -0.00905664
22.18 -0.00896939
22.19 -0.00887389
22.2 -0.00877026
22.21 -0.00865862
22.22 -0.00853909
22.23 -0.00841179
22.24 -0.00827685
22.25 -0.00813442
22.26 -0.00798461
22.27 -0.00782757
22.28 -0.00766343
22.29 -0.00749233
22.3 -0.00731439
22.31 -0.00712974
22.32 -0.00693854
22.33 -0.0067409
22.34 -0.00653699
22.35 -0.00632695
22.36 -0.00611094
22.37 -0.00588914
22.38 -0.00566172
22.39 -0.00542887
22.4 -0.00519078
22.41 -0.00494767
22.42 -0.00469972
22.43 -0.00444715
22.44 -0.00419016
22.45 -0.00392899
22.46 -0.00366383
22.47 -0.00339492
22.48 -0.00312247
22.49 -0.00284673
22.5 -0.00256792
22.51 -0.00228629
22.52 -0.00200209
22.53 -0.00171559
22.54 -0.00142705
22.55 -0.00113674
22.56 -0.000844952
22.57 -0.000551965
22.58 -0.000258065
22.59 3.64561e-05
22.6 0.000331308
22.61 0.0006262
22.62 0.000920844
22.63 0.00121495
22.64 0.00150823
22.65 0.00180039
22.66 0.00209116
22.67 0.00238024
22.68 0.00266734
22.69 0.00295219
22.7 0.0032345
22.71 0.00351398
22.72 0.00379035
22.73 0.00406334
22.74 0.00433265
22.75 0.00459802
22.76 0.00485915
22.77 0.0051158
22.78 0.00536767
22.79 0.00561452
22.8 0.00585608
22.81 0.0060921
22.82 0.00632235
22.83 0.00654659
22.84 0.00676458
22.85 0.00697612
22.86 0.00718099
22.87 0.00737897
22.88 0.00756986
22.89 0.00775345
22.9 0.00792956
22.91 0.00809799
22.92 0.00825855
22.93 0.00841105
22.94 0.00855534
22.95 0.00869123
22.96 0.00881858
22.97 0.00893723
22.98 0.00904706
22.99 0.00914792
23 0.00923969
23.01 0.00932227
23.02 0.00939553
23.03 0.00945938
23.04 0.00951371
23.05 0.00955842
23.06 0.00959343
23.07 0.00961864
23.08 0.00963399
23.09 0.00963938
23.1 0.00963477
23.11 0.00962011
23.12 0.00959536
23.13 0.0095605
23.14 0.00951554
23.15 0.00946049
23.16 0.0093954
23.17 0.00932031
23.18 0.00923532
23.19 0.00914052
23.2 0.00903601
23.21 0.00892193
23.22 0.00879841
23.23 0.00866562
23.24 0.00852371
23.25 0.00837284
23.26 0.00821321
23.27 0.008045
23.28 0.00786838
23.29 0.00768355
23.3 0.0074907
23.31 0.00729004
23.32 0.00708174
23.33 0.00686602
23.34 0.00664307
23.35 0.00641309
23.36 0.0061763
23.37 0.00593292
23.38 0.00568316
23.39 0.00542726
23.4 0.00516547
23.41 0.00489803
23.42 0.00462521
23.43 0.0043473
23.44 0.00406458
23.45 0.00377735
23.46 0.00348591
23.47 0.00319057
23.48 0.00289166
23.49 0.00258949
23.5 0.00228441
23.51 0.00197673
23.52 0.00166681
23.53 0.00135498
23.54 0.00104159
23.55 0.000726981
23.56 0.000411507
23.57 9.55137e-05
23.58 -0.000220654
23.59 -0.000536656
23.6 -0.000852152
23.61 -0.0011668
23.62 -0.00148027
23.63 -0.00179221
23.64 -0.00210231
23.65 -0.00241022
23.66 -0.0027156
23.67 -0.00301813
23.68 -0.00331746
23.69 -0.00361326
23.7 -0.00390521
23.71 -0.00419296
23.72 -0.0044762
23.73 -0.0047546
23.74 -0.00502786
23.75 -0.00529567
23.76 -0.00555773
23.77 -0.00581377
23.78 -0.00606351
23.79 -0.00630669
23.8 -0.00654308
23.81 -0.00677242
23.82 -0.00699452
23.83 -0.00720915
23.84 -0.00741613
23.85 -0.00761527
23.86 -0.00780639
23.87 -0.00798932
23.88 -0.00816391
23.89 -0.00832998
23.9 -0.00848739
23.91 -0.00863599
23.92 -0.00877562
23.93 -0.00890616
23.94 -0.00902745
23.95 -0.00913938
23.96 -0.00924183
23.97 -0.00933468
23.98 -0.00941785
23.99 -0.00949125
24 -0.00955481
24.01 -0.00960849
24.02 -0.00965226
24.03 -0.00968608
24.04 -0.00970996
24.05 -0.00972389
24.06 -0.00972791
24.07 -0.00972203
24.08 -0.00970629
24.09 -0.00968076
24.1 -0.00964549
24.11 -0.00960054
24.12 -0.009546
24.13 -0.00948194
24.14 -0.00940847
24.15 -0.00932568
24.16 -0.00923367
24.17 -0.00913256
24.18 -0.00902245
24.19 -0.00890349
24.2 -0.0087758
24.21 -0.00863953
24.22 -0.00849483
24.23 -0.00834187
24.24 -0.00818083
24.25 -0.00801189
24.26 -0.00783524
24.27 -0.00765108
24.28 -0.00745959
24.29 -0.007261
24.3 -0.0070555
24.31 -0.00684331
24.32 -0.00662464
24.33 -0.00639973
24.34 -0.0061688
24.35 -0.00593208
24.36 -0.00568982
24.37 -0.00544227
24.38 -0.00518968
24.39 -0.00493233
24.4 -0.00467048
24.41 -0.0044044
24.42 -0.00413437
24.43 -0.00386065
24.44 -0.00358353
24.45 -0.00330328
24.46 -0.00302016
24.47 -0.00273446
24.48 -0.00244642
24.49 -0.00215633
24.5 -0.00186445
24.51 -0.00157104
24.52 -0.00127639
24.53 -0.000980754
24.54 -0.00068442
24.55 -0.000387668
24.56 -9.07856e-05
24.57 0.000205937
24.58 0.000502201
24.59 0.000797702
24.6 0.00109213
24.61 0.00138517
24.62 0.00167652
24.63 0.00196584
24.64 0.00225283
24.65 0.00253717
24.66 0.00281856
24.67 0.00309669
24.68 0.00337128
24.69 0.00364206
24.7 0.00390876
24.71 0.00417114
24.72 0.00442895
24.73 0.00468198
24.74 0.00493
24.75 0.0051728
24.76 0.00541018
24.77 0.00564195
24.78 0.00586791
24.79 0.00608787
24.8 0.00630163
24.81 0.00650903
24.82 0.00670987
24.83 0.00690398
24.84 0.0070912
24.85 0.00727135
24.86 0.00744428
24.87 0.00760983
24.88 0.00776784
24.89 0.00791818
24.9 0.00806069
24.91 0.00819521
24.92 0.00832162
24.93 0.00843977
24.94 0.00854953
24.95 0.00865077
24.96 0.00874338
24.97 0.00882725
24.98 0.0089023
24.99 0.00896844
25 0.0090256
25.01 0.00907374
25.02 0.0091128
25.03 0.00914276
25.04 0.00916358
25.05 0.00917526
25.06 0.00917778
25.07 0.00917114
25.08 0.00915536
25.09 0.00913043
25.1 0.00909639
25.11 0.00905325
25.12 0.00900105
25.13 0.00893982
25.14 0.00886961
25.15 0.00879047
25.16 0.00870245
25.17 0.00860563
25.18 0.00850009
25.19 0.00838591
25.2 0.00826321
25.21 0.00813209
25.22 0.0079927
25.23 0.00784517
25.24 0.00768968
25.25 0.00752638
25.26 0.00735546
25.27 0.00717713
25.28 0.00699158
25.29 0.00679901
25.3 0.00659965
25.31 0.00639372
25.32 0.00618144
25.33 0.00596303
25.34 0.00573873
25.35 0.00550877
25.36 0.00527337
25.37 0.00503279
25.38 0.00478725
25.39 0.00453699
25.4 0.00428228
25.41 0.00402334
25.42 0.00376045
25.43 0.00349387
25.44 0.00322384
25.45 0.00295066
25.46 0.00267458
25.47 0.00239588
25.48 0.00211485
25.49 0.00183176
25.5 0.00154691
25.51 0.00126058
25.52 0.000973071
25.53 0.000684679
25.54 0.000395704
25.55 0.000106447
25.56 -0.000182787
25.57 -0.000471692
25.58 -0.000759959
25.59 -0.00104728
25.6 -0.00133336
25.61 -0.00161786
25.62 -0.0019005
25.63 -0.00218095
25.64 -0.00245891
25.65 -0.00273409
25.66 -0.00300617
25.67 -0.00327486
25.68 -0.00353988
25.69 -0.00380094
25.7 -0.00405778
25.71 -0.00431014
25.72 -0.00455775
25.73 -0.00480038
25.74 -0.00503779
25.75 -0.00526976
25.76 -0.00549605
25.77 -0.00571645
25.78 -0.00593076
25.79 -0.00613876
25.8 -0.00634028
25.81 -0.00653512
25.82 -0.0067231
25.83 -0.00690406
25.84 -0.00707783
25.85 -0.00724426
25.86 -0.0074032
25.87 -0.00755453
25.88 -0.0076981
25.89 -0.00783379
25.9 -0.00796149
25.91 -0.00808108
25.92 -0.00819245
25.93 -0.00829549
25.94 -0.00839012
25.95 -0.00847622
25.96 -0.00855372
25.97 -0.00862254
25.98 -0.00868258
25.99 -0.0087338
26 -0.00877611
26.01 -0.00880948
26.02 -0.00883385
26.03 -0.0088492
26.04 -0.00885551
26.05 -0.00885277
26.06 -0.00884099
26.07 -0.00882018
26.08 -0.00879038
26.09 -0.00875161
26.1 -0.00870395
26.11 -0.00864744
26.12 -0.00858215
26.13 -0.00850819
26.14 -0.00842563
26.15 -0.00833458
26.16 -0.00823517
26.17 -0.00812752
26.18 -0.00801175
26.19 -0.00788802
26.2 -0.00775646
26.21 -0.00761724
26.22 -0.00747051
26.23 -0.00731642
26.24 -0.00715516
26.25 -0.00698688
26.26 -0.00681176
26.27 -0.00662998
26.28 -0.00644174
26.29 -0.00624724
26.3 -0.00604667
26.31 -0.00584026
26.32 -0.00562821
26.33 -0.00541077
26.34 -0.00518817
26.35 -0.00496065
26.36 -0.00472846
26.37 -0.00449184
26.38 -0.00425107
26.39 -0.00400638
26.4 -0.00375804
26.41 -0.00350631
26.42 -0.00325144
26.43 -0.00299369
26.44 -0.00273331
26.45 -0.00247055
26.46 -0.00220567
26.47 -0.00193891
26.48 -0.00167053
26.49 -0.00140077
26.5 -0.0011299
26.51 -0.000858161
26.52 -0.000585818
26.53 -0.000313129
26.54 -4.03511e-05
26.55 0.000232257
26.56 0.000504438
26.57 0.000775938
26.58 0.0010465
26.59 0.00131589
26.6 0.00158383
26.61 0.0018501
26.62 0.00211443
26.63 0.00237658
26.64 0.0026363
26.65 0.00289333
26.66 0.00314742
26.67 0.00339832
26.68 0.00364579
26.69 0.00388957
26.7 0.00412943
26.71 0.00436514
26.72 0.00459647
26.73 0.00482321
26.74 0.00504515
26.75 0.00526209
26.76 0.00547383
26.77 0.00568019
26.78 0.00588098
26.79 0.00607604
26.8 0.00626518
26.81 0.00644824
26.82 0.00662506
26.83 0.00679546
26.84 0.00695931
26.85 0.00711644
26.86 0.00726672
26.87 0.00741
26.88 0.00754617
26.89 0.0076751
26.9 0.00779669
26.91 0.00791083
26.92 0.00801743
26.93 0.0081164
26.94 0.00820767
26.95 0.00829117
26.96 0.00836682
26.97 0.00843456
26.98 0.00849433
26.99 0.00854608
27 0.00858975
27.01 0.0086253
27.02 0.00865268
27.03 0.00867185
27.04 0.00868279
27.05 0.00868547
27.06 0.00867987
27.07 0.008666
27.08 0.00864384
27.09 0.00861342
27.1 0.00857475
27.11 0.00852785
27.12 0.00847276
27.13 0.0084095
27.14 0.00833812
27.15 0.00825866
27.16 0.00817116
27.17 0.0080757
27.18 0.00797232
27.19 0.00786109
27.2 0.0077421
27.21 0.00761542
27.22 0.00748117
27.23 0.00733943
27.24 0.00719035
27.25 0.00703404
27.26 0.00687066
27.27 0.00670036
27.28 0.00652331
27.29 0.00633969
27.3 0.00614967
27.31 0.00595345
27.32 0.00575122
27.33 0.00554317
27.34 0.00532951
27.35 0.00511042
27.36 0.00488613
27.37 0.00465682
27.38 0.0044227
27.39 0.004184
27.4 0.00394091
27.41 0.00369366
27.42 0.00344246
27.43 0.00318756
27.44 0.00292919
27.45 0.00266758
27.46 0.00240298
27.47 0.00213564
27.48 0.00186582
27.49 0.00159378
27.5 0.00131979
27.51 0.00104413
27.52 0.000767069
27.53 0.000488894
27.54 0.000209894
27.55 -6.96436e-05
27.56 -0.000349429
27.57 -0.000629173
27.58 -0.000908586
27.59 -0.00118738
27.6 -0.00146528
27.61 -0.001742
27.62 -0.00201727
27.63 -0.0022908
27.64 -0.00256234
27.65 -0.0028316
27.66 -0.00309833
27.67 -0.00336225
27.68 -0.0036231
27.69 -0.00388061
27.7 -0.00413452
27.71 -0.00438457
27.72 -0.00463051
27.73 -0.00487208
27.74 -0.00510904
27.75 -0.00534114
27.76 -0.00556815
27.77 -0.00578983
27.78 -0.00600596
27.79 -0.00621632
27.8 -0.00642069
27.81 -0.00661887
27.82 -0.00681065
27.83 -0.00699584
27.84 -0.00717425
27.85 -0.00734569
27.86 -0.00750998
27.87 -0.00766696
27.88 -0.00781645
27.89 -0.00795828
27.9 -0.00809231
27.91 -0.00821837
27.92 -0.00833631
27.93 -0.008446
27.94 -0.00854729
27.95 -0.00864006
27.96 -0.00872419
27.97 -0.00879957
27.98 -0.0088661
27.99 -0.00892369
28 -0.00897225
28.01 -0.00901171
28.02 -0.009042
28.03 -0.00906308
28.04 -0.00907488
28.05 -0.0090774
28.06 -0.0090706
28.07 -0.00905449
28.08 -0.00902908
28.09 -0.00899438
28.1 -0.00895044
28.11 -0.00889731
28.12 -0.00883505
28.13 -0.00876372
28.14 -0.00868342
28.15 -0.00859421
28.16 -0.00849621
28.17 -0.00838951
28.18 -0.00827422
28.19 -0.00815047
28.2 -0.00801838
28.21 -0.00787808
28.22 -0.00772972
28.23 -0.00757344
28.24 -0.00740941
28.25 -0.00723779
28.26 -0.00705874
28.27 -0.00687246
28.28 -0.00667913
28.29 -0.00647894
28.3 -0.00627211
28.31 -0.00605884
28.32 -0.00583936
28.33 -0.0056139
28.34 -0.00538269
28.35 -0.00514598
28.36 -0.00490402
28.37 -0.00465706
28.38 -0.00440534
28.39 -0.00414914
28.4 -0.00388871
28.41 -0.00362432
28.42 -0.00335623
28.43 -0.00308473
28.44 -0.0028101
28.45 -0.00253262
28.46 -0.00225258
28.47 -0.0019703
28.48 -0.00168608
28.49 -0.00140023
28.5 -0.00111306
28.51 -0.00082489
28.52 -0.000536042
28.53 -0.000246828
28.54 4.24398e-05
28.55 0.000331452
28.56 0.000619902
28.57 0.000907491
28.58 0.00119393
28.59 0.00147892
28.6 0.00176219
28.61 0.00204347
28.62 0.00232246
28.63 0.00259892
28.64 0.00287258
28.65 0.00314316
28.66 0.00341041
28.67 0.00367406
28.68 0.00393386
28.69 0.00418955
28.7 0.00444087
28.71 0.00468758
28.72 0.00492945
28.73 0.00516623
28.74 0.00539772
28.75 0.00562368
28.76 0.00584392
28.77 0.00605825
28.78 0.00626646
28.79 0.0064684
28.8 0.00666387
28.81 0.0068527
28.82 0.00703474
28.83 0.00720983
28.84 0.0073778
28.85 0.0075385
28.86 0.0076918
28.87 0.00783754
28.88 0.00797559
28.89 0.00810583
28.9 0.00822813
28.91 0.00834238
28.92 0.00844847
28.93 0.00854632
28.94 0.00863583
28.95 0.00871693
28.96 0.00878954
28.97 0.0088536
28.98 0.00890907
28.99 0.0089559
29 0.00899404
29.01 0.00902347
29.02 0.00904417
29.03 0.00905613
29.04 0.00905933
29.05 0.0090538
29.06 0.00903953
29.07 0.00901656
29.08 0.00898491
29.09 0.00894462
29.1 0.00889575
29.11 0.00883833
29.12 0.00877245
29.13 0.00869816
29.14 0.00861555
29.15 0.00852469
29.16 0.00842569
29.17 0.00831864
29.18 0.00820365
29.19 0.00808084
29.2 0.00795033
29.21 0.00781224
29.22 0.00766672
29.23 0.0075139
29.24 0.00735393
29.25 0.00718698
29.26 0.00701319
29.27 0.00683273
29.28 0.00664578
29.29 0.0064525
29.3 0.00625308
29.31 0.00604769
29.32 0.00583653
29.33 0.00561979
29.34 0.00539766
29.35 0.00517035
29.36 0.00493806
29.37 0.00470102
29.38 0.00445944
29.39 0.00421354
29.4 0.00396355
29.41 0.0037097
29.42 0.00345222
29.43 0.00319133
29.44 0.00292727
29.45 0.00266026
29.46 0.00239055
29.47 0.00211836
29.48 0.00184393
29.49 0.00156752
29.5 0.00128936
29.51 0.0010097
29.52 0.000728811
29.53 0.000446946
29.54 0.000164372
29.55 -0.000118644
29.56 -0.000401829
29.57 -0.000684909
29.58 -0.000967607
29.59 -0.00124965
29.6 -0.00153075
29.61 -0.00181065
29.62 -0.00208906
29.63 -0.00236571
29.64 -0.00264032
29.65 -0.00291262
29.66 -0.00318233
29.67 -0.00344918
29.68 -0.00371288
29.69 -0.00397316
29.7 -0.00422973
29.71 -0.00448231
29.72 -0.00473064
29.73 -0.00497444
29.74 -0.00521345
29.75 -0.00544743
29.76 -0.00567613
29.77 -0.00589932
29.78 -0.0061168
29.79 -0.00632833
29.8 -0.00653374
29.81 -0.00673281
29.82 -0.00692536
29.83 -0.00711119
29.84 -0.00729014
29.85 -0.00746201
29.86 -0.00762664
29.87 -0.00778384
29.88 -0.00793347
29.89 -0.00807535
29.9 -0.00820932
29.91 -0.00833526
29.92 -0.008453
29.93 -0.00856243
29.94 -0.0086634
29.95 -0.00875582
29.96 -0.00883957
29.97 -0.00891455
29.98 -0.00898066
29.99 -0.00903784
30 -0.00908599
30.01 -0.00912506
30.02 -0.00915498
30.03 -0.0091757
30.04 -0.00918718
30.05 -0.00918937
30.06 -0.00918226
30.07 -0.00916583
30.08 -0.00914008
30.09 -0.009105
30.1 -0.00906061
30.11 -0.00900695
30.12 -0.00894404
30.13 -0.00887194
30.14 -0.0087907
30.15 -0.00870039
30.16 -0.00860109
30.17 -0.00849289
30.18 -0.00837589
30.19 -0.00825018
30.2 -0.00811591
30.21 -0.00797319
30.22 -0.00782216
30.23 -0.00766297
30.24 -0.00749578
30.25 -0.00732075
30.26 -0.00713807
30.27 -0.0069479
30.28 -0.00675044
30.29 -0.00654589
30.3 -0.00633444
30.31 -0.00611632
30.32 -0.00589174
30.33 -0.00566092
30.34 -0.0054241
30.35 -0.00518151
30.36 -0.00493339
30.37 -0.00468
30.38 -0.00442159
30.39 -0.00415841
30.4 -0.00389074
30.41 -0.00361885
30.42 -0.00334302
30.43 -0.00306352
30.44 -0.00278065
30.45 -0.0024947
30.46 -0.00220596
30.47 -0.00191473
30.48 -0.0016213
30.49 -0.00132597
30.5 -0.00102904
30.51 -0.000730832
30.52 -0.000431645
30.53 -0.000131795
30.54 0.0001684
30.55 0.000468617
30.56 0.000768532
30.57 0.00106782
30.58 0.00136615
30.59 0.00166321
30.6 0.00195866
30.61 0.00225218
30.62 0.00254346
30.63 0.00283218
30.64 0.00311803
30.65 0.00340072
30.66 0.00367993
30.67 0.00395539
30.68 0.00422679
30.69 0.00449387
30.7 0.00475634
30.71 0.00501394
30.72 0.00526639
30.73 0.00551344
30.74 0.00575483
30.75 0.00599032
30.76 0.00621967
30.77 0.00644264
30.78 0.006659
30.79 0.00686854
30.8 0.00707103
30.81 0.00726629
30.82 0.0074541
30.83 0.00763428
30.84 0.00780664
30.85 0.007971
30.86 0.0081272
30.87 0.00827508
30.88 0.00841449
30.89 0.00854527
30.9 0.00866731
30.91 0.00878046
30.92 0.00888463
30.93 0.00897972
30.94 0.00906562
30.95 0.00914227
30.96 0.00920959
30.97 0.00926753
30.98 0.00931605
30.99 0.00935511
31 0.00938468
31.01 0.00940475
31.02 0.00941532
31.03 0.00941638
31.04 0.00940795
31.05 0.00939005
31.06 0.0093627
31.07 0.00932594
31.08 0.00927981
31.09 0.00922436
31.1 0.00915965
31.11 0.00908573
31.12 0.00900269
31.13 0.00891062
31.14 0.0088096
31.15 0.00869975
31.16 0.00858118
31.17 0.00845404
31.18 0.00831845
31.19 0.00817457
31.2 0.00802257
31.21 0.00786261
31.22 0.00769488
31.23 0.00751956
31.24 0.00733685
31.25 0.00714694
31.26 0.00695005
31.27 0.00674637
31.28 0.00653613
31.29 0.00631955
31.3 0.00609683
31.31 0.00586822
31.32 0.00563394
31.33 0.00539423
31.34 0.00514931
31.35 0.00489943
31.36 0.00464485
31.37 0.0043858
31.38 0.00412254
31.39 0.00385533
31.4 0.00358445
31.41 0.00331015
31.42 0.0030327
31.43 0.0027524
31.44 0.0024695
31.45 0.00218431
31.46 0.00189709
31.47 0.00160815
31.48 0.00131776
31.49 0.00102622
31.5 0.000733831
31.51 0.000440872
31.52 0.00014764
31.53 -0.000145572
31.54 -0.000438475
31.55 -0.000730779
31.56 -0.0010222
31.57 -0.00131244
31.58 -0.00160123
31.59 -0.00188828
31.6 -0.00217331
31.61 -0.00245604
31.62 -0.0027362
31.63 -0.00301352
31.64 -0.00328772
31.65 -0.00355853
31.66 -0.00382569
31.67 -0.00408893
31.68 -0.004348
31.69 -0.00460264
31.7 -0.00485259
31.71 -0.0050976
31.72 -0.00533744
31.73 -0.00557187
31.74 -0.00580065
31.75 -0.00602355
31.76 -0.00624037
31.77 -0.00645089
31.78 -0.00665491
31.79 -0.00685224
31.8 -0.00704269
31.81 -0.0072261
31.82 -0.00740228
31.83 -0.0075711
31.84 -0.00773238
31.85 -0.00788601
31.86 -0.00803182
31.87 -0.00816971
31.88 -0.00829955
31.89 -0.00842122
31.9 -0.00853462
31.91 -0.00863964
31.92 -0.0087362
31.93 -0.00882419
31.94 -0.00890354
31.95 -0.00897417
31.96 -0.00903602
31.97 -0.00908902
31.98 -0.00913312
31.99 -0.00916826
32 -0.00919442
32.01 -0.00921155
32.02 -0.00921963
32.03 -0.00921866
32.04 -0.00920863
32.05 -0.00918955
32.06 -0.00916144
32.07 -0.00912433
32.08 -0.00907825
32.09 -0.00902327
32.1 -0.00895944
32.11 -0.00888682
32.12 -0.0088055
32.13 -0.00871555
32.14 -0.00861708
32.15 -0.00851016
32.16 -0.00839492
32.17 -0.00827147
32.18 -0.00813992
32.19 -0.0080004
32.2 -0.00785305
32.21 -0.00769802
32.22 -0.00753546
32.23 -0.00736554
32.24 -0.00718841
32.25 -0.00700427
32.26 -0.00681329
32.27 -0.00661566
32.28 -0.00641158
32.29 -0.00620125
32.3 -0.00598486
32.31 -0.00576264
32.32 -0.0055348
32.33 -0.00530157
32.34 -0.00506317
32.35 -0.00481984
32.36 -0.00457182
32.37 -0.00431935
32.38 -0.0040627
32.39 -0.00380211
32.4 -0.00353784
32.41 -0.00327016
32.42 -0.00299933
32.43 -0.00272561
32.44 -0.00244927
32.45 -0.00217059
32.46 -0.00188982
32.47 -0.00160725
32.48 -0.00132314
32.49 -0.00103778
32.5 -0.000751436
32.51 -0.000464391
32.52 -0.000176927
32.53 0.000110673
32.54 0.000398121
32.55 0.000685129
32.56 0.000971409
32.57 0.00125667
32.58 0.00154062
32.59 0.00182296
32.6 0.00210342
32.61 0.00238169
32.62 0.00265748
32.63 0.00293051
32.64 0.00320049
32.65 0.00346713
32.66 0.00373015
32.67 0.00398927
32.68 0.00424423
32.69 0.00449474
32.7 0.00474054
32.71 0.00498138
32.72 0.00521701
32.73 0.00544718
32.74 0.00567167
32.75 0.00589025
32.76 0.0061027
32.77 0.00630884
32.78 0.00650847
32.79 0.00670141
32.8 0.00688748
32.81 0.00706653
32.82 0.00723838
32.83 0.00740288
32.84 0.00755989
32.85 0.00770926
32.86 0.00785083
32.87 0.00798449
32.88 0.00811009
32.89 0.00822751
32.9 0.00833664
32.91 0.00843737
32.92 0.0085296
32.93 0.00861325
32.94 0.00868823
32.95 0.00875449
32.96 0.00881195
32.97 0.00886057
32.98 0.00890031
32.99 0.00893113
33 0.00895301
33.01 0.00896593
33.02 0.00896987
33.03 0.00896484
33.04 0.00895085
33.05 0.00892792
33.06 0.00889606
33.07 0.00885531
33.08 0.00880572
33.09 0.00874733
33.1 0.00868022
33.11 0.00860444
33.12 0.00852008
33.13 0.00842721
33.14 0.00832595
33.15 0.00821637
33.16 0.0080986
33.17 0.00797275
33.18 0.00783895
33.19 0.00769731
33.2 0.007548
33.21 0.00739115
33.22 0.00722692
33.23 0.00705548
33.24 0.00687701
33.25 0.00669168
33.26 0.0064997
33.27 0.00630126
33.28 0.00609656
33.29 0.00588583
33.3 0.00566929
33.31 0.00544715
33.32 0.00521964
33.33 0.004987
33.34 0.00474946
33.35 0.00450726
33.36 0.00426065
33.37 0.00400986
33.38 0.00375514
33.39 0.00349675
33.4 0.00323494
33.41 0.00296996
33.42 0.00270208
33.43 0.00243155
33.44 0.00215865
33.45 0.00188364
33.46 0.00160679
33.47 0.00132837
33.48 0.00104867
33.49 0.000767947
33.5 0.000486489
33.51 0.000204571
33.52 -7.75301e-05
33.53 -0.000359535
33.54 -0.000641165
33.55 -0.000922143
33.56 -0.00120219
33.57 -0.00148103
33.58 -0.00175838
33.59 -0.00203396
33.6 -0.00230751
33.61 -0.00257873
33.62 -0.00284737
33.63 -0.00311314
33.64 -0.00337578
33.65 -0.00363503
33.66 -0.00389062
33.67 -0.00414229
33.68 -0.0043898
33.69 -0.0046329
33.7 -0.00487134
33.71 -0.00510488
33.72 -0.0053333
33.73 -0.00555636
33.74 -0.00577384
33.75 -0.00598552
33.76 -0.0061912
33.77 -0.00639068
33.78 -0.00658377
33.79 -0.00677027
33.8 -0.00695
33.81 -0.0071228
33.82 -0.00728851
33.83 -0.00744695
33.84 -0.00759799
33.85 -0.00774149
33.86 -0.0078773
33.87 -0.0080053
33.88 -0.00812537
33.89 -0.0082374
33.9 -0.00834129
33.91 -0.00843693
33.92 -0.00852424
33.93 -0.00860313
33.94 -0.00867354
33.95 -0.0087354
33.96 -0.00878864
33.97 -0.00883322
33.98 -0.00886909
33.99 -0.00889622
34 -0.00891459
34.01 -0.00892417
34.02 -0.00892495
34.03 -0.00891693
34.04 -0.00890011
34.05 -0.00887451
34.06 -0.00884014
34.07 -0.00879704
34.08 -0.00874524
34.09 -0.00868479
34.1 -0.00861574
34.11 -0.00853817
34.12 -0.00845213
34.13 -0.00835774
34.14 -0.00825506
34.15 -0.00814423
34.16 -0.00802534
34.17 -0.00789854
34.18 -0.00776395
34.19 -0.00762172
34.2 -0.00747201
34.21 -0.00731497
34.22 -0.00715077
34.23 -0.00697958
34.24 -0.00680159
34.25 -0.00661697
34.26 -0.00642591
34.27 -0.0062286
34.28 -0.00602525
34.29 -0.00581604
34.3 -0.00560119
34.31 -0.0053809
34.32 -0.00515537
34.33 -0.00492483
34.34 -0.0046895
34.35 -0.0044496
34.36 -0.00420536
34.37 -0.00395701
34.38 -0.0037048
34.39 -0.00344897
34.4 -0.00318976
34.41 -0.00292743
34.42 -0.00266223
34.43 -0.00239443
34.44 -0.00212429
34.45 -0.00185208
34.46 -0.00157805
34.47 -0.0013025
34.48 -0.00102569
34.49 -0.000747904
34.5 -0.000469419
34.51 -0.000190515
34.52 8.85259e-05
34.53 0.000367424
34.54 0.000645899
34.55 0.000923676
34.56 0.00120048
34.57 0.00147603
34.58 0.00175006
34.59 0.0020223
34.6 0.00229248
34.61 0.00256034
34.62 0.00282561
34.63 0.00308804
34.64 0.00334735
34.65 0.00360331
34.66 0.00385565
34.67 0.00410413
34.68 0.00434851
34.69 0.00458855
34.7 0.00482402
34.71 0.00505468
34.72 0.00528032
34.73 0.00550072
34.74 0.00571566
34.75 0.00592495
34.76 0.00612838
34.77 0.00632575
34.78 0.00651689
34.79 0.0067016
34.8 0.00687972
34.81 0.00705106
34.82 0.00721546
34.83 0.00737277
34.84 0.00752283
34.85 0.0076655
34.86 0.00780064
34.87 0.00792812
34.88 0.00804781
34.89 0.00815962
34.9 0.00826342
34.91 0.00835913
34.92 0.00844665
34.93 0.0085259
34.94 0.00859681
34.95 0.00865931
34.96 0.00871336
34.97 0.00875889
34.98 0.00879587
34.99 0.00882427
35 0.00884406
35.01 0.00885523
35.02 0.00885776
35.03 0.00885167
35.04 0.00883695
35.05 0.00881362
35.06 0.00878171
35.07 0.00874126
35.08 0.00869229
35.09 0.00863486
35.1 0.00856903
35.11 0.00849486
35.12 0.00841241
35.13 0.00832177
35.14 0.00822302
35.15 0.00811627
35.16 0.0080016
35.17 0.00787912
35.18 0.00774897
35.19 0.00761126
35.2 0.00746612
35.21 0.00731369
35.22 0.00715413
35.23 0.00698758
35.24 0.00681421
35.25 0.00663418
35.26 0.00644767
35.27 0.00625485
35.28 0.00605592
35.29 0.00585106
35.3 0.00564046
35.31 0.00542434
35.32 0.0052029
35.33 0.00497635
35.34 0.00474492
35.35 0.00450882
35.36 0.00426829
35.37 0.00402357
35.38 0.00377488
35.39 0.00352247
35.4 0.00326658
35.41 0.00300746
35.42 0.00274536
35.43 0.00248053
35.44 0.00221322
35.45 0.00194369
35.46 0.00167219
35.47 0.00139898
35.48 0.00112432
35.49 0.000848471
35.5 0.000571705
35.51 0.000294285
35.52 1.648e-05
35.53 -0.00026144
35.54 -0.000539202
35.55 -0.000816535
35.56 -0.00109317
35.57 -0.00136882
35.58 -0.00164322
35.59 -0.00191611
35.6 -0.00218719
35.61 -0.00245621
35.62 -0.0027229
35.63 -0.00298698
35.64 -0.00324819
35.65 -0.00350627
35.66 -0.00376096
35.67 -0.00401199
35.68 -0.00425913
35.69 -0.00450211
35.7 -0.0047407
35.71 -0.00497464
35.72 -0.00520371
35.73 -0.00542768
35.74 -0.00564632
35.75 -0.00585942
35.76 -0.00606677
35.77 -0.00626817
35.78 -0.00646341
35.79 -0.00665231
35.8 -0.00683468
35.81 -0.00701034
35.82 -0.00717913
35.83 -0.00734087
35.84 -0.00749541
35.85 -0.00764258
35.86 -0.00778224
35.87 -0.00791425
35.88 -0.00803848
35.89 -0.00815478
35.9 -0.00826304
35.91 -0.00836316
35.92 -0.00845501
35.93 -0.00853851
35.94 -0.00861356
35.95 -0.00868008
35.96 -0.008738
35.97 -0.00878725
35.98 -0.00882778
35.99 -0.00885953
36 -0.00888248
36.01 -0.00889658
36.02 -0.00890183
36.03 -0.0088982
36.04 -0.0088857
36.05 -0.00886433
36.06 -0.00883411
36.07 -0.00879506
36.08 -0.00874722
36.09 -0.00869064
36.1 -0.00862535
36.11 -0.00855143
36.12 -0.00846893
36.13 -0.00837794
36.14 -0.00827854
36.15 -0.00817083
36.16 -0.0080549
36.17 -0.00793087
36.18 -0.00779885
36.19 -0.00765898
36.2 -0.00751139
36.21 -0.00735622
36.22 -0.00719363
36.23 -0.00702378
36.24 -0.00684684
36.25 -0.00666297
36.26 -0.00647238
36.27 -0.00627523
36.28 -0.00607174
36.29 -0.00586209
36.3 -0.00564651
36.31 -0.00542519
36.32 -0.00519837
36.33 -0.00496627
36.34 -0.00472912
36.35 -0.00448716
36.36 -0.00424062
36.37 -0.00398977
36.38 -0.00373483
36.39 -0.00347609
36.4 -0.00321378
36.41 -0.00294818
36.42 -0.00267956
36.43 -0.00240818
36.44 -0.00213431
36.45 -0.00185824
36.46 -0.00158025
36.47 -0.0013006
36.48 -0.00101959
36.49 -0.000737492
36.5 -0.000454604
36.51 -0.00017121
36.52 0.000112398
36.53 0.000395927
36.54 0.000679084
36.55 0.000961576
36.56 0.00124311
36.57 0.0015234
36.58 0.00180214
36.59 0.00207906
36.6 0.00235387
36.61 0.0026263
36.62 0.00289605
36.63 0.00316287
36.64 0.00342648
36.65 0.00368662
36.66 0.00394303
36.67 0.00419544
36.68 0.00444361
36.69 0.00468728
36.7 0.0049262
36.71 0.00516013
36.72 0.00538883
36.73 0.00561207
36.74 0.00582962
36.75 0.00604126
36.76 0.00624677
36.77 0.00644594
36.78 0.00663858
36.79 0.0068245
36.8 0.00700351
36.81 0.00717544
36.82 0.00734011
36.83 0.00749736
36.84 0.00764705
36.85 0.00778903
36.86 0.00792315
36.87 0.00804928
36.88 0.0081673
36.89 0.00827709
36.9 0.00837855
36.91 0.00847157
36.92 0.00855607
36.93 0.00863196
36.94 0.00869916
36.95 0.00875762
36.96 0.00880728
36.97 0.0088481
36.98 0.00888003
36.99 0.00890305
37 0.00891715
37.01 0.0089223
37.02 0.00891852
37.03 0.0089058
37.04 0.00888417
37.05 0.00885364
37.06 0.00881425
37.07 0.00876603
37.08 0.00870904
37.09 0.00864333
37.1 0.00856898
37.11 0.00848605
37.12 0.00839464
37.13 0.00829484
37.14 0.00818676
37.15 0.0080705
37.16 0.0079462
37.17 0.00781398
37.18 0.00767398
37.19 0.00752635
37.2 0.00737123
37.21 0.0072088
37.22 0.00703922
37.23 0.00686265
37.24 0.00667929
37.25 0.00648931
37.26 0.00629291
37.27 0.00609028
37.28 0.00588163
37.29 0.00566717
37.3 0.0054471
37.31 0.00522167
37.32 0.00499107
37.33 0.00475556
37.34 0.00451536
37.35 0.0042707
37.36 0.00402184
37.37 0.00376902
37.38 0.00351249
37.39 0.00325249
37.4 0.0029893
37.41 0.00272317
37.42 0.00245435
37.43 0.00218312
37.44 0.00190974
37.45 0.00163448
37.46 0.00135762
37.47 0.00107941
37.48 0.00080015
37.49 0.000520106
37.5 0.000239559
37.51 -4.12099e-05
37.52 -0.000321919
37.53 -0.000602288
37.54 -0.000882032
37.55 -0.00116087
37.56 -0.00143852
37.57 -0.00171471
37.58 -0.00198915
37.59 -0.00226157
37.6 -0.0025317
37.61 -0.00279927
37.62 -0.003064
37.63 -0.00332565
37.64 -0.00358394
37.65 -0.00383862
37.66 -0.00408943
37.67 -0.00433614
37.68 -0.00457848
37.69 -0.00481623
37.7 -0.00504915
37.71 -0.00527701
37.72 -0.00549957
37.73 -0.00571663
37.74 -0.00592797
37.75 -0.00613338
37.76 -0.00633267
37.77 -0.00652563
37.78 -0.00671207
37.79 -0.00689182
37.8 -0.0070647
37.81 -0.00723055
37.82 -0.00738919
37.83 -0.00754049
37.84 -0.00768428
37.85 -0.00782044
37.86 -0.00794883
37.87 -0.00806933
37.88 -0.00818181
37.89 -0.00828616
37.9 -0.00838229
37.91 -0.0084701
37.92 -0.0085495
37.93 -0.0086204
37.94 -0.00868274
37.95 -0.00873646
37.96 -0.00878149
37.97 -0.0088178
37.98 -0.00884534
37.99 -0.00886409
38 -0.00887403
38.01 -0.00887514
38.02 -0.00886742
38.03 -0.00885088
38.04 -0.00882553
38.05 -0.00879141
38.06 -0.00874853
38.07 -0.00869695
38.08 -0.00863671
38.09 -0.00856788
38.1 -0.00849052
38.11 -0.0084047
38.12 -0.00831053
38.13 -0.00820808
38.14 -0.00809746
38.15 -0.00797879
38.16 -0.00785218
38.17 -0.00771775
38.18 -0.00757564
38.19 -0.00742599
38.2 -0.00726895
38.21 -0.00710467
38.22 -0.00693332
38.23 -0.00675506
38.24 -0.00657007
38.25 -0.00637853
38.26 -0.00618062
38.27 -0.00597654
38.28 -0.0057665
38.29 -0.00555069
38.3 -0.00532932
38.31 -0.00510262
38.32 -0.00487081
38.33 -0.00463412
38.34 -0.00439277
38.35 -0.00414701
38.36 -0.00389709
38.37 -0.00364324
38.38 -0.00338572
38.39 -0.00312478
38.4 -0.00286069
38.41 -0.0025937
38.42 -0.00232408
38.43 -0.00205209
38.44 -0.00177801
38.45 -0.0015021
38.46 -0.00122464
38.47 -0.000945904
38.48 -0.000666169
38.49 -0.000385715
38.5 -0.00010482
38.51 0.000176233
38.52 0.000457164
38.53 0.000737689
38.54 0.00101753
38.55 0.00129639
38.56 0.00157401
38.57 0.00185009
38.58 0.00212436
38.59 0.00239654
38.6 0.00266636
38.61 0.00293355
38.62 0.00319782
38.63 0.00345892
38.64 0.00371658
38.65 0.00397055
38.66 0.00422056
38.67 0.00446636
38.68 0.00470772
38.69 0.00494438
38.7 0.00517611
38.71 0.00540267
38.72 0.00562385
38.73 0.00583942
38.74 0.00604916
38.75 0.00625286
38.76 0.00645033
38.77 0.00664135
38.78 0.00682575
38.79 0.00700334
38.8 0.00717394
38.81 0.00733738
38.82 0.00749349
38.83 0.00764212
38.84 0.00778312
38.85 0.00791634
38.86 0.00804166
38.87 0.00815894
38.88 0.00826807
38.89 0.00836894
38.9 0.00846144
38.91 0.00854548
38.92 0.00862098
38.93 0.00868785
38.94 0.00874604
38.95 0.00879549
38.96 0.00883614
38.97 0.00886795
38.98 0.00889089
38.99 0.00890495
39 0.0089101
39.01 0.00890633
39.02 0.00889367
39.03 0.0088721
39.04 0.00884167
39.05 0.00880239
39.06 0.0087543
39.07 0.00869746
39.08 0.00863192
39.09 0.00855775
39.1 0.00847501
39.11 0.0083838
39.12 0.00828421
39.13 0.00817634
39.14 0.0080603
39.15 0.0079362
39.16 0.00780418
39.17 0.00766437
39.18 0.00751691
39.19 0.00736195
39.2 0.00719965
39.21 0.00703018
39.22 0.0068537
39.23 0.00667039
39.24 0.00648044
39.25 0.00628404
39.26 0.00608139
39.27 0.00587269
39.28 0.00565815
39.29 0.00543798
39.3 0.00521241
39.31 0.00498166
39.32 0.00474597
39.33 0.00450556
39.34 0.00426069
39.35 0.00401159
39.36 0.00375852
39.37 0.00350172
39.38 0.00324146
39.39 0.00297799
39.4 0.00271157
39.41 0.00244248
39.42 0.00217098
39.43 0.00189734
39.44 0.00162183
39.45 0.00134472
39.46 0.0010663
39.47 0.000786836
39.48 0.000506608
39.49 0.000225896
39.5 -5.50229e-05
39.51 -0.000335867
39.52 -0.000616358
39.53 -0.000896216
39.54 -0.00117516
39.55 -0.00145292
39.56 -0.0017292
39.57 -0.00200375
39.58 -0.00227628
39.59 -0.00254652
39.6 -0.0028142
39.61 -0.00307906
39.62 -0.00334084
39.63 -0.00359926
39.64 -0.00385409
39.65 -0.00410506
39.66 -0.00435192
39.67 -0.00459444
39.68 -0.00483236
39.69 -0.00506546
39.7 -0.0052935
39.71 -0.00551626
39.72 -0.00573352
39.73 -0.00594506
39.74 -0.00615067
39.75 -0.00635015
39.76 -0.00654331
39.77 -0.00672994
39.78 -0.00690987
39.79 -0.00708292
39.8 -0.00724891
39.81 -0.00740769
39.82 -0.00755909
39.83 -0.00770297
39.84 -0.00783918
39.85 -0.0079676
39.86 -0.00808809
39.87 -0.00820053
39.88 -0.00830481
39.89 -0.00840084
39.9 -0.0084885
39.91 -0.00856773
39.92 -0.00863843
39.93 -0.00870054
39.94 -0.008754
39.95 -0.00879875
39.96 -0.00883475
39.97 -0.00886197
39.98 -0.00888037
39.99 -0.00888994
40 -0.00889066
