0.01 0
0.02 6.58e-09
0.03 2.00015e-08
0.04 4.5994e-08
0.05 8.76938e-08
0.06 1.4132e-07
0.07 1.98704e-07
0.08 2.52552e-07
0.09 2.98813e-07
0.1 3.35189e-07
0.11 3.59277e-07
0.12 3.69158e-07
0.13 3.65302e-07
0.14 3.50875e-07
0.15 3.29785e-07
0.16 3.04681e-07
0.17 2.76879e-07
0.18 2.47574e-07
0.19 2.18258e-07
0.2 1.8976e-07
0.21 1.61314e-07
0.22 1.30994e-07
0.23 9.69058e-08
0.24 5.75791e-08
0.25 1.1156e-08
0.26 -4.54091e-08
0.27 -1.16064e-07
0.28 -2.04763e-07
0.29 -3.15194e-07
0.3 -4.51385e-07
0.31 -6.18155e-07
0.32 -8.20607e-07
0.33 -1.06317e-06
0.34 -1.34929e-06
0.35 -1.68188e-06
0.36 -2.06364e-06
0.37 -2.4966e-06
0.38 -2.98134e-06
0.39 -3.51696e-06
0.4 -4.10174e-06
0.41 -4.7336e-06
0.42 -5.40989e-06
0.43 -6.12701e-06
0.44 -6.88066e-06
0.45 -7.66668e-06
0.46 -8.4816e-06
0.47 -9.32228e-06
0.48 -1.01854e-05
0.49 -1.10678e-05
0.5 -1.19666e-05
0.51 -1.28798e-05
0.52 -1.38056e-05
0.53 -1.4742e-05
0.54 -1.56866e-05
0.55 -1.66376e-05
0.56 -1.7594e-05
0.57 -1.8555e-05
0.58 -1.95194e-05
0.59 -2.0486e-05
0.6 -2.14536e-05
0.61 -2.24214e-05
0.62 -2.3388e-05
0.63 -2.435e-05
0.64 -2.53027e-05
0.65 -2.62405e-05
0.66 -2.71567e-05
0.67 -2.80435e-05
0.68 -2.88916e-05
0.69 -2.96906e-05
0.7 -3.04316e-05
0.71 -3.11071e-05
0.72 -3.17116e-05
0.73 -3.22407e-05
0.74 -3.26928e-05
0.75 -3.30693e-05
0.76 -3.3375e-05
0.77 -3.36162e-05
0.78 -3.3799e-05
0.79 -3.39287e-05
0.8 -3.40102e-05
0.81 -3.40467e-05
0.82 -3.40381e-05
0.83 -3.39785e-05
0.84 -3.38574e-05
0.85 -3.36613e-05
0.86 -3.3374e-05
0.87 -3.29756e-05
0.88 -3.24423e-05
0.89 -3.17483e-05
0.9 -3.08694e-05
0.91 -2.97854e-05
0.92 -2.84782e-05
0.93 -2.69312e-05
0.94 -2.51326e-05
0.95 -2.30803e-05
0.96 -2.07843e-05
0.97 -1.8257e-05
0.98 -1.55121e-05
0.99 -1.25726e-05
1 -9.4691e-06
1.01 -6.23215e-06
1.02 -2.88496e-06
1.03 5.55706e-07
1.04 4.07405e-06
1.05 7.65619e-06
1.06 1.12981e-05
1.07 1.50055e-05
1.08 1.87843e-05
1.09 2.26341e-05
1.1 2.65532e-05
1.11 3.05405e-05
1.12 3.459e-05
1.13 3.8688e-05
1.14 4.28159e-05
1.15 4.69521e-05
1.16 5.1072e-05
1.17 5.51501e-05
1.18 5.91618e-05
1.19 6.30827e-05
1.2 6.68893e-05
1.21 7.05629e-05
1.22 7.40929e-05
1.23 7.74774e-05
1.24 8.07199e-05
1.25 8.38264e-05
1.26 8.68112e-05
1.27 8.96986e-05
1.28 9.25147e-05
1.29 9.52791e-05
1.3 9.80073e-05
1.31 0.000100719
1.32 0.000103433
1.33 0.000106158
1.34 0.000108893
1.35 0.000111641
1.36 0.000114403
1.37 0.000117174
1.38 0.00011994
1.39 0.000122682
1.4 0.00012538
1.41 0.000128009
1.42 0.000130538
1.43 0.000132935
1.44 0.000135171
1.45 0.000137219
1.46 0.000139058
1.47 0.000140668
1.48 0.000142034
1.49 0.000143147
1.5 0.000143997
1.51 0.000144569
1.52 0.000144845
1.53 0.000144809
1.54 0.000144444
1.55 0.000143723
1.56 0.000142618
1.57 0.000141118
1.58 0.000139218
1.59 0.000136914
1.6 0.000134206
1.61 0.000131112
1.62 0.000127664
1.63 0.00012389
1.64 0.000119817
1.65 0.000115471
1.66 0.000110887
1.67 0.000106095
1.68 0.000101116
1.69 9.59658e-05
1.7 9.06627e-05
1.71 8.52252e-05
1.72 7.96655e-05
1.73 7.39911e-05
1.74 6.82066e-05
1.75 6.23129e-05
1.76 5.63092e-05
1.77 5.01938e-05
1.78 4.39618e-05
1.79 3.76056e-05
1.8 3.11213e-05
1.81 2.45133e-05
1.82 1.77902e-05
1.83 1.09586e-05
1.84 4.02753e-06
1.85 -2.98563e-06
1.86 -1.00586e-05
1.87 -1.71722e-05
1.88 -2.43095e-05
1.89 -3.14487e-05
1.9 -3.85591e-05
1.91 -4.56059e-05
1.92 -5.25546e-05
1.93 -5.93664e-05
1.94 -6.59929e-05
1.95 -7.23853e-05
1.96 -7.8505e-05
1.97 -8.43222e-05
1.98 -8.98134e-05
1.99 -9.49672e-05
2 -9.97883e-05
2.01 -0.000104291
2.02 -0.000108495
2.03 -0.000112427
2.04 -0.000116113
2.05 -0.000119584
2.06 -0.000122874
2.07 -0.000126021
2.08 -0.000129066
2.09 -0.000132051
2.1 -0.000135022
2.11 -0.000138022
2.12 -0.00014108
2.13 -0.00014421
2.14 -0.000147402
2.15 -0.000150628
2.16 -0.000153836
2.17 -0.000156952
2.18 -0.000159888
2.19 -0.000162557
2.2 -0.000164875
2.21 -0.000166772
2.22 -0.00016819
2.23 -0.000169089
2.24 -0.000169447
2.25 -0.000169262
2.26 -0.000168549
2.27 -0.000167329
2.28 -0.000165631
2.29 -0.000163499
2.3 -0.000160988
2.31 -0.000158152
2.32 -0.000155044
2.33 -0.000151712
2.34 -0.000148211
2.35 -0.000144589
2.36 -0.000140886
2.37 -0.00013713
2.38 -0.000133353
2.39 -0.000129589
2.4 -0.00012587
2.41 -0.000122224
2.42 -0.00011868
2.43 -0.000115268
2.44 -0.000112022
2.45 -0.000108973
2.46 -0.000106148
2.47 -0.000103568
2.48 -0.000101257
2.49 -9.92399e-05
2.5 -9.75378e-05
2.51 -9.61633e-05
2.52 -9.512e-05
2.53 -9.44043e-05
2.54 -9.40023e-05
2.55 -9.3882e-05
2.56 -9.39884e-05
2.57 -9.42481e-05
2.58 -9.45774e-05
2.59 -9.48902e-05
2.6 -9.50982e-05
2.61 -9.51141e-05
2.62 -9.48675e-05
2.63 -9.43188e-05
2.64 -9.34543e-05
2.65 -9.22801e-05
2.66 -9.08218e-05
2.67 -8.91267e-05
2.68 -8.72584e-05
2.69 -8.52844e-05
2.7 -8.32661e-05
2.71 -8.12572e-05
2.72 -7.93055e-05
2.73 -7.74501e-05
2.74 -7.57164e-05
2.75 -7.41158e-05
2.76 -7.26514e-05
2.77 -7.1323e-05
2.78 -7.01279e-05
2.79 -6.90611e-05
2.8 -6.81155e-05
2.81 -6.72841e-05
2.82 -6.65622e-05
2.83 -6.59466e-05
2.84 -6.54303e-05
2.85 -6.50011e-05
2.86 -6.46429e-05
2.87 -6.43374e-05
2.88 -6.40629e-05
2.89 -6.37918e-05
2.9 -6.34906e-05
2.91 -6.31247e-05
2.92 -6.26609e-05
2.93 -6.20645e-05
2.94 -6.12978e-05
2.95 -6.03268e-05
2.96 -5.91233e-05
2.97 -5.76623e-05
2.98 -5.59227e-05
2.99 -5.3891e-05
3 -5.15595e-05
3.01 -4.89225e-05
3.02 -4.59771e-05
3.03 -4.27218e-05
3.04 -3.9152e-05
3.05 -3.52586e-05
3.06 -3.10297e-05
3.07 -2.64521e-05
3.08 -2.151e-05
3.09 -1.61911e-05
3.1 -1.04928e-05
3.11 -4.42496e-06
3.12 1.98977e-06
3.13 8.71079e-06
3.14 1.56794e-05
3.15 2.28267e-05
3.16 3.00798e-05
3.17 3.73639e-05
3.18 4.46097e-05
3.19 5.17626e-05
3.2 5.87882e-05
3.21 6.56673e-05
3.22 7.2394e-05
3.23 7.89782e-05
3.24 8.54441e-05
3.25 9.18172e-05
3.26 9.81147e-05
3.27 0.000104351
3.28 0.000110539
3.29 0.000116684
3.3 0.000122772
3.31 0.000128788
3.32 0.000134721
3.33 0.000140558
3.34 0.000146285
3.35 0.000151889
3.36 0.000157363
3.37 0.000162706
3.38 0.000167913
3.39 0.000172978
3.4 0.000177898
3.41 0.000182671
3.42 0.000187295
3.43 0.000191768
3.44 0.000196086
3.45 0.000200245
3.46 0.00020423
3.47 0.00020802
3.48 0.000211583
3.49 0.000214875
3.5 0.000217839
3.51 0.000220417
3.52 0.00022255
3.53 0.000224189
3.54 0.000225298
3.55 0.000225862
3.56 0.000225889
3.57 0.00022541
3.58 0.000224477
3.59 0.000223154
3.6 0.000221506
3.61 0.000219593
3.62 0.000217462
3.63 0.00021514
3.64 0.000212635
3.65 0.000209928
3.66 0.000206981
3.67 0.00020375
3.68 0.000200194
3.69 0.00019627
3.7 0.000191939
3.71 0.000187178
3.72 0.000181984
3.73 0.000176366
3.74 0.000170332
3.75 0.000163897
3.76 0.000157082
3.77 0.000149905
3.78 0.000142382
3.79 0.000134522
3.8 0.000126334
3.81 0.000117826
3.82 0.000109014
3.83 9.9919e-05
3.84 9.05666e-05
3.85 8.09805e-05
3.86 7.11922e-05
3.87 6.12395e-05
3.88 5.11548e-05
3.89 4.09578e-05
3.9 3.066e-05
3.91 2.02706e-05
3.92 9.79557e-06
3.93 -7.64642e-07
3.94 -1.14137e-05
3.95 -2.21502e-05
3.96 -3.29573e-05
3.97 -4.38021e-05
3.98 -5.46413e-05
3.99 -6.54226e-05
4 -7.60816e-05
4.01 -8.65423e-05
4.02 -9.67262e-05
4.03 -0.000106564
4.04 -0.000115996
4.05 -0.000124974
4.06 -0.000133454
4.07 -0.000141405
4.08 -0.000148804
4.09 -0.000155637
4.1 -0.00016189
4.11 -0.000167546
4.12 -0.000172587
4.13 -0.000176998
4.14 -0.000180761
4.15 -0.000183859
4.16 -0.000186276
4.17 -0.000187995
4.18 -0.000189004
4.19 -0.000189302
4.2 -0.000188898
4.21 -0.00018781
4.22 -0.000186068
4.23 -0.000183725
4.24 -0.000180856
4.25 -0.000177549
4.26 -0.000173901
4.27 -0.000170015
4.28 -0.000165997
4.29 -0.000161943
4.3 -0.000157935
4.31 -0.000154034
4.32 -0.000150284
4.33 -0.000146712
4.34 -0.000143335
4.35 -0.000140161
4.36 -0.000137198
4.37 -0.000134457
4.38 -0.000131954
4.39 -0.000129712
4.4 -0.00012776
4.41 -0.000126125
4.42 -0.000124827
4.43 -0.000123874
4.44 -0.000123257
4.45 -0.000122952
4.46 -0.000122915
4.47 -0.000123078
4.48 -0.000123359
4.49 -0.000123677
4.5 -0.000123957
4.51 -0.000124124
4.52 -0.000124113
4.53 -0.000123874
4.54 -0.00012338
4.55 -0.000122609
4.56 -0.000121537
4.57 -0.000120138
4.58 -0.000118387
4.59 -0.000116259
4.6 -0.00011372
4.61 -0.000110737
4.62 -0.000107287
4.63 -0.00010336
4.64 -9.89649e-05
4.65 -9.41219e-05
4.66 -8.88662e-05
4.67 -8.32391e-05
4.68 -7.72827e-05
4.69 -7.10346e-05
4.7 -6.45246e-05
4.71 -5.77701e-05
4.72 -5.07753e-05
4.73 -4.35378e-05
4.74 -3.6056e-05
4.75 -2.83333e-05
4.76 -2.03778e-05
4.77 -1.22021e-05
4.78 -3.82562e-06
4.79 4.7221e-06
4.8 1.34045e-05
4.81 2.21861e-05
4.82 3.10363e-05
4.83 3.99248e-05
4.84 4.88155e-05
4.85 5.76675e-05
4.86 6.64422e-05
4.87 7.51068e-05
4.88 8.36301e-05
4.89 9.19767e-05
4.9 0.000100112
4.91 0.000108014
4.92 0.000115686
4.93 0.00012314
4.94 0.000130374
4.95 0.000137381
4.96 0.000144177
4.97 0.000150775
4.98 0.000157147
4.99 0.000163242
5 0.000169015
5.01 0.000174423
5.02 0.000179406
5.03 0.000183902
5.04 0.000187859
5.05 0.000191249
5.06 0.000194059
5.07 0.000196286
5.08 0.000197932
5.09 0.000199004
5.1 0.000199514
5.11 0.000199475
5.12 0.000198893
5.13 0.000197759
5.14 0.000196065
5.15 0.000193805
5.16 0.000190982
5.17 0.000187602
5.18 0.000183685
5.19 0.00017926
5.2 0.000174376
5.21 0.000169095
5.22 0.000163481
5.23 0.000157597
5.24 0.000151499
5.25 0.000145235
5.26 0.000138842
5.27 0.000132341
5.28 0.000125737
5.29 0.000119024
5.3 0.000112189
5.31 0.000105216
5.32 9.80889e-05
5.33 9.07899e-05
5.34 8.3305e-05
5.35 7.56247e-05
5.36 6.77484e-05
5.37 5.96842e-05
5.38 5.1447e-05
5.39 4.30571e-05
5.4 3.45435e-05
5.41 2.59474e-05
5.42 1.73217e-05
5.43 8.72436e-06
5.44 2.13716e-07
5.45 -8.15023e-06
5.46 -1.6302e-05
5.47 -2.41723e-05
5.48 -3.16973e-05
5.49 -3.8825e-05
5.5 -4.55101e-05
5.51 -5.17036e-05
5.52 -5.735e-05
5.53 -6.23996e-05
5.54 -6.68282e-05
5.55 -7.06436e-05
5.56 -7.37759e-05
5.57 -7.62402e-05
5.58 -7.80301e-05
5.59 -7.92232e-05
5.6 -7.98204e-05
5.61 -7.98555e-05
5.62 -7.9387e-05
5.63 -7.84737e-05
5.64 -7.71542e-05
5.65 -7.54461e-05
5.66 -7.3358e-05
5.67 -7.08965e-05
5.68 -6.80579e-05
5.69 -6.48219e-05
5.7 -6.11589e-05
5.71 -5.70432e-05
5.72 -5.24594e-05
5.73 -4.74003e-05
5.74 -4.1862e-05
5.75 -3.58442e-05
5.76 -2.93564e-05
5.77 -2.24206e-05
5.78 -1.50641e-05
5.79 -7.3112e-06
5.8 8.17034e-07
5.81 9.29773e-06
5.82 1.81065e-05
5.83 2.72232e-05
5.84 3.6634e-05
5.85 4.63285e-05
5.86 5.62956e-05
5.87 6.65201e-05
5.88 7.69837e-05
5.89 8.76661e-05
5.9 9.85456e-05
5.91 0.000109596
5.92 0.000120791
5.93 0.000132101
5.94 0.000143505
5.95 0.000154988
5.96 0.000166538
5.97 0.000178149
5.98 0.000189813
5.99 0.000201522
6 0.000213273
6.01 0.000225054
6.02 0.000236842
6.03 0.000248604
6.04 0.000260301
6.05 0.000271885
6.06 0.000283297
6.07 0.000294466
6.08 0.000305318
6.09 0.000315777
6.1 0.000325769
6.11 0.000335219
6.12 0.00034406
6.13 0.000352238
6.14 0.000359708
6.15 0.00036644
6.16 0.000372417
6.17 0.00037763
6.18 0.000382085
6.19 0.000385788
6.2 0.000388753
6.21 0.000390988
6.22 0.000392502
6.23 0.000393297
6.24 0.000393368
6.25 0.000392706
6.26 0.000391301
6.27 0.000389141
6.28 0.000386214
6.29 0.00038251
6.3 0.000378023
6.31 0.000372751
6.32 0.000366695
6.33 0.000359854
6.34 0.000352228
6.35 0.000343817
6.36 0.000334622
6.37 0.000324643
6.38 0.000313884
6.39 0.000302351
6.4 0.000290062
6.41 0.00027704
6.42 0.000263323
6.43 0.000248951
6.44 0.000233975
6.45 0.000218454
6.46 0.00020245
6.47 0.000186024
6.48 0.000169237
6.49 0.000152144
6.5 0.000134797
6.51 0.000117238
6.52 9.95054e-05
6.53 8.16241e-05
6.54 6.36135e-05
6.55 4.54866e-05
6.56 2.72519e-05
6.57 8.9163e-06
6.58 -9.51303e-06
6.59 -2.80269e-05
6.6 -4.66124e-05
6.61 -6.52504e-05
6.62 -8.39162e-05
6.63 -0.000102584
6.64 -0.00012123
6.65 -0.00013983
6.66 -0.00015836
6.67 -0.000176804
6.68 -0.000195148
6.69 -0.000213384
6.7 -0.000231499
6.71 -0.000249475
6.72 -0.000267291
6.73 -0.000284916
6.74 -0.000302306
6.75 -0.000319411
6.76 -0.00033617
6.77 -0.00035252
6.78 -0.0003684
6.79 -0.000383758
6.8 -0.000398546
6.81 -0.000412731
6.82 -0.000426292
6.83 -0.00043922
6.84 -0.000451514
6.85 -0.000463175
6.86 -0.000474206
6.87 -0.000484611
6.88 -0.000494388
6.89 -0.000503531
6.9 -0.000512031
6.91 -0.000519874
6.92 -0.000527046
6.93 -0.000533528
6.94 -0.000539298
6.95 -0.000544336
6.96 -0.000548623
6.97 -0.000552139
6.98 -0.000554869
6.99 -0.000556808
7 -0.000557965
7.01 -0.000558358
7.02 -0.000558017
7.03 -0.000556984
7.04 -0.000555309
7.05 -0.000553049
7.06 -0.000550254
7.07 -0.000546968
7.08 -0.000543229
7.09 -0.000539069
7.1 -0.000534514
7.11 -0.000529586
7.12 -0.000524305
7.13 -0.000518695
7.14 -0.000512787
7.15 -0.00050662
7.16 -0.000500232
7.17 -0.000493663
7.18 -0.000486948
7.19 -0.000480122
7.2 -0.00047321
7.21 -0.00046622
7.22 -0.000459145
7.23 -0.000451969
7.24 -0.000444666
7.25 -0.000437201
7.26 -0.000429528
7.27 -0.000421598
7.28 -0.000413366
7.29 -0.00040479
7.3 -0.000395831
7.31 -0.000386454
7.32 -0.000376631
7.33 -0.000366342
7.34 -0.00035558
7.35 -0.000344345
7.36 -0.000332643
7.37 -0.000320489
7.38 -0.000307907
7.39 -0.000294933
7.4 -0.000281603
7.41 -0.000267955
7.42 -0.000254028
7.43 -0.000239862
7.44 -0.000225498
7.45 -0.000210973
7.46 -0.000196321
7.47 -0.000181573
7.48 -0.000166757
7.49 -0.000151902
7.5 -0.000137033
7.51 -0.00012217
7.52 -0.000107327
7.53 -9.2517e-05
7.54 -7.77509e-05
7.55 -6.30382e-05
7.56 -4.8384e-05
7.57 -3.37896e-05
7.58 -1.92566e-05
7.59 -4.79105e-06
7.6 9.59851e-06
7.61 2.39051e-05
7.62 3.81243e-05
7.63 5.22506e-05
7.64 6.6276e-05
7.65 8.0195e-05
7.66 9.40127e-05
7.67 0.00010775
7.68 0.000121441
7.69 0.000135123
7.7 0.000148841
7.71 0.000162651
7.72 0.00017663
7.73 0.000190851
7.74 0.000205356
7.75 0.000220145
7.76 0.000235286
7.77 0.000250758
7.78 0.00026655
7.79 0.000282563
7.8 0.00029877
7.81 0.000315111
7.82 0.000331505
7.83 0.000347873
7.84 0.000364151
7.85 0.000380291
7.86 0.00039625
7.87 0.000411983
7.88 0.00042745
7.89 0.000442618
7.9 0.000457465
7.91 0.000471969
7.92 0.000486104
7.93 0.000499846
7.94 0.000513173
7.95 0.000526071
7.96 0.000538523
7.97 0.000550511
7.98 0.000562013
7.99 0.000573012
8 0.000583493
8.01 0.000593445
8.02 0.000602855
8.03 0.000611713
8.04 0.000620011
8.05 0.000627751
8.06 0.00063493
8.07 0.000641547
8.08 0.000647592
8.09 0.000653059
8.1 0.000657936
8.11 0.000662206
8.12 0.000665849
8.13 0.000668844
8.14 0.000671171
8.15 0.000672812
8.16 0.000673753
8.17 0.000673986
8.18 0.000673508
8.19 0.000672321
8.2 0.00067043
8.21 0.000667842
8.22 0.000664569
8.23 0.000660621
8.24 0.000656005
8.25 0.000650724
8.26 0.00064478
8.27 0.000638173
8.28 0.000630899
8.29 0.000622949
8.3 0.000614307
8.31 0.000604961
8.32 0.000594901
8.33 0.000584111
8.34 0.000572575
8.35 0.000560274
8.36 0.000547193
8.37 0.000533316
8.38 0.000518626
8.39 0.000503098
8.4 0.000486692
8.41 0.00046937
8.42 0.000451103
8.43 0.000431883
8.44 0.000411614
8.45 0.000390294
8.46 0.000367923
8.47 0.000344503
8.48 0.000320053
8.49 0.000294604
8.5 0.000268187
8.51 0.000240928
8.52 0.000212863
8.53 0.000184051
8.54 0.000154566
8.55 0.000124485
8.56 9.38727e-05
8.57 6.27819e-05
8.58 3.12693e-05
8.59 -5.97579e-07
8.6 -3.27422e-05
8.61 -6.50854e-05
8.62 -9.75471e-05
8.63 -0.000130043
8.64 -0.000162481
8.65 -0.000194771
8.66 -0.000226828
8.67 -0.000258579
8.68 -0.000289963
8.69 -0.000320929
8.7 -0.000351433
8.71 -0.00038144
8.72 -0.00041093
8.73 -0.000439888
8.74 -0.0004683
8.75 -0.000496147
8.76 -0.00052341
8.77 -0.00055007
8.78 -0.000576109
8.79 -0.000601501
8.8 -0.000626213
8.81 -0.000650213
8.82 -0.000673471
8.83 -0.000695962
8.84 -0.00071766
8.85 -0.000738535
8.86 -0.000758566
8.87 -0.000777739
8.88 -0.000796049
8.89 -0.000813488
8.9 -0.000830049
8.91 -0.000845728
8.92 -0.000860525
8.93 -0.000874432
8.94 -0.000887435
8.95 -0.000899511
8.96 -0.00091063
8.97 -0.000920761
8.98 -0.000929868
8.99 -0.000937911
9 -0.000944853
9.01 -0.000950661
9.02 -0.000955311
9.03 -0.000958787
9.04 -0.000961082
9.05 -0.000962191
9.06 -0.000962122
9.07 -0.000960886
9.08 -0.000958505
9.09 -0.000955004
9.1 -0.000950408
9.11 -0.000944746
9.12 -0.000938052
9.13 -0.000930359
9.14 -0.000921698
9.15 -0.000912091
9.16 -0.000901555
9.17 -0.000890105
9.18 -0.000877752
9.19 -0.000864498
9.2 -0.000850343
9.21 -0.000835288
9.22 -0.000819341
9.23 -0.000802512
9.24 -0.000784817
9.25 -0.000766274
9.26 -0.000746904
9.27 -0.000726735
9.28 -0.000705794
9.29 -0.000684102
9.3 -0.000661676
9.31 -0.000638535
9.32 -0.000614696
9.33 -0.000590176
9.34 -0.000564996
9.35 -0.000539179
9.36 -0.000512755
9.37 -0.000485762
9.38 -0.00045824
9.39 -0.000430235
9.4 -0.000401794
9.41 -0.000372963
9.42 -0.000343789
9.43 -0.000314318
9.44 -0.000284593
9.45 -0.000254654
9.46 -0.000224536
9.47 -0.000194278
9.48 -0.000163917
9.49 -0.000133487
9.5 -0.000103021
9.51 -7.2552e-05
9.52 -4.2112e-05
9.53 -1.17349e-05
9.54 1.85479e-05
9.55 4.87076e-05
9.56 7.87161e-05
9.57 0.000108543
9.58 0.000138157
9.59 0.000167527
9.6 0.000196621
9.61 0.000225407
9.62 0.000253848
9.63 0.000281908
9.64 0.000309552
9.65 0.000336745
9.66 0.000363455
9.67 0.000389651
9.68 0.000415303
9.69 0.00044038
9.7 0.00046486
9.71 0.00048872
9.72 0.000511943
9.73 0.000534513
9.74 0.000556422
9.75 0.000577668
9.76 0.000598258
9.77 0.000618195
9.78 0.000637487
9.79 0.000656141
9.8 0.000674168
9.81 0.000691573
9.82 0.000708357
9.83 0.000724518
9.84 0.000740055
9.85 0.000754965
9.86 0.000769247
9.87 0.000782899
9.88 0.000795919
9.89 0.000808313
9.9 0.000820086
9.91 0.000831245
9.92 0.000841797
9.93 0.000851745
9.94 0.000861091
9.95 0.000869835
9.96 0.00087797
9.97 0.000885479
9.98 0.000892342
9.99 0.000898534
10 0.00090403
10.01 0.0009088
10.02 0.000912814
10.03 0.000916045
10.04 0.000918471
10.05 0.000920076
10.06 0.000920845
10.07 0.000920771
10.08 0.000919848
10.09 0.000918079
10.1 0.000915468
10.11 0.000912026
10.12 0.000907761
10.13 0.000902686
10.14 0.000896812
10.15 0.000890152
10.16 0.000882717
10.17 0.000874513
10.18 0.000865547
10.19 0.000855824
10.2 0.000845354
10.21 0.000834145
10.22 0.00082221
10.23 0.000809567
10.24 0.00079624
10.25 0.00078226
10.26 0.00076766
10.27 0.000752476
10.28 0.000736746
10.29 0.000720506
10.3 0.000703788
10.31 0.000686617
10.32 0.000669009
10.33 0.000650971
10.34 0.000632503
10.35 0.000613596
10.36 0.000594238
10.37 0.000574411
10.38 0.0005541
10.39 0.000533288
10.4 0.000511966
10.41 0.000490128
10.42 0.000467775
10.43 0.000444911
10.44 0.000421548
10.45 0.000397702
10.46 0.000373394
10.47 0.000348649
10.48 0.000323491
10.49 0.000297949
10.5 0.000272053
10.51 0.000245834
10.52 0.000219322
10.53 0.000192544
10.54 0.000165529
10.55 0.000138309
10.56 0.000110911
10.57 8.33657e-05
10.58 5.57031e-05
10.59 2.79575e-05
10.6 1.64313e-07
10.61 -2.76418e-05
10.62 -5.54264e-05
10.63 -8.31554e-05
10.64 -0.000110796
10.65 -0.000138318
10.66 -0.000165695
10.67 -0.000192906
10.68 -0.00021993
10.69 -0.000246749
10.7 -0.000273347
10.71 -0.000299709
10.72 -0.000325821
10.73 -0.000351665
10.74 -0.000377222
10.75 -0.000402474
10.76 -0.000427397
10.77 -0.000451968
10.78 -0.000476159
10.79 -0.000499942
10.8 -0.000523289
10.81 -0.000546168
10.82 -0.000568548
10.83 -0.000590394
10.84 -0.000611671
10.85 -0.000632344
10.86 -0.000652374
10.87 -0.000671725
10.88 -0.000690361
10.89 -0.000708247
10.9 -0.000725351
10.91 -0.000741642
10.92 -0.000757092
10.93 -0.000771676
10.94 -0.000785371
10.95 -0.000798155
10.96 -0.000810006
10.97 -0.000820909
10.98 -0.000830847
10.99 -0.000839805
11 -0.000847772
11.01 -0.000854736
11.02 -0.000860692
11.03 -0.000865635
11.04 -0.000869566
11.05 -0.000872487
11.06 -0.000874408
11.07 -0.000875341
11.08 -0.000875304
11.09 -0.000874317
11.1 -0.000872407
11.11 -0.000869601
11.12 -0.000865927
11.13 -0.000861415
11.14 -0.000856093
11.15 -0.000849992
11.16 -0.000843138
11.17 -0.000835562
11.18 -0.00082729
11.19 -0.000818351
11.2 -0.000808776
11.21 -0.000798596
11.22 -0.000787844
11.23 -0.000776552
11.24 -0.000764757
11.25 -0.000752497
11.26 -0.000739808
11.27 -0.000726727
11.28 -0.000713287
11.29 -0.000699522
11.3 -0.000685458
11.31 -0.000671116
11.32 -0.00065651
11.33 -0.000641646
11.34 -0.000626525
11.35 -0.000611143
11.36 -0.000595489
11.37 -0.00057955
11.38 -0.000563313
11.39 -0.000546768
11.4 -0.000529905
11.41 -0.000512718
11.42 -0.000495205
11.43 -0.000477371
11.44 -0.000459226
11.45 -0.000440784
11.46 -0.000422059
11.47 -0.000403072
11.48 -0.000383845
11.49 -0.000364402
11.5 -0.000344766
11.51 -0.000324957
11.52 -0.000304995
11.53 -0.000284902
11.54 -0.000264696
11.55 -0.000244392
11.56 -0.000224006
11.57 -0.000203552
11.58 -0.000183045
11.59 -0.000162501
11.6 -0.000141933
11.61 -0.000121358
11.62 -0.000100791
11.63 -8.025e-05
11.64 -5.97512e-05
11.65 -3.9311e-05
11.66 -1.89454e-05
11.67 1.32911e-06
11.68 2.1496e-05
11.69 4.15387e-05
11.7 6.14404e-05
11.71 8.11844e-05
11.72 0.000100754
11.73 0.000120133
11.74 0.000139304
11.75 0.000158255
11.76 0.000176974
11.77 0.000195454
11.78 0.000213688
11.79 0.000231671
11.8 0.000249402
11.81 0.00026688
11.82 0.000284108
11.83 0.000301084
11.84 0.000317811
11.85 0.000334289
11.86 0.000350525
11.87 0.000366522
11.88 0.000382285
11.89 0.000397822
11.9 0.000413143
11.91 0.000428262
11.92 0.000443191
11.93 0.000457942
11.94 0.000472527
11.95 0.000486956
11.96 0.000501239
11.97 0.000515377
11.98 0.000529366
11.99 0.000543199
12 0.000556861
12.01 0.000570333
12.02 0.000583587
12.03 0.000596591
12.04 0.00060931
12.05 0.000621706
12.06 0.00063374
12.07 0.000645374
12.08 0.00065657
12.09 0.000667296
12.1 0.000677522
12.11 0.000687226
12.12 0.000696385
12.13 0.000704984
12.14 0.000713009
12.15 0.000720449
12.16 0.000727293
12.17 0.000733532
12.18 0.000739155
12.19 0.000744151
12.2 0.000748509
12.21 0.000752216
12.22 0.000755262
12.23 0.000757638
12.24 0.000759336
12.25 0.000760351
12.26 0.000760681
12.27 0.000760328
12.28 0.000759295
12.29 0.000757586
12.3 0.000755206
12.31 0.000752159
12.32 0.000748449
12.33 0.000744076
12.34 0.000739039
12.35 0.000733333
12.36 0.000726953
12.37 0.000719889
12.38 0.000712131
12.39 0.000703665
12.4 0.000694478
12.41 0.000684556
12.42 0.000673886
12.43 0.000662451
12.44 0.000650236
12.45 0.000637223
12.46 0.000623394
12.47 0.000608728
12.48 0.000593201
12.49 0.000576788
12.5 0.000559466
12.51 0.000541211
12.52 0.000522007
12.53 0.000501845
12.54 0.000480725
12.55 0.000458663
12.56 0.000435688
12.57 0.000411842
12.58 0.000387182
12.59 0.000361772
12.6 0.000335688
12.61 0.000309012
12.62 0.000281828
12.63 0.000254218
12.64 0.000226265
12.65 0.000198047
12.66 0.000169638
12.67 0.000141104
12.68 0.000112503
12.69 8.38855e-05
12.7 5.52946e-05
12.71 2.67678e-05
12.72 -1.6657e-06
12.73 -2.99834e-05
12.74 -5.81663e-05
12.75 -8.61965e-05
12.76 -0.000114058
12.77 -0.000141737
12.78 -0.000169219
12.79 -0.000196485
12.8 -0.000223515
12.81 -0.000250286
12.82 -0.000276773
12.83 -0.000302948
12.84 -0.00032878
12.85 -0.000354235
12.86 -0.000379279
12.87 -0.000403877
12.88 -0.000427991
12.89 -0.000451586
12.9 -0.000474627
12.91 -0.000497078
12.92 -0.00051891
12.93 -0.000540092
12.94 -0.000560598
12.95 -0.000580404
12.96 -0.00059949
12.97 -0.000617836
12.98 -0.000635425
12.99 -0.000652242
13 -0.000668268
13.01 -0.000683489
13.02 -0.000697886
13.03 -0.000711442
13.04 -0.000724137
13.05 -0.000735952
13.06 -0.000746866
13.07 -0.000756859
13.08 -0.00076591
13.09 -0.000773997
13.1 -0.000781096
13.11 -0.000787183
13.12 -0.00079223
13.13 -0.000796207
13.14 -0.000799084
13.15 -0.000800825
13.16 -0.000801399
13.17 -0.000800774
13.18 -0.000798924
13.19 -0.00079583
13.2 -0.000791482
13.21 -0.000785878
13.22 -0.000779029
13.23 -0.000770953
13.24 -0.000761676
13.25 -0.000751233
13.26 -0.000739664
13.27 -0.000727012
13.28 -0.000713325
13.29 -0.000698652
13.3 -0.000683045
13.31 -0.00066656
13.32 -0.00064925
13.33 -0.00063117
13.34 -0.000612374
13.35 -0.000592914
13.36 -0.00057284
13.37 -0.000552194
13.38 -0.000531016
13.39 -0.000509344
13.4 -0.00048721
13.41 -0.000464644
13.42 -0.000441675
13.43 -0.000418335
13.44 -0.000394654
13.45 -0.000370666
13.46 -0.000346404
13.47 -0.000321903
13.48 -0.000297197
13.49 -0.00027232
13.5 -0.000247304
13.51 -0.000222177
13.52 -0.000196966
13.53 -0.000171696
13.54 -0.000146392
13.55 -0.000121076
13.56 -9.57714e-05
13.57 -7.05025e-05
13.58 -4.52935e-05
13.59 -2.01699e-05
13.6 4.84222e-06
13.61 2.97183e-05
13.62 5.44349e-05
13.63 7.89688e-05
13.64 0.000103298
13.65 0.0001274
13.66 0.000151258
13.67 0.000174852
13.68 0.000198164
13.69 0.000221173
13.7 0.000243861
13.71 0.000266209
13.72 0.000288199
13.73 0.000309809
13.74 0.00033102
13.75 0.00035181
13.76 0.000372156
13.77 0.000392037
13.78 0.000411427
13.79 0.000430301
13.8 0.000448634
13.81 0.000466402
13.82 0.000483584
13.83 0.000500157
13.84 0.000516104
13.85 0.000531411
13.86 0.000546068
13.87 0.000560072
13.88 0.00057342
13.89 0.000586116
13.9 0.000598166
13.91 0.000609582
13.92 0.000620376
13.93 0.000630558
13.94 0.000640142
13.95 0.00064914
13.96 0.000657563
13.97 0.000665418
13.98 0.000672709
13.99 0.000679437
14 0.000685604
14.01 0.000691206
14.02 0.000696235
14.03 0.000700684
14.04 0.000704547
14.05 0.000707816
14.06 0.000710486
14.07 0.000712552
14.08 0.000714011
14.09 0.000714865
14.1 0.000715117
14.11 0.000714769
14.12 0.000713826
14.13 0.000712291
14.14 0.000710167
14.15 0.000707458
14.16 0.000704161
14.17 0.000700276
14.18 0.000695798
14.19 0.000690723
14.2 0.000685047
14.21 0.000678762
14.22 0.000671863
14.23 0.000664345
14.24 0.000656203
14.25 0.000647433
14.26 0.000638034
14.27 0.000628004
14.28 0.000617346
14.29 0.000606062
14.3 0.000594156
14.31 0.000581633
14.32 0.0005685
14.33 0.000554762
14.34 0.000540426
14.35 0.000525498
14.36 0.000509985
14.37 0.000493895
14.38 0.000477234
14.39 0.000460011
14.4 0.000442234
14.41 0.000423914
14.42 0.000405061
14.43 0.000385685
14.44 0.000365799
14.45 0.000345417
14.46 0.000324553
14.47 0.000303223
14.48 0.000281445
14.49 0.000259238
14.5 0.000236623
14.51 0.000213622
14.52 0.000190258
14.53 0.000166556
14.54 0.000142538
14.55 0.00011823
14.56 9.36542e-05
14.57 6.88343e-05
14.58 4.37938e-05
14.59 1.85565e-05
14.6 -6.85435e-06
14.61 -3.24156e-05
14.62 -5.81038e-05
14.63 -8.38956e-05
14.64 -0.000109768
14.65 -0.000135699
14.66 -0.000161667
14.67 -0.000187651
14.68 -0.000213628
14.69 -0.000239577
14.7 -0.000265474
14.71 -0.000291295
14.72 -0.000317014
14.73 -0.000342601
14.74 -0.000368027
14.75 -0.000393264
14.76 -0.000418281
14.77 -0.000443047
14.78 -0.000467531
14.79 -0.000491703
14.8 -0.000515531
14.81 -0.000538988
14.82 -0.000562041
14.83 -0.000584658
14.84 -0.00060681
14.85 -0.000628467
14.86 -0.000649601
14.87 -0.000670184
14.88 -0.000690194
14.89 -0.000709611
14.9 -0.000728421
14.91 -0.000746612
14.92 -0.000764176
14.93 -0.000781106
14.94 -0.000797397
14.95 -0.000813041
14.96 -0.000828029
14.97 -0.000842343
14.98 -0.000855964
14.99 -0.000868865
15 -0.000881017
15.01 -0.000892385
15.02 -0.000902936
15.03 -0.000912632
15.04 -0.000921442
15.05 -0.000929333
15.06 -0.000936276
15.07 -0.000942242
15.08 -0.000947204
15.09 -0.00095114
15.1 -0.000954027
15.11 -0.000955844
15.12 -0.000956573
15.13 -0.000956201
15.14 -0.000954718
15.15 -0.000952117
15.16 -0.000948396
15.17 -0.000943552
15.18 -0.00093759
15.19 -0.000930514
15.2 -0.000922331
15.21 -0.000913048
15.22 -0.000902675
15.23 -0.000891222
15.24 -0.000878704
15.25 -0.000865136
15.26 -0.000850534
15.27 -0.000834918
15.28 -0.000818306
15.29 -0.000800721
15.3 -0.000782185
15.31 -0.00076272
15.32 -0.000742348
15.33 -0.000721093
15.34 -0.000698981
15.35 -0.000676036
15.36 -0.000652284
15.37 -0.000627753
15.38 -0.000602472
15.39 -0.00057647
15.4 -0.000549779
15.41 -0.00052243
15.42 -0.000494453
15.43 -0.000465878
15.44 -0.000436736
15.45 -0.000407056
15.46 -0.000376866
15.47 -0.000346196
15.48 -0.000315072
15.49 -0.000283526
15.5 -0.000251588
15.51 -0.000219289
15.52 -0.000186663
15.53 -0.000153744
15.54 -0.00012057
15.55 -8.71772e-05
15.56 -5.36022e-05
15.57 -1.98824e-05
15.58 1.39448e-05
15.59 4.78423e-05
15.6 8.17728e-05
15.61 0.000115698
15.62 0.000149579
15.63 0.000183373
15.64 0.000217035
15.65 0.000250519
15.66 0.000283774
15.67 0.000316748
15.68 0.000349388
15.69 0.000381641
15.7 0.000413454
15.71 0.000444777
15.72 0.000475564
15.73 0.00050577
15.74 0.000535355
15.75 0.000564285
15.76 0.000592526
15.77 0.000620053
15.78 0.000646843
15.79 0.000672876
15.8 0.000698137
15.81 0.000722615
15.82 0.0007463
15.83 0.000769183
15.84 0.000791255
15.85 0.000812508
15.86 0.000832931
15.87 0.00085251
15.88 0.000871231
15.89 0.000889076
15.9 0.000906025
15.91 0.000922057
15.92 0.000937151
15.93 0.000951282
15.94 0.00096443
15.95 0.000976574
15.96 0.000987694
15.97 0.000997774
15.98 0.0010068
15.99 0.00101476
16 0.00102164
16.01 0.00102744
16.02 0.00103215
16.03 0.00103577
16.04 0.0010383
16.05 0.00103975
16.06 0.00104012
16.07 0.00103941
16.08 0.00103763
16.09 0.00103481
16.1 0.00103094
16.11 0.00102605
16.12 0.00102014
16.13 0.00101323
16.14 0.00100532
16.15 0.000996437
16.16 0.000986572
16.17 0.000975737
16.18 0.000963937
16.19 0.000951175
16.2 0.000937456
16.21 0.000922787
16.22 0.000907173
16.23 0.000890624
16.24 0.00087315
16.25 0.000854764
16.26 0.000835481
16.27 0.00081532
16.28 0.000794302
16.29 0.000772449
16.3 0.000749789
16.31 0.000726348
16.32 0.000702158
16.33 0.000677248
16.34 0.000651653
16.35 0.000625406
16.36 0.000598538
16.37 0.000571085
16.38 0.000543077
16.39 0.000514549
16.4 0.00048553
16.41 0.000456052
16.42 0.000426144
16.43 0.000395838
16.44 0.00036516
16.45 0.000334142
16.46 0.000302812
16.47 0.0002712
16.48 0.000239337
16.49 0.000207252
16.5 0.000174977
16.51 0.000142545
16.52 0.000109988
16.53 7.734e-05
16.54 4.46344e-05
16.55 1.1906e-05
16.56 -2.08108e-05
16.57 -5.3482e-05
16.58 -8.60738e-05
16.59 -0.000118553
16.6 -0.000150886
16.61 -0.000183044
16.62 -0.000214996
16.63 -0.000246713
16.64 -0.000278169
16.65 -0.000309338
16.66 -0.000340196
16.67 -0.000370718
16.68 -0.00040088
16.69 -0.000430658
16.7 -0.000460028
16.71 -0.000488966
16.72 -0.000517446
16.73 -0.000545443
16.74 -0.00057293
16.75 -0.000599882
16.76 -0.000626272
16.77 -0.000652073
16.78 -0.000677258
16.79 -0.0007018
16.8 -0.000725671
16.81 -0.000748844
16.82 -0.00077129
16.83 -0.000792983
16.84 -0.000813894
16.85 -0.000833997
16.86 -0.000853264
16.87 -0.00087167
16.88 -0.000889189
16.89 -0.000905797
16.9 -0.000921473
16.91 -0.000936196
16.92 -0.000949947
16.93 -0.000962713
16.94 -0.00097448
16.95 -0.00098524
16.96 -0.000994986
16.97 -0.00100372
16.98 -0.00101143
16.99 -0.00101813
17 -0.00102382
17.01 -0.00102849
17.02 -0.00103217
17.03 -0.00103483
17.04 -0.00103649
17.05 -0.00103715
17.06 -0.0010368
17.07 -0.00103543
17.08 -0.00103305
17.09 -0.00102965
17.1 -0.00102522
17.11 -0.00101977
17.12 -0.00101328
17.13 -0.00100575
17.14 -0.000997187
17.15 -0.000987591
17.16 -0.000976966
17.17 -0.00096532
17.18 -0.000952665
17.19 -0.000939015
17.2 -0.000924387
17.21 -0.0009088
17.22 -0.000892275
17.23 -0.000874832
17.24 -0.000856495
17.25 -0.000837287
17.26 -0.000817231
17.27 -0.000796349
17.28 -0.000774666
17.29 -0.000752206
17.3 -0.000728992
17.31 -0.00070505
17.32 -0.000680405
17.33 -0.000655081
17.34 -0.000629105
17.35 -0.000602503
17.36 -0.000575302
17.37 -0.000547529
17.38 -0.000519214
17.39 -0.000490386
17.4 -0.000461076
17.41 -0.000431317
17.42 -0.000401142
17.43 -0.000370585
17.44 -0.000339682
17.45 -0.000308467
17.46 -0.000276978
17.47 -0.000245249
17.48 -0.000213318
17.49 -0.000181222
17.5 -0.000148998
17.51 -0.000116683
17.52 -8.43136e-05
17.53 -5.19263e-05
17.54 -1.95567e-05
17.55 1.27601e-05
17.56 4.49908e-05
17.57 7.71035e-05
17.58 0.000109068
17.59 0.000140853
17.6 0.000172431
17.61 0.000203773
17.62 0.000234851
17.63 0.000265638
17.64 0.000296105
17.65 0.000326223
17.66 0.000355964
17.67 0.000385299
17.68 0.000414198
17.69 0.000442631
17.7 0.000470569
17.71 0.000497983
17.72 0.000524842
17.73 0.000551119
17.74 0.000576785
17.75 0.000601814
17.76 0.00062618
17.77 0.000649857
17.78 0.000672822
17.79 0.000695054
17.8 0.000716533
17.81 0.000737241
17.82 0.000757162
17.83 0.000776284
17.84 0.000794594
17.85 0.000812083
17.86 0.000828741
17.87 0.000844561
17.88 0.000859537
17.89 0.000873663
17.9 0.000886931
17.91 0.000899335
17.92 0.00091087
17.93 0.000921527
17.94 0.0009313
17.95 0.000940179
17.96 0.000948156
17.97 0.000955223
17.98 0.000961371
17.99 0.000966592
18 0.000970878
18.01 0.000974223
18.02 0.000976622
18.03 0.000978069
18.04 0.000978562
18.05 0.000978098
18.06 0.000976675
18.07 0.000974293
18.08 0.000970954
18.09 0.000966658
18.1 0.000961409
18.11 0.00095521
18.12 0.000948067
18.13 0.000939987
18.14 0.000930977
18.15 0.000921049
18.16 0.000910214
18.17 0.000898488
18.18 0.000885891
18.19 0.000872441
18.2 0.000858162
18.21 0.000843079
18.22 0.000827219
18.23 0.000810608
18.24 0.000793272
18.25 0.000775237
18.26 0.000756527
18.27 0.000737166
18.28 0.000717173
18.29 0.00069657
18.3 0.000675373
18.31 0.000653602
18.32 0.000631273
18.33 0.000608403
18.34 0.00058501
18.35 0.000561111
18.36 0.000536727
18.37 0.000511878
18.38 0.000486587
18.39 0.000460877
18.4 0.000434771
18.41 0.000408294
18.42 0.000381472
18.43 0.000354326
18.44 0.000326883
18.45 0.000299165
18.46 0.000271195
18.47 0.000242996
18.48 0.000214591
18.49 0.000186003
18.5 0.000157254
18.51 0.000128369
18.52 9.93722e-05
18.53 7.02894e-05
18.54 4.11471e-05
18.55 1.19726e-05
18.56 -1.72057e-05
18.57 -4.63581e-05
18.58 -7.54544e-05
18.59 -0.000104464
18.6 -0.000133357
18.61 -0.000162103
18.62 -0.000190669
18.63 -0.000219028
18.64 -0.000247149
18.65 -0.000275005
18.66 -0.000302568
18.67 -0.000329812
18.68 -0.000356711
18.69 -0.00038324
18.7 -0.000409376
18.71 -0.000435097
18.72 -0.000460378
18.73 -0.000485199
18.74 -0.000509539
18.75 -0.000533377
18.76 -0.000556695
18.77 -0.000579471
18.78 -0.000601686
18.79 -0.000623321
18.8 -0.000644355
18.81 -0.000664769
18.82 -0.000684539
18.83 -0.000703644
18.84 -0.000722061
18.85 -0.000739766
18.86 -0.000756733
18.87 -0.000772939
18.88 -0.000788358
18.89 -0.000802967
18.9 -0.000816741
18.91 -0.000829657
18.92 -0.000841694
18.93 -0.000852831
18.94 -0.000863053
18.95 -0.000872342
18.96 -0.000880687
18.97 -0.000888077
18.98 -0.000894505
18.99 -0.000899968
19 -0.000904463
19.01 -0.000907991
19.02 -0.000910554
19.03 -0.000912155
19.04 -0.0009128
19.05 -0.000912493
19.06 -0.000911243
19.07 -0.000909054
19.08 -0.000905937
19.09 -0.000901899
19.1 -0.00089695
19.11 -0.000891097
19.12 -0.000884352
19.13 -0.000876722
19.14 -0.000868217
19.15 -0.000858844
19.16 -0.000848613
19.17 -0.000837532
19.18 -0.00082561
19.19 -0.000812859
19.2 -0.000799289
19.21 -0.000784913
19.22 -0.000769747
19.23 -0.000753806
19.24 -0.000737106
19.25 -0.000719668
19.26 -0.000701509
19.27 -0.00068265
19.28 -0.000663112
19.29 -0.000642917
19.3 -0.000622084
19.31 -0.000600638
19.32 -0.000578599
19.33 -0.000555992
19.34 -0.000532838
19.35 -0.000509161
19.36 -0.000484986
19.37 -0.000460339
19.38 -0.000435245
19.39 -0.000409732
19.4 -0.000383829
19.41 -0.000357565
19.42 -0.000330971
19.43 -0.000304077
19.44 -0.000276915
19.45 -0.000249518
19.46 -0.000221917
19.47 -0.000194146
19.48 -0.000166238
19.49 -0.000138227
19.5 -0.000110148
19.51 -8.20347e-05
19.52 -5.39217e-05
19.53 -2.5843e-05
19.54 2.16861e-06
19.55 3.00812e-05
19.56 5.78642e-05
19.57 8.54888e-05
19.58 0.000112928
19.59 0.000140156
19.6 0.000167147
19.61 0.000193877
19.62 0.000220323
19.63 0.00024646
19.64 0.000272264
19.65 0.00029771
19.66 0.000322774
19.67 0.000347434
19.68 0.000371667
19.69 0.000395452
19.7 0.000418769
19.71 0.000441601
19.72 0.000463931
19.73 0.000485742
19.74 0.000507022
19.75 0.000527757
19.76 0.000547932
19.77 0.000567536
19.78 0.000586554
19.79 0.000604975
19.8 0.000622785
19.81 0.000639971
19.82 0.00065652
19.83 0.000672418
19.84 0.000687653
19.85 0.000702211
19.86 0.000716079
19.87 0.000729246
19.88 0.0007417
19.89 0.000753432
19.9 0.000764435
19.91 0.000774699
19.92 0.000784218
19.93 0.000792987
19.94 0.000801002
19.95 0.000808259
19.96 0.000814754
19.97 0.000820486
19.98 0.000825451
19.99 0.00082965
20 0.000833081
20.01 0.000835744
20.02 0.000837641
20.03 0.000838773
20.04 0.000839142
20.05 0.000838752
20.06 0.000837606
20.07 0.00083571
20.08 0.000833068
20.09 0.000829688
20.1 0.000825577
20.11 0.000820741
20.12 0.000815191
20.13 0.000808936
20.14 0.000801986
20.15 0.000794351
20.16 0.00078604
20.17 0.000777062
20.18 0.000767427
20.19 0.000757141
20.2 0.000746211
20.21 0.000734642
20.22 0.000722441
20.23 0.000709613
20.24 0.000696165
20.25 0.000682103
20.26 0.000667437
20.27 0.000652174
20.28 0.000636325
20.29 0.000619899
20.3 0.000602908
20.31 0.000585362
20.32 0.000567272
20.33 0.000548649
20.34 0.000529505
20.35 0.000509852
20.36 0.000489701
20.37 0.000469066
20.38 0.00044796
20.39 0.000426397
20.4 0.000404391
20.41 0.000381958
20.42 0.000359113
20.43 0.000335871
20.44 0.000312249
20.45 0.000288263
20.46 0.00026393
20.47 0.000239269
20.48 0.000214298
20.49 0.000189036
20.5 0.000163505
20.51 0.000137724
20.52 0.000111714
20.53 8.54982e-05
20.54 5.90969e-05
20.55 3.25319e-05
20.56 5.82529e-06
20.57 -2.10002e-05
20.58 -4.79215e-05
20.59 -7.49151e-05
20.6 -0.000101957
20.61 -0.000129021
20.62 -0.000156081
20.63 -0.000183111
20.64 -0.000210081
20.65 -0.000236966
20.66 -0.000263736
20.67 -0.000290362
20.68 -0.000316817
20.69 -0.000343072
20.7 -0.000369101
20.71 -0.000394875
20.72 -0.000420369
20.73 -0.000445556
20.74 -0.00047041
20.75 -0.000494907
20.76 -0.000519023
20.77 -0.000542732
20.78 -0.000566013
20.79 -0.00058884
20.8 -0.000611193
20.81 -0.000633048
20.82 -0.000654382
20.83 -0.000675174
20.84 -0.000695401
20.85 -0.000715042
20.86 -0.000734075
20.87 -0.000752479
20.88 -0.000770233
20.89 -0.000787316
20.9 -0.000803708
20.91 -0.000819388
20.92 -0.000834335
20.93 -0.000848529
20.94 -0.000861949
20.95 -0.000874572
20.96 -0.00088638
20.97 -0.00089735
20.98 -0.000907463
20.99 -0.000916699
21 -0.00092504
21.01 -0.000932469
21.02 -0.00093897
21.03 -0.00094453
21.04 -0.000949136
21.05 -0.000952777
21.06 -0.000955446
21.07 -0.000957133
21.08 -0.000957835
21.09 -0.000957545
21.1 -0.000956263
21.11 -0.000953986
21.12 -0.000950717
21.13 -0.000946457
21.14 -0.000941213
21.15 -0.000934989
21.16 -0.000927795
21.17 -0.000919641
21.18 -0.000910539
21.19 -0.000900499
21.2 -0.000889537
21.21 -0.000877668
21.22 -0.000864905
21.23 -0.000851264
21.24 -0.000836761
21.25 -0.000821412
21.26 -0.000805231
21.27 -0.000788235
21.28 -0.000770439
21.29 -0.000751861
21.3 -0.000732515
21.31 -0.000712422
21.32 -0.0006916
21.33 -0.00067007
21.34 -0.000647853
21.35 -0.000624973
21.36 -0.000601453
21.37 -0.000577318
21.38 -0.000552594
21.39 -0.000527308
21.4 -0.000501485
21.41 -0.000475154
21.42 -0.000448341
21.43 -0.000421075
21.44 -0.000393385
21.45 -0.0003653
21.46 -0.000336851
21.47 -0.000308069
21.48 -0.000278986
21.49 -0.000249635
21.5 -0.000220047
21.51 -0.000190258
21.52 -0.000160298
21.53 -0.000130202
21.54 -0.000100003
21.55 -6.97316e-05
21.56 -3.94208e-05
21.57 -9.10117e-06
21.58 2.11969e-05
21.59 5.14437e-05
21.6 8.16101e-05
21.61 0.000111667
21.62 0.000141587
21.63 0.000171342
21.64 0.000200904
21.65 0.000230246
21.66 0.000259338
21.67 0.000288154
21.68 0.000316665
21.69 0.000344842
21.7 0.000372657
21.71 0.000400082
21.72 0.000427089
21.73 0.000453651
21.74 0.000479741
21.75 0.000505334
21.76 0.000530404
21.77 0.000554929
21.78 0.000578884
21.79 0.000602247
21.8 0.000624998
21.81 0.000647115
21.82 0.000668578
21.83 0.00068937
21.84 0.000709471
21.85 0.000728865
21.86 0.000747536
21.87 0.000765468
21.88 0.000782646
21.89 0.000799057
21.9 0.000814688
21.91 0.000829525
21.92 0.000843557
21.93 0.000856772
21.94 0.000869158
21.95 0.000880705
21.96 0.000891402
21.97 0.000901238
21.98 0.000910205
21.99 0.000918294
22 0.000925497
22.01 0.000931807
22.02 0.00093722
22.03 0.000941732
22.04 0.000945339
22.05 0.000948039
22.06 0.000949833
22.07 0.00095072
22.08 0.000950704
22.09 0.000949785
22.1 0.000947968
22.11 0.000945257
22.12 0.000941657
22.13 0.000937176
22.14 0.000931819
22.15 0.000925594
22.16 0.000918511
22.17 0.000910578
22.18 0.000901805
22.19 0.000892204
22.2 0.000881785
22.21 0.00087056
22.22 0.000858542
22.23 0.000845743
22.24 0.000832176
22.25 0.000817855
22.26 0.000802793
22.27 0.000787004
22.28 0.000770501
22.29 0.000753298
22.3 0.000735407
22.31 0.000716843
22.32 0.000697618
22.33 0.000677747
22.34 0.000657245
22.35 0.000636127
22.36 0.00061441
22.37 0.000592109
22.38 0.000569244
22.39 0.000545832
22.4 0.000521895
22.41 0.000497451
22.42 0.000472522
22.43 0.000447127
22.44 0.00042129
22.45 0.000395031
22.46 0.000368371
22.47 0.000341334
22.48 0.000313942
22.49 0.000286217
22.5 0.000258185
22.51 0.000229869
22.52 0.000201295
22.53 0.000172489
22.54 0.000143479
22.55 0.000114291
22.56 8.49537e-05
22.57 5.5496e-05
22.58 2.59465e-05
22.59 -3.66539e-06
22.6 -3.33105e-05
22.61 -6.29598e-05
22.62 -9.25841e-05
22.63 -0.000122154
22.64 -0.000151641
22.65 -0.000181016
22.66 -0.00021025
22.67 -0.000239315
22.68 -0.000268181
22.69 -0.000296821
22.7 -0.000325205
22.71 -0.000353305
22.72 -0.000381092
22.73 -0.000408539
22.74 -0.000435616
22.75 -0.000462296
22.76 -0.000488552
22.77 -0.000514355
22.78 -0.000539679
22.79 -0.000564498
22.8 -0.000588785
22.81 -0.000612516
22.82 -0.000635665
22.83 -0.000658211
22.84 -0.000680129
22.85 -0.000701397
22.86 -0.000721995
22.87 -0.0007419
22.88 -0.000761093
22.89 -0.000779552
22.9 -0.000797259
22.91 -0.000814193
22.92 -0.000830335
22.93 -0.000845669
22.94 -0.000860176
22.95 -0.000873839
22.96 -0.000886642
22.97 -0.000898572
22.98 -0.000909614
22.99 -0.000919755
23 -0.000928982
23.01 -0.000937285
23.02 -0.000944651
23.03 -0.00095107
23.04 -0.000956533
23.05 -0.000961028
23.06 -0.000964548
23.07 -0.000967083
23.08 -0.000968626
23.09 -0.000969168
23.1 -0.000968705
23.11 -0.00096723
23.12 -0.000964742
23.13 -0.000961238
23.14 -0.000956717
23.15 -0.000951182
23.16 -0.000944637
23.17 -0.000937088
23.18 -0.000928543
23.19 -0.000919011
23.2 -0.000908503
23.21 -0.000897033
23.22 -0.000884615
23.23 -0.000871264
23.24 -0.000856995
23.25 -0.000841827
23.26 -0.000825777
23.27 -0.000808864
23.28 -0.000791107
23.29 -0.000772524
23.3 -0.000753135
23.31 -0.000732959
23.32 -0.000712017
23.33 -0.000690327
23.34 -0.000667911
23.35 -0.000644789
23.36 -0.000620981
23.37 -0.000596511
23.38 -0.0005714
23.39 -0.000545671
23.4 -0.000519349
23.41 -0.00049246
23.42 -0.000465031
23.43 -0.000437089
23.44 -0.000408664
23.45 -0.000379784
23.46 -0.000350482
23.47 -0.000320788
23.48 -0.000290735
23.49 -0.000260354
23.5 -0.00022968
23.51 -0.000198746
23.52 -0.000167585
23.53 -0.000136233
23.54 -0.000104724
23.55 -7.30926e-05
23.56 -4.1374e-05
23.57 -9.60319e-06
23.58 2.21851e-05
23.59 5.39568e-05
23.6 8.56775e-05
23.61 0.000117313
23.62 0.00014883
23.63 0.000180194
23.64 0.000211372
23.65 0.000242329
23.66 0.000273034
23.67 0.00030345
23.68 0.000333546
23.69 0.000363287
23.7 0.00039264
23.71 0.000421571
23.72 0.000450049
23.73 0.00047804
23.74 0.000505514
23.75 0.00053244
23.76 0.000558789
23.77 0.000584531
23.78 0.000609641
23.79 0.000634091
23.8 0.000657858
23.81 0.000680917
23.82 0.000703247
23.83 0.000724827
23.84 0.000745637
23.85 0.000765659
23.86 0.000784875
23.87 0.000803267
23.88 0.00082082
23.89 0.000837518
23.9 0.000853344
23.91 0.000868284
23.92 0.000882324
23.93 0.000895448
23.94 0.000907643
23.95 0.000918897
23.96 0.000929197
23.97 0.000938533
23.98 0.000946895
23.99 0.000954274
24 0.000960665
24.01 0.000966063
24.02 0.000970463
24.03 0.000973863
24.04 0.000976264
24.05 0.000977665
24.06 0.000978069
24.07 0.000977478
24.08 0.000975896
24.09 0.000973329
24.1 0.000969782
24.11 0.000965263
24.12 0.000959779
24.13 0.000953339
24.14 0.000945952
24.15 0.000937628
24.16 0.000928377
24.17 0.000918211
24.18 0.000907141
24.19 0.000895179
24.2 0.000882341
24.21 0.00086864
24.22 0.000854092
24.23 0.000838713
24.24 0.000822522
24.25 0.000805536
24.26 0.000787775
24.27 0.000769259
24.28 0.000750006
24.29 0.000730039
24.3 0.000709378
24.31 0.000688044
24.32 0.000666059
24.33 0.000643445
24.34 0.000620227
24.35 0.000596426
24.36 0.000572069
24.37 0.000547179
24.38 0.000521784
24.39 0.000495909
24.4 0.000469582
24.41 0.00044283
24.42 0.00041568
24.43 0.00038816
24.44 0.000360297
24.45 0.00033212
24.46 0.000303655
24.47 0.000274929
24.48 0.000245969
24.49 0.000216803
24.5 0.000187456
24.51 0.000157957
24.52 0.000128331
24.53 9.86075e-05
24.54 6.88133e-05
24.55 3.89771e-05
24.56 9.12782e-06
24.57 -2.07054e-05
24.58 -5.04926e-05
24.59 -8.0203e-05
24.6 -0.000109806
24.61 -0.000139269
24.62 -0.000168561
24.63 -0.000197651
24.64 -0.000226505
24.65 -0.000255094
24.66 -0.000283385
24.67 -0.000311349
24.68 -0.000338958
24.69 -0.000366182
24.7 -0.000392997
24.71 -0.000419377
24.72 -0.000445298
24.73 -0.000470738
24.74 -0.000495674
24.75 -0.000520086
24.76 -0.000543954
24.77 -0.000567256
24.78 -0.000589975
24.79 -0.00061209
24.8 -0.000633582
24.81 -0.000654434
24.82 -0.000674627
24.83 -0.000694144
24.84 -0.000712967
24.85 -0.00073108
24.86 -0.000748467
24.87 -0.000765111
24.88 -0.000780999
24.89 -0.000796114
24.9 -0.000810442
24.91 -0.000823968
24.92 -0.000836677
24.93 -0.000848556
24.94 -0.000859591
24.95 -0.00086977
24.96 -0.000879081
24.97 -0.000887514
24.98 -0.00089506
24.99 -0.00090171
25 -0.000907457
25.01 -0.000912297
25.02 -0.000916225
25.03 -0.000919237
25.04 -0.00092133
25.05 -0.000922504
25.06 -0.000922757
25.07 -0.00092209
25.08 -0.000920503
25.09 -0.000917997
25.1 -0.000914574
25.11 -0.000910237
25.12 -0.000904988
25.13 -0.000898832
25.14 -0.000891773
25.15 -0.000883816
25.16 -0.000874967
25.17 -0.000865232
25.18 -0.000854621
25.19 -0.000843141
25.2 -0.000830804
25.21 -0.000817621
25.22 -0.000803606
25.23 -0.000788774
25.24 -0.00077314
25.25 -0.000756722
25.26 -0.000739537
25.27 -0.000721607
25.28 -0.000702951
25.29 -0.00068359
25.3 -0.000663546
25.31 -0.000642841
25.32 -0.000621497
25.33 -0.000599538
25.34 -0.000576987
25.35 -0.000553866
25.36 -0.000530199
25.37 -0.000506009
25.38 -0.000481322
25.39 -0.000456161
25.4 -0.000430551
25.41 -0.000404517
25.42 -0.000378086
25.43 -0.000351282
25.44 -0.000324134
25.45 -0.000296667
25.46 -0.000268909
25.47 -0.000240888
25.48 -0.000212632
25.49 -0.00018417
25.5 -0.00015553
25.51 -0.000126742
25.52 -9.7835e-05
25.53 -6.88394e-05
25.54 -3.97851e-05
25.55 -1.07025e-05
25.56 1.83779e-05
25.57 4.74251e-05
25.58 7.64082e-05
25.59 0.000105297
25.6 0.000134059
25.61 0.000162664
25.62 0.000191081
25.63 0.000219278
25.64 0.000247226
25.65 0.000274892
25.66 0.000302248
25.67 0.000329263
25.68 0.000355908
25.69 0.000382156
25.7 0.00040798
25.71 0.000433352
25.72 0.000458248
25.73 0.000482643
25.74 0.000506513
25.75 0.000529835
25.76 0.000552587
25.77 0.000574746
25.78 0.000596293
25.79 0.000617207
25.8 0.000637468
25.81 0.000657058
25.82 0.000675958
25.83 0.000694152
25.84 0.000711623
25.85 0.000728356
25.86 0.000744337
25.87 0.000759552
25.88 0.000773987
25.89 0.00078763
25.9 0.000800469
25.91 0.000812492
25.92 0.00082369
25.93 0.00083405
25.94 0.000843564
25.95 0.000852221
25.96 0.000860013
25.97 0.000866932
25.98 0.000872969
25.99 0.000878118
26 0.000882373
26.01 0.000885727
26.02 0.000888178
26.03 0.000889721
26.04 0.000890356
26.05 0.00089008
26.06 0.000888896
26.07 0.000886804
26.08 0.000883807
26.09 0.00087991
26.1 0.000875117
26.11 0.000869435
26.12 0.000862872
26.13 0.000855435
26.14 0.000847134
26.15 0.00083798
26.16 0.000827985
26.17 0.000817161
26.18 0.000805522
26.19 0.000793082
26.2 0.000779855
26.21 0.000765857
26.22 0.000751104
26.23 0.000735612
26.24 0.000719398
26.25 0.000702478
26.26 0.000684871
26.27 0.000666595
26.28 0.000647669
26.29 0.000628113
26.3 0.000607948
26.31 0.000587194
26.32 0.000565875
26.33 0.000544013
26.34 0.000521632
26.35 0.000498756
26.36 0.000475411
26.37 0.000451621
26.38 0.000427413
26.39 0.000402812
26.4 0.000377843
26.41 0.000352534
26.42 0.000326908
26.43 0.000300994
26.44 0.000274814
26.45 0.000248396
26.46 0.000221764
26.47 0.000194943
26.48 0.000167959
26.49 0.000140837
26.5 0.000113603
26.51 8.62817e-05
26.52 5.88997e-05
26.53 3.14828e-05
26.54 4.057e-06
26.55 -2.33517e-05
26.56 -5.07175e-05
26.57 -7.80148e-05
26.58 -0.000105218
26.59 -0.000132303
26.6 -0.000159243
26.61 -0.000186014
26.62 -0.00021259
26.63 -0.000238947
26.64 -0.00026506
26.65 -0.000290903
26.66 -0.00031645
26.67 -0.000341676
26.68 -0.000366557
26.69 -0.000391067
26.7 -0.000415184
26.71 -0.000438883
26.72 -0.000462141
26.73 -0.000484938
26.74 -0.000507252
26.75 -0.000529064
26.76 -0.000550353
26.77 -0.000571101
26.78 -0.000591289
26.79 -0.000610901
26.8 -0.000629918
26.81 -0.000648323
26.82 -0.0006661
26.83 -0.000683233
26.84 -0.000699707
26.85 -0.000715505
26.86 -0.000730614
26.87 -0.000745021
26.88 -0.000758711
26.89 -0.000771675
26.9 -0.000783899
26.91 -0.000795375
26.92 -0.000806093
26.93 -0.000816044
26.94 -0.00082522
26.95 -0.000833615
26.96 -0.000841221
26.97 -0.000848032
26.98 -0.000854042
26.99 -0.000859245
27 -0.000863636
27.01 -0.00086721
27.02 -0.000869963
27.03 -0.00087189
27.04 -0.00087299
27.05 -0.000873259
27.06 -0.000872697
27.07 -0.000871302
27.08 -0.000869074
27.09 -0.000866016
27.1 -0.000862128
27.11 -0.000857412
27.12 -0.000851873
27.13 -0.000845513
27.14 -0.000838336
27.15 -0.000830347
27.16 -0.00082155
27.17 -0.000811951
27.18 -0.000801557
27.19 -0.000790374
27.2 -0.00077841
27.21 -0.000765674
27.22 -0.000752176
27.23 -0.000737925
27.24 -0.000722936
27.25 -0.000707221
27.26 -0.000690794
27.27 -0.000673672
27.28 -0.000655871
27.29 -0.000637409
27.3 -0.000618304
27.31 -0.000598575
27.32 -0.000578242
27.33 -0.000557325
27.34 -0.000535842
27.35 -0.000513815
27.36 -0.000491264
27.37 -0.000468208
27.38 -0.00044467
27.39 -0.00042067
27.4 -0.000396229
27.41 -0.00037137
27.42 -0.000346114
27.43 -0.000320486
27.44 -0.000294508
27.45 -0.000268205
27.46 -0.000241601
27.47 -0.000214723
27.48 -0.000187594
27.49 -0.000160243
27.5 -0.000132695
27.51 -0.000104979
27.52 -7.71231e-05
27.53 -4.91547e-05
27.54 -2.11033e-05
27.55 7.00215e-06
27.56 3.51325e-05
27.57 6.32586e-05
27.58 9.13516e-05
27.59 0.000119382
27.6 0.000147323
27.61 0.000175145
27.62 0.000202821
27.63 0.000230323
27.64 0.000257624
27.65 0.000284697
27.66 0.000311514
27.67 0.00033805
27.68 0.000364276
27.69 0.000390166
27.7 0.000415695
27.71 0.000440836
27.72 0.000465564
27.73 0.000489852
27.74 0.000513676
27.75 0.000537012
27.76 0.000559836
27.77 0.000582125
27.78 0.000603855
27.79 0.000625005
27.8 0.000645553
27.81 0.000665478
27.82 0.000684761
27.83 0.00070338
27.84 0.000721317
27.85 0.000738554
27.86 0.000755073
27.87 0.000770856
27.88 0.000785886
27.89 0.000800146
27.9 0.000813621
27.91 0.000826296
27.92 0.000838154
27.93 0.000849182
27.94 0.000859366
27.95 0.000868694
27.96 0.000877153
27.97 0.000884732
27.98 0.000891421
27.99 0.000897211
28 0.000902093
28.01 0.000906061
28.02 0.000909106
28.03 0.000911225
28.04 0.000912412
28.05 0.000912665
28.06 0.000911982
28.07 0.000910362
28.08 0.000907807
28.09 0.000904318
28.1 0.000899901
28.11 0.000894559
28.12 0.000888299
28.13 0.000881127
28.14 0.000873053
28.15 0.000864084
28.16 0.000854231
28.17 0.000843503
28.18 0.000831911
28.19 0.000819469
28.2 0.000806188
28.21 0.000792082
28.22 0.000777165
28.23 0.000761453
28.24 0.000744961
28.25 0.000727706
28.26 0.000709704
28.27 0.000690975
28.28 0.000671537
28.29 0.00065141
28.3 0.000630614
28.31 0.000609171
28.32 0.000587104
28.33 0.000564436
28.34 0.00054119
28.35 0.00051739
28.36 0.000493063
28.37 0.000468232
28.38 0.000442924
28.39 0.000417165
28.4 0.000390981
28.41 0.000364398
28.42 0.000337444
28.43 0.000310147
28.44 0.000282534
28.45 0.000254636
28.46 0.00022648
28.47 0.000198099
28.48 0.000169523
28.49 0.000140782
28.5 0.00011191
28.51 8.29366e-05
28.52 5.3895e-05
28.53 2.48167e-05
28.54 -4.267e-06
28.55 -3.3325e-05
28.56 -6.23266e-05
28.57 -9.12415e-05
28.58 -0.00012004
28.59 -0.000148695
28.6 -0.000177176
28.61 -0.000205455
28.62 -0.000233507
28.63 -0.000261302
28.64 -0.000288816
28.65 -0.000316021
28.66 -0.000342891
28.67 -0.000369399
28.68 -0.00039552
28.69 -0.000421228
28.7 -0.000446496
28.71 -0.000471302
28.72 -0.00049562
28.73 -0.000519426
28.74 -0.0005427
28.75 -0.000565419
28.76 -0.000587563
28.77 -0.000609112
28.78 -0.000630046
28.79 -0.000650349
28.8 -0.000670002
28.81 -0.000688988
28.82 -0.000707291
28.83 -0.000724894
28.84 -0.000741783
28.85 -0.00075794
28.86 -0.000773353
28.87 -0.000788006
28.88 -0.000801886
28.89 -0.000814981
28.9 -0.000827277
28.91 -0.000838764
28.92 -0.000849431
28.93 -0.000859269
28.94 -0.000868268
28.95 -0.000876422
28.96 -0.000883723
28.97 -0.000890164
28.98 -0.000895741
28.99 -0.000900449
29 -0.000904284
29.01 -0.000907243
29.02 -0.000909324
29.03 -0.000910526
29.04 -0.000910849
29.05 -0.000910292
29.06 -0.000908858
29.07 -0.000906548
29.08 -0.000903366
29.09 -0.000899315
29.1 -0.000894401
29.11 -0.000888629
29.12 -0.000882004
29.13 -0.000874535
29.14 -0.000866229
29.15 -0.000857094
29.16 -0.00084714
29.17 -0.000836377
29.18 -0.000824816
29.19 -0.000812469
29.2 -0.000799346
29.21 -0.000785463
29.22 -0.000770831
29.23 -0.000755466
29.24 -0.000739383
29.25 -0.000722597
29.26 -0.000705124
29.27 -0.00068698
29.28 -0.000668184
29.29 -0.000648751
29.3 -0.000628701
29.31 -0.00060805
29.32 -0.00058682
29.33 -0.000565028
29.34 -0.000542694
29.35 -0.00051984
29.36 -0.000496485
29.37 -0.000472652
29.38 -0.000448363
29.39 -0.00042364
29.4 -0.000398506
29.41 -0.000372983
29.42 -0.000347095
29.43 -0.000320864
29.44 -0.000294315
29.45 -0.000267469
29.46 -0.000240352
29.47 -0.000212985
29.48 -0.000185394
29.49 -0.000157602
29.5 -0.000129635
29.51 -0.000101518
29.52 -7.32765e-05
29.53 -4.49371e-05
29.54 -1.65264e-05
29.55 1.19288e-05
29.56 4.0401e-05
29.57 6.88625e-05
29.58 9.72857e-05
29.59 0.000125643
29.6 0.000153906
29.61 0.000182047
29.62 0.000210039
29.63 0.000237854
29.64 0.000265464
29.65 0.000292842
29.66 0.00031996
29.67 0.000346789
29.68 0.000373302
29.69 0.000399471
29.7 0.000425268
29.71 0.000450663
29.72 0.000475631
29.73 0.000500143
29.74 0.000524174
29.75 0.000547698
29.76 0.000570693
29.77 0.000593133
29.78 0.000614998
29.79 0.000636267
29.8 0.000656919
29.81 0.000676934
29.82 0.000696293
29.83 0.000714978
29.84 0.000732969
29.85 0.00075025
29.86 0.000766802
29.87 0.000782608
29.88 0.000797651
29.89 0.000811916
29.9 0.000825387
29.91 0.000838048
29.92 0.000849886
29.93 0.000860888
29.94 0.000871041
29.95 0.000880333
29.96 0.000888753
29.97 0.000896291
29.98 0.000902939
29.99 0.000908687
30 0.000913529
30.01 0.000917457
30.02 0.000920465
30.03 0.000922549
30.04 0.000923702
30.05 0.000923923
30.06 0.000923208
30.07 0.000921556
30.08 0.000918967
30.09 0.00091544
30.1 0.000910977
30.11 0.000905581
30.12 0.000899257
30.13 0.000892007
30.14 0.000883839
30.15 0.00087476
30.16 0.000864776
30.17 0.000853897
30.18 0.000842133
30.19 0.000829495
30.2 0.000815994
30.21 0.000801645
30.22 0.00078646
30.23 0.000770455
30.24 0.000753645
30.25 0.000736047
30.26 0.00071768
30.27 0.00069856
30.28 0.000678707
30.29 0.00065814
30.3 0.000636881
30.31 0.000614951
30.32 0.000592371
30.33 0.000569164
30.34 0.000545353
30.35 0.000520962
30.36 0.000496016
30.37 0.000470539
30.38 0.000444558
30.39 0.000418097
30.4 0.000391185
30.41 0.000363848
30.42 0.000336115
30.43 0.000308014
30.44 0.000279574
30.45 0.000250824
30.46 0.000221793
30.47 0.000192512
30.48 0.000163009
30.49 0.000133316
30.5 0.000103463
30.51 7.34798e-05
30.52 4.33987e-05
30.53 1.3251e-05
30.54 -1.69313e-05
30.55 -4.71159e-05
30.56 -7.72701e-05
30.57 -0.000107361
30.58 -0.000137357
30.59 -0.000167223
30.6 -0.000196928
30.61 -0.00022644
30.62 -0.000255726
30.63 -0.000284755
30.64 -0.000313495
30.65 -0.000341917
30.66 -0.00036999
30.67 -0.000397685
30.68 -0.000424973
30.69 -0.000451825
30.7 -0.000478215
30.71 -0.000504114
30.72 -0.000529496
30.73 -0.000554335
30.74 -0.000578606
30.75 -0.000602283
30.76 -0.000625342
30.77 -0.000647759
30.78 -0.000669513
30.79 -0.00069058
30.8 -0.00071094
30.81 -0.000730571
30.82 -0.000749454
30.83 -0.00076757
30.84 -0.000784899
30.85 -0.000801425
30.86 -0.00081713
30.87 -0.000831998
30.88 -0.000846014
30.89 -0.000859164
30.9 -0.000871433
30.91 -0.00088281
30.92 -0.000893284
30.93 -0.000902844
30.94 -0.000911481
30.95 -0.000919187
30.96 -0.000925956
30.97 -0.000931781
30.98 -0.00093666
30.99 -0.000940586
31 -0.00094356
31.01 -0.000945578
31.02 -0.00094664
31.03 -0.000946747
31.04 -0.0009459
31.05 -0.0009441
31.06 -0.00094135
31.07 -0.000937654
31.08 -0.000933016
31.09 -0.000927441
31.1 -0.000920934
31.11 -0.000913503
31.12 -0.000905154
31.13 -0.000895896
31.14 -0.00088574
31.15 -0.000874695
31.16 -0.000862774
31.17 -0.00084999
31.18 -0.000836358
31.19 -0.000821892
31.2 -0.00080661
31.21 -0.000790527
31.22 -0.000773663
31.23 -0.000756036
31.24 -0.000737666
31.25 -0.000718572
31.26 -0.000698775
31.27 -0.000678297
31.28 -0.00065716
31.29 -0.000635383
31.3 -0.000612991
31.31 -0.000590006
31.32 -0.000566451
31.33 -0.000542349
31.34 -0.000517725
31.35 -0.000492602
31.36 -0.000467005
31.37 -0.000440959
31.38 -0.000414491
31.39 -0.000387625
31.4 -0.00036039
31.41 -0.000332811
31.42 -0.000304916
31.43 -0.000276733
31.44 -0.00024829
31.45 -0.000219616
31.46 -0.000190738
31.47 -0.000161687
31.48 -0.000132491
31.49 -0.000103179
31.5 -7.37813e-05
31.51 -4.43264e-05
31.52 -1.48441e-05
31.53 1.46362e-05
31.54 4.40854e-05
31.55 7.34744e-05
31.56 0.000102774
31.57 0.000131956
31.58 0.000160992
31.59 0.000189853
31.6 0.00021851
31.61 0.000246937
31.62 0.000275105
31.63 0.000302987
31.64 0.000330556
31.65 0.000357784
31.66 0.000384644
31.67 0.000411112
31.68 0.000437159
31.69 0.000462761
31.7 0.000487892
31.71 0.000512526
31.72 0.00053664
31.73 0.00056021
31.74 0.000583212
31.75 0.000605623
31.76 0.000627423
31.77 0.000648589
31.78 0.000669102
31.79 0.000688942
31.8 0.000708091
31.81 0.00072653
31.82 0.000744245
31.83 0.000761217
31.84 0.000777434
31.85 0.000792879
31.86 0.00080754
31.87 0.000821404
31.88 0.000834458
31.89 0.000846691
31.9 0.000858093
31.91 0.000868652
31.92 0.00087836
31.93 0.000887207
31.94 0.000895185
31.95 0.000902286
31.96 0.000908505
31.97 0.000913834
31.98 0.000918267
31.99 0.000921801
32 0.00092443
32.01 0.000926153
32.02 0.000926965
32.03 0.000926868
32.04 0.000925859
32.05 0.000923941
32.06 0.000921114
32.07 0.000917383
32.08 0.000912751
32.09 0.000907223
32.1 0.000900805
32.11 0.000893504
32.12 0.000885328
32.13 0.000876284
32.14 0.000866383
32.15 0.000855634
32.16 0.000844047
32.17 0.000831635
32.18 0.000818408
32.19 0.00080438
32.2 0.000789566
32.21 0.000773979
32.22 0.000757635
32.23 0.00074055
32.24 0.000722742
32.25 0.000704227
32.26 0.000685026
32.27 0.000665156
32.28 0.000644637
32.29 0.000623489
32.3 0.000601733
32.31 0.000579391
32.32 0.000556483
32.33 0.000533033
32.34 0.000509064
32.35 0.000484599
32.36 0.000459662
32.37 0.000434279
32.38 0.000408474
32.39 0.000382274
32.4 0.000355704
32.41 0.00032879
32.42 0.00030156
32.43 0.00027404
32.44 0.000246256
32.45 0.000218236
32.46 0.000190007
32.47 0.000161597
32.48 0.000133032
32.49 0.000104341
32.5 7.55513e-05
32.51 4.66911e-05
32.52 1.77887e-05
32.53 -1.11274e-05
32.54 -4.00281e-05
32.55 -6.88847e-05
32.56 -9.76679e-05
32.57 -0.000126349
32.58 -0.000154898
32.59 -0.000183286
32.6 -0.000211483
32.61 -0.000239461
32.62 -0.00026719
32.63 -0.000294641
32.64 -0.000321785
32.65 -0.000348594
32.66 -0.000375039
32.67 -0.000401092
32.68 -0.000426725
32.69 -0.000451912
32.7 -0.000476626
32.71 -0.000500841
32.72 -0.000524532
32.73 -0.000547674
32.74 -0.000570244
32.75 -0.00059222
32.76 -0.000613582
32.77 -0.000634307
32.78 -0.000654378
32.79 -0.000673777
32.8 -0.000692485
32.81 -0.000710487
32.82 -0.000727765
32.83 -0.000744305
32.84 -0.000760091
32.85 -0.000775108
32.86 -0.000789343
32.87 -0.000802781
32.88 -0.000815409
32.89 -0.000827215
32.9 -0.000838187
32.91 -0.000848315
32.92 -0.000857588
32.93 -0.000865998
32.94 -0.000873537
32.95 -0.000880199
32.96 -0.000885976
32.97 -0.000890865
32.98 -0.00089486
32.99 -0.000897959
33 -0.000900159
33.01 -0.000901457
33.02 -0.000901854
33.03 -0.000901348
33.04 -0.000899942
33.05 -0.000897636
33.06 -0.000894432
33.07 -0.000890335
33.08 -0.000885349
33.09 -0.000879479
33.1 -0.000872731
33.11 -0.000865112
33.12 -0.00085663
33.13 -0.000847294
33.14 -0.000837112
33.15 -0.000826095
33.16 -0.000814254
33.17 -0.000801601
33.18 -0.000788148
33.19 -0.000773908
33.2 -0.000758895
33.21 -0.000743125
33.22 -0.000726613
33.23 -0.000709376
33.24 -0.000691432
33.25 -0.000672799
33.26 -0.000653496
33.27 -0.000633544
33.28 -0.000612964
33.29 -0.000591777
33.3 -0.000570005
33.31 -0.00054767
33.32 -0.000524796
33.33 -0.000501406
33.34 -0.000477523
33.35 -0.000453172
33.36 -0.000428377
33.37 -0.000403161
33.38 -0.000377552
33.39 -0.000351572
33.4 -0.000325249
33.41 -0.000298607
33.42 -0.000271674
33.43 -0.000244474
33.44 -0.000217036
33.45 -0.000189386
33.46 -0.000161551
33.47 -0.000133558
33.48 -0.000105436
33.49 -7.72113e-05
33.5 -4.89128e-05
33.51 -2.0568e-05
33.52 7.79507e-06
33.53 3.61485e-05
33.54 6.44644e-05
33.55 9.27146e-05
33.56 0.000120871
33.57 0.000148906
33.58 0.000176792
33.59 0.0002045
33.6 0.000232003
33.61 0.000259272
33.62 0.000286282
33.63 0.000313003
33.64 0.00033941
33.65 0.000365475
33.66 0.000391173
33.67 0.000416477
33.68 0.000441362
33.69 0.000465804
33.7 0.000489777
33.71 0.000513258
33.72 0.000536224
33.73 0.00055865
33.74 0.000580516
33.75 0.0006018
33.76 0.00062248
33.77 0.000642536
33.78 0.000661949
33.79 0.0006807
33.8 0.000698771
33.81 0.000716145
33.82 0.000732805
33.83 0.000748736
33.84 0.000763922
33.85 0.000778349
33.86 0.000792004
33.87 0.000804873
33.88 0.000816946
33.89 0.00082821
33.9 0.000838654
33.91 0.00084827
33.92 0.000857049
33.93 0.000864981
33.94 0.00087206
33.95 0.000878279
33.96 0.000883632
33.97 0.000888114
33.98 0.000891721
33.99 0.000894449
34 0.000896296
34.01 0.000897259
34.02 0.000897337
34.03 0.000896531
34.04 0.00089484
34.05 0.000892266
34.06 0.00088881
34.07 0.000884477
34.08 0.000879269
34.09 0.000873191
34.1 0.000866249
34.11 0.000858449
34.12 0.000849799
34.13 0.000840308
34.14 0.000829985
34.15 0.000818841
34.16 0.000806888
34.17 0.000794139
34.18 0.000780607
34.19 0.000766307
34.2 0.000751255
34.21 0.000735466
34.22 0.000718957
34.23 0.000701745
34.24 0.000683849
34.25 0.000665287
34.26 0.000646077
34.27 0.00062624
34.28 0.000605794
34.29 0.00058476
34.3 0.000563158
34.31 0.000541009
34.32 0.000518334
34.33 0.000495155
34.34 0.000471495
34.35 0.000447374
34.36 0.000422818
34.37 0.000397848
34.38 0.00037249
34.39 0.000346768
34.4 0.000320706
34.41 0.000294331
34.42 0.000267668
34.43 0.000240742
34.44 0.000213582
34.45 0.000186212
34.46 0.000158662
34.47 0.000130957
34.48 0.000103126
34.49 7.51962e-05
34.5 4.71966e-05
34.51 1.91549e-05
34.52 -8.90062e-06
34.53 -3.69417e-05
34.54 -6.49404e-05
34.55 -9.28687e-05
34.56 -0.000120699
34.57 -0.000148404
34.58 -0.000175956
34.59 -0.000203328
34.6 -0.000230492
34.61 -0.000257423
34.62 -0.000284095
34.63 -0.000310479
34.64 -0.000336551
34.65 -0.000362286
34.66 -0.000387657
34.67 -0.00041264
34.68 -0.000437211
34.69 -0.000461345
34.7 -0.000485019
34.71 -0.000508211
34.72 -0.000530897
34.73 -0.000553056
34.74 -0.000574667
34.75 -0.000595709
34.76 -0.000616163
34.77 -0.000636008
34.78 -0.000655225
34.79 -0.000673796
34.8 -0.000691704
34.81 -0.000708931
34.82 -0.000725461
34.83 -0.000741277
34.84 -0.000756364
34.85 -0.000770709
34.86 -0.000784296
34.87 -0.000797113
34.88 -0.000809148
34.89 -0.000820389
34.9 -0.000830826
34.91 -0.000840448
34.92 -0.000849247
34.93 -0.000857215
34.94 -0.000864345
34.95 -0.000870629
34.96 -0.000876063
34.97 -0.000880641
34.98 -0.000884359
34.99 -0.000887215
35 -0.000889205
35.01 -0.000890327
35.02 -0.000890582
35.03 -0.000889969
35.04 -0.000888489
35.05 -0.000886144
35.06 -0.000882936
35.07 -0.000878868
35.08 -0.000873945
35.09 -0.000868171
35.1 -0.000861552
35.11 -0.000854095
35.12 -0.000845805
35.13 -0.000836692
35.14 -0.000826764
35.15 -0.00081603
35.16 -0.000804501
35.17 -0.000792187
35.18 -0.000779101
35.19 -0.000765255
35.2 -0.000750662
35.21 -0.000735337
35.22 -0.000719294
35.23 -0.000702549
35.24 -0.000685118
35.25 -0.000667017
35.26 -0.000648265
35.27 -0.000628879
35.28 -0.000608877
35.29 -0.00058828
35.3 -0.000567107
35.31 -0.000545377
35.32 -0.000523113
35.33 -0.000500335
35.34 -0.000477066
35.35 -0.000453329
35.36 -0.000429145
35.37 -0.00040454
35.38 -0.000379536
35.39 -0.000354158
35.4 -0.00032843
35.41 -0.000302378
35.42 -0.000276026
35.43 -0.000249399
35.44 -0.000222523
35.45 -0.000195424
35.46 -0.000168126
35.47 -0.000140657
35.48 -0.000113042
35.49 -8.53074e-05
35.5 -5.74807e-05
35.51 -2.95882e-05
35.52 -1.65694e-06
35.53 2.62858e-05
35.54 5.42128e-05
35.55 8.20965e-05
35.56 0.00010991
35.57 0.000137625
35.58 0.000165214
35.59 0.00019265
35.6 0.000219906
35.61 0.000246954
35.62 0.000273767
35.63 0.000300318
35.64 0.000326581
35.65 0.000352529
35.66 0.000378136
35.67 0.000403376
35.68 0.000428224
35.69 0.000452654
35.7 0.000476642
35.71 0.000500163
35.72 0.000523195
35.73 0.000545713
35.74 0.000567696
35.75 0.000589122
35.76 0.000609969
35.77 0.000630218
35.78 0.000649848
35.79 0.00066884
35.8 0.000687176
35.81 0.000704838
35.82 0.000721808
35.83 0.00073807
35.84 0.000753608
35.85 0.000768405
35.86 0.000782447
35.87 0.000795719
35.88 0.000808209
35.89 0.000819902
35.9 0.000830788
35.91 0.000840853
35.92 0.000850088
35.93 0.000858483
35.94 0.000866029
35.95 0.000872717
35.96 0.000878541
35.97 0.000883493
35.98 0.000887567
35.99 0.00089076
36 0.000893067
36.01 0.000894485
36.02 0.000895013
36.03 0.000894648
36.04 0.000893391
36.05 0.000891242
36.06 0.000888204
36.07 0.000884278
36.08 0.000879468
36.09 0.000873779
36.1 0.000867215
36.11 0.000859782
36.12 0.000851488
36.13 0.00084234
36.14 0.000832346
36.15 0.000821516
36.16 0.00080986
36.17 0.00079739
36.18 0.000784117
36.19 0.000770053
36.2 0.000755214
36.21 0.000739613
36.22 0.000723266
36.23 0.000706189
36.24 0.000688398
36.25 0.000669913
36.26 0.000650749
36.27 0.000630928
36.28 0.000610468
36.29 0.00058939
36.3 0.000567714
36.31 0.000545463
36.32 0.000522658
36.33 0.000499322
36.34 0.000475478
36.35 0.000451151
36.36 0.000426363
36.37 0.000401141
36.38 0.00037551
36.39 0.000349495
36.4 0.000323122
36.41 0.000296418
36.42 0.000269409
36.43 0.000242124
36.44 0.000214589
36.45 0.000186833
36.46 0.000158882
36.47 0.000130766
36.48 0.000102512
36.49 7.41494e-05
36.5 4.5707e-05
36.51 1.72139e-05
36.52 -1.13008e-05
36.53 -3.98075e-05
36.54 -6.82768e-05
36.55 -9.66793e-05
36.56 -0.000124985
36.57 -0.000153166
36.58 -0.000181192
36.59 -0.000209034
36.6 -0.000236664
36.61 -0.000264055
36.62 -0.000291177
36.63 -0.000318003
36.64 -0.000344507
36.65 -0.000370662
36.66 -0.000396442
36.67 -0.00042182
36.68 -0.000446772
36.69 -0.000471271
36.7 -0.000495293
36.71 -0.000518813
36.72 -0.000541807
36.73 -0.000564252
36.74 -0.000586125
36.75 -0.000607403
36.76 -0.000628066
36.77 -0.000648091
36.78 -0.00066746
36.79 -0.000686153
36.8 -0.000704151
36.81 -0.000721437
36.82 -0.000737993
36.83 -0.000753804
36.84 -0.000768854
36.85 -0.000783129
36.86 -0.000796613
36.87 -0.000809295
36.88 -0.000821161
36.89 -0.0008322
36.9 -0.000842401
36.91 -0.000851754
36.92 -0.000860249
36.93 -0.000867879
36.94 -0.000874636
36.95 -0.000880514
36.96 -0.000885507
36.97 -0.000889611
36.98 -0.000892821
36.99 -0.000895136
37 -0.000896553
37.01 -0.000897071
37.02 -0.000896691
37.03 -0.000895412
37.04 -0.000893237
37.05 -0.000890167
37.06 -0.000886207
37.07 -0.000881359
37.08 -0.000875629
37.09 -0.000869023
37.1 -0.000861547
37.11 -0.00085321
37.12 -0.000844019
37.13 -0.000833985
37.14 -0.000823118
37.15 -0.000811429
37.16 -0.000798931
37.17 -0.000785637
37.18 -0.000771561
37.19 -0.000756718
37.2 -0.000741123
37.21 -0.000724791
37.22 -0.000707741
37.23 -0.000689989
37.24 -0.000671553
37.25 -0.000652452
37.26 -0.000632705
37.27 -0.000612332
37.28 -0.000591354
37.29 -0.000569791
37.3 -0.000547666
37.31 -0.000525
37.32 -0.000501815
37.33 -0.000478136
37.34 -0.000453985
37.35 -0.000429387
37.36 -0.000404366
37.37 -0.000378947
37.38 -0.000353154
37.39 -0.000327014
37.4 -0.000300552
37.41 -0.000273794
37.42 -0.000246767
37.43 -0.000219497
37.44 -0.00019201
37.45 -0.000164335
37.46 -0.000136498
37.47 -0.000108527
37.48 -8.04491e-05
37.49 -5.22928e-05
37.5 -2.40859e-05
37.51 4.14335e-06
37.52 3.23666e-05
37.53 6.05556e-05
37.54 8.86818e-05
37.55 0.000116717
37.56 0.000144633
37.57 0.000172401
37.58 0.000199994
37.59 0.000227384
37.6 0.000254544
37.61 0.000281446
37.62 0.000308063
37.63 0.000334369
37.64 0.000360338
37.65 0.000385945
37.66 0.000411162
37.67 0.000435966
37.68 0.000460333
37.69 0.000484237
37.7 0.000507655
37.71 0.000530564
37.72 0.000552941
37.73 0.000574765
37.74 0.000596014
37.75 0.000616666
37.76 0.000636703
37.77 0.000656103
37.78 0.000674849
37.79 0.000692921
37.8 0.000710303
37.81 0.000726978
37.82 0.000742928
37.83 0.00075814
37.84 0.000772598
37.85 0.000786287
37.86 0.000799196
37.87 0.000811311
37.88 0.00082262
37.89 0.000833112
37.9 0.000842777
37.91 0.000851606
37.92 0.000859588
37.93 0.000866717
37.94 0.000872985
37.95 0.000878386
37.96 0.000882914
37.97 0.000886564
37.98 0.000889334
37.99 0.000891219
38 0.000892218
38.01 0.000892329
38.02 0.000891553
38.03 0.00088989
38.04 0.000887342
38.05 0.000883911
38.06 0.0008796
38.07 0.000874414
38.08 0.000868357
38.09 0.000861436
38.1 0.000853658
38.11 0.000845031
38.12 0.000835562
38.13 0.000825261
38.14 0.00081414
38.15 0.000802208
38.16 0.000789478
38.17 0.000775962
38.18 0.000761674
38.19 0.000746628
38.2 0.000730839
38.21 0.000714322
38.22 0.000697094
38.23 0.000679171
38.24 0.000660571
38.25 0.000641313
38.26 0.000621415
38.27 0.000600897
38.28 0.000579778
38.29 0.00055808
38.3 0.000535824
38.31 0.000513031
38.32 0.000489724
38.33 0.000465926
38.34 0.000441661
38.35 0.000416951
38.36 0.000391823
38.37 0.0003663
38.38 0.000340409
38.39 0.000314173
38.4 0.000287621
38.41 0.000260777
38.42 0.000233669
38.43 0.000206322
38.44 0.000178765
38.45 0.000151025
38.46 0.000123128
38.47 9.51036e-05
38.48 6.69784e-05
38.49 3.87808e-05
38.5 1.05389e-05
38.51 -1.7719e-05
38.52 -4.59644e-05
38.53 -7.41691e-05
38.54 -0.000102305
38.55 -0.000130343
38.56 -0.000158255
38.57 -0.000186013
38.58 -0.000213589
38.59 -0.000240955
38.6 -0.000268083
38.61 -0.000294946
38.62 -0.000321517
38.63 -0.000347769
38.64 -0.000373675
38.65 -0.000399209
38.66 -0.000424346
38.67 -0.00044906
38.68 -0.000473326
38.69 -0.00049712
38.7 -0.000520419
38.71 -0.000543199
38.72 -0.000565436
38.73 -0.00058711
38.74 -0.000608198
38.75 -0.000628679
38.76 -0.000648532
38.77 -0.000667739
38.78 -0.000686279
38.79 -0.000704134
38.8 -0.000721286
38.81 -0.000737719
38.82 -0.000753415
38.83 -0.000768358
38.84 -0.000782535
38.85 -0.000795929
38.86 -0.000808529
38.87 -0.000820321
38.88 -0.000831293
38.89 -0.000841435
38.9 -0.000850735
38.91 -0.000859184
38.92 -0.000866775
38.93 -0.000873499
38.94 -0.00087935
38.95 -0.000884321
38.96 -0.000888408
38.97 -0.000891606
38.98 -0.000893913
38.99 -0.000895326
39 -0.000895844
39.01 -0.000895466
39.02 -0.000894192
39.03 -0.000892024
39.04 -0.000888964
39.05 -0.000885015
39.06 -0.00088018
39.07 -0.000874465
39.08 -0.000867876
39.09 -0.000860418
39.1 -0.0008521
39.11 -0.000842929
39.12 -0.000832916
39.13 -0.00082207
39.14 -0.000810403
39.15 -0.000797926
39.16 -0.000784652
39.17 -0.000770595
39.18 -0.000755769
39.19 -0.00074019
39.2 -0.000723872
39.21 -0.000706832
39.22 -0.000689088
39.23 -0.000670658
39.24 -0.00065156
39.25 -0.000631814
39.26 -0.000611438
39.27 -0.000590455
39.28 -0.000568884
39.29 -0.000546748
39.3 -0.000524069
39.31 -0.000500869
39.32 -0.000477172
39.33 -0.000453001
39.34 -0.000428381
39.35 -0.000403336
39.36 -0.000377891
39.37 -0.000352072
39.38 -0.000325904
39.39 -0.000299414
39.4 -0.000272628
39.41 -0.000245573
39.42 -0.000218276
39.43 -0.000190763
39.44 -0.000163062
39.45 -0.000135202
39.46 -0.000107208
39.47 -7.91105e-05
39.48 -5.09357e-05
39.49 -2.27121e-05
39.5 5.53215e-06
39.51 3.3769e-05
39.52 6.19703e-05
39.53 9.01079e-05
39.54 0.000118154
39.55 0.00014608
39.56 0.000173859
39.57 0.000201462
39.58 0.000228863
39.59 0.000256034
39.6 0.000282947
39.61 0.000309577
39.62 0.000335896
39.63 0.000361879
39.64 0.0003875
39.65 0.000412733
39.66 0.000437553
39.67 0.000461936
39.68 0.000485858
39.69 0.000509294
39.7 0.000532222
39.71 0.000554619
39.72 0.000576463
39.73 0.000597732
39.74 0.000618404
39.75 0.000638461
39.76 0.000657881
39.77 0.000676645
39.78 0.000694736
39.79 0.000712135
39.8 0.000728824
39.81 0.000744788
39.82 0.00076001
39.83 0.000774476
39.84 0.000788172
39.85 0.000801083
39.86 0.000813197
39.87 0.000824502
39.88 0.000834987
39.89 0.000844642
39.9 0.000853456
39.91 0.000861421
39.92 0.00086853
39.93 0.000874775
39.94 0.00088015
39.95 0.000884649
39.96 0.000888269
39.97 0.000891005
39.98 0.000892855
39.99 0.000893817
40 0.00089389
