0.01 0
0.02 -13.8708
0.03 -13.8708
0.04 -13.8706
0.05 -13.8706
0.06 -13.8705
0.07 -13.8697
0.08 -13.8677
0.09 -13.8642
0.1 -13.8591
0.11 -13.8523
0.12 -13.8434
0.13 -13.8327
0.14 -13.8204
0.15 -13.8066
0.16 -13.7916
0.17 -13.7755
0.18 -13.7584
0.19 -13.7403
0.2 -13.7214
0.21 -13.7015
0.22 -13.6805
0.23 -13.6584
0.24 -13.6349
0.25 -13.61
0.26 -13.5834
0.27 -13.555
0.28 -13.5243
0.29 -13.4912
0.3 -13.4553
0.31 -13.4164
0.32 -13.3739
0.33 -13.3278
0.34 -13.2776
0.35 -13.2232
0.36 -13.1643
0.37 -13.1008
0.38 -13.0327
0.39 -12.9599
0.4 -12.8826
0.41 -12.8008
0.42 -12.7147
0.43 -12.6246
0.44 -12.5306
0.45 -12.433
0.46 -12.332
0.47 -12.2278
0.48 -12.1206
0.49 -12.0104
0.5 -11.8976
0.51 -11.7821
0.52 -11.664
0.53 -11.5434
0.54 -11.4204
0.55 -11.2951
0.56 -11.1675
0.57 -11.0376
0.58 -10.9054
0.59 -10.771
0.6 -10.6343
0.61 -10.4954
0.62 -10.3543
0.63 -10.2112
0.64 -10.0664
0.65 -9.92014
0.66 -9.77288
0.67 -9.62511
0.68 -9.47743
0.69 -9.3305
0.7 -9.18489
0.71 -9.04109
0.72 -8.89945
0.73 -8.76022
0.74 -8.62351
0.75 -8.48919
0.76 -8.35691
0.77 -8.22621
0.78 -8.09668
0.79 -7.96794
0.8 -7.83965
0.81 -7.71159
0.82 -7.58378
0.83 -7.45663
0.84 -7.33088
0.85 -7.20749
0.86 -7.0876
0.87 -6.97262
0.88 6.97062
0.89 7.02011
0.9 7.06405
0.91 7.10169
0.92 7.13237
0.93 7.15548
0.94 7.17054
0.95 7.17742
0.96 7.17537
0.97 7.15822
0.98 7.12674
0.99 7.08234
1 7.02694
1.01 6.96245
1.02 6.89027
1.03 6.81132
1.04 6.72648
1.05 6.63646
1.06 6.54131
1.07 6.44038
1.08 6.33302
1.09 6.21901
1.1 6.09819
1.11 5.97039
1.12 5.83576
1.13 5.69497
1.14 5.54904
1.15 5.39921
1.16 5.24688
1.17 5.09357
1.18 4.94071
1.19 4.78972
1.2 4.64197
1.21 4.49852
1.22 4.35984
1.23 4.22584
1.24 4.09605
1.25 3.96984
1.26 3.84601
1.27 3.72269
1.28 3.59786
1.29 3.46999
1.3 3.33781
1.31 3.19982
1.32 3.05447
1.33 2.90101
1.34 2.7393
1.35 2.56903
1.36 2.38986
1.37 2.20206
1.38 2.0064
1.39 1.80393
1.4 1.59594
1.41 1.38402
1.42 1.17006
1.43 0.956144
1.44 0.7442
1.45 0.535896
1.46 0.332634
1.47 0.135619
1.48 -0.0542073
1.49 -0.236274
1.5 -0.409982
1.51 -0.574272
1.52 -0.727942
1.53 -0.869992
1.54 -0.999142
1.55 -1.11344
1.56 -1.21101
1.57 -1.2909
1.58 -1.35269
1.59 -1.39596
1.6 -1.42061
1.61 -1.42762
1.62 -1.41898
1.63 -1.39653
1.64 -1.36174
1.65 -1.31619
1.66 -1.26198
1.67 -1.20097
1.68 -1.1342
1.69 -1.06241
1.7 -0.986593
1.71 -0.907649
1.72 -0.826041
1.73 -0.741914
1.74 -0.655209
1.75 -0.565587
1.76 -0.472594
1.77 -0.375707
1.78 -0.274167
1.79 -0.167028
1.8 -0.053592
1.81 0.0662796
1.82 0.192443
1.83 0.324887
1.84 0.463455
1.85 0.607404
1.86 0.755664
1.87 0.907383
1.88 1.06187
1.89 1.21809
1.9 1.3744
1.91 1.52886
1.92 1.67956
1.93 1.82427
1.94 1.96009
1.95 2.08411
1.96 2.19405
1.97 2.28828
1.98 2.36557
1.99 2.42548
2 2.4687
2.01 2.49657
2.02 2.51073
2.03 2.51328
2.04 2.50642
2.05 2.49245
2.06 2.47402
2.07 2.45402
2.08 2.43542
2.09 2.4214
2.1 2.41535
2.11 2.42043
2.12 2.43894
2.13 2.47194
2.14 2.51907
2.15 2.57854
2.16 2.64696
2.17 2.71941
2.18 2.79006
2.19 2.85296
2.2 2.90261
2.21 2.93419
2.22 2.94387
2.23 2.92893
2.24 2.88795
2.25 2.82083
2.26 2.72853
2.27 2.6125
2.28 2.47468
2.29 2.31801
2.3 2.14618
2.31 1.96285
2.32 1.77129
2.33 1.57486
2.34 1.37703
2.35 1.18099
2.36 0.989142
2.37 0.803306
2.38 0.6254
2.39 0.457572
2.4 0.301775
2.41 0.15971
2.42 0.0331047
2.43 -0.076121
2.44 -0.165902
2.45 -0.234277
2.46 -0.279649
2.47 -0.300632
2.48 -0.295775
2.49 -0.263542
2.5 -0.202605
2.51 -0.112206
2.52 0.00779904
2.53 0.157087
2.54 0.334634
2.55 0.538171
2.56 0.763878
2.57 1.00664
2.58 1.26066
2.59 1.51997
2.6 1.77846
2.61 2.03006
2.62 2.26988
2.63 2.49512
2.64 2.7048
2.65 2.89927
2.66 3.08019
2.67 3.25074
2.68 3.4152
2.69 3.57812
2.7 3.74359
2.71 3.9152
2.72 4.09611
2.73 4.28889
2.74 4.49515
2.75 4.71555
2.76 4.95019
2.77 5.19892
2.78 5.46146
2.79 5.73736
2.8 6.02602
2.81 6.32689
2.82 6.63955
2.83 6.96371
2.84 7.23812
2.85 7.41071
2.86 7.58774
2.87 7.76856
2.88 7.95241
2.89 8.13831
2.9 8.32509
2.91 8.51152
2.92 8.69644
2.93 8.87862
2.94 9.05673
2.95 9.22956
2.96 9.39608
2.97 9.55539
2.98 9.70669
2.99 9.84946
3 9.98335
3.01 10.1081
3.02 10.2234
3.03 10.3293
3.04 10.4103
3.05 10.4389
3.06 10.4639
3.07 10.4851
3.08 10.5023
3.09 10.5153
3.1 10.5239
3.11 10.5283
3.12 10.5286
3.13 10.5082
3.14 10.4694
3.15 10.4163
3.16 10.3536
3.17 10.2859
3.18 10.2177
3.19 10.152
3.2 10.091
3.21 10.0353
3.22 9.98497
3.23 9.93885
3.24 9.89479
3.25 9.85059
3.26 9.80461
3.27 9.75546
3.28 9.70171
3.29 9.6427
3.3 9.5789
3.31 9.511
3.32 9.43933
3.33 9.36429
3.34 9.28657
3.35 9.20669
3.36 9.12466
3.37 9.04024
3.38 8.9534
3.39 8.8642
3.4 8.77251
3.41 8.67813
3.42 8.58088
3.43 8.48063
3.44 8.37724
3.45 8.27083
3.46 8.16208
3.47 8.05223
3.48 7.94318
3.49 7.8378
3.5 7.73978
3.51 7.65301
3.52 7.58131
3.53 7.52804
3.54 7.49553
3.55 7.48474
3.56 7.4951
3.57 7.52442
3.58 7.56917
3.59 7.62502
3.6 7.68742
3.61 7.75238
3.62 7.81686
3.63 7.87898
3.64 7.93841
3.65 7.99662
3.66 8.05645
3.67 8.12111
3.68 8.19374
3.69 8.27751
3.7 8.37539
3.71 8.48926
3.72 8.61963
3.73 8.76633
3.74 8.92905
3.75 9.1072
3.76 9.29982
3.77 9.50602
3.78 9.72529
3.79 9.95736
3.8 10.2022
3.81 10.4598
3.82 10.5621
3.83 10.609
3.84 10.6576
3.85 10.7077
3.86 10.7591
3.87 10.8114
3.88 10.8645
3.89 10.9181
3.9 10.9723
3.91 11.0271
3.92 11.0825
3.93 11.1387
3.94 11.1957
3.95 11.2538
3.96 11.3128
3.97 11.3725
3.98 11.4325
3.99 11.4924
4 11.5514
4.01 11.6089
4.02 11.6641
4.03 11.7162
4.04 11.7647
4.05 11.8092
4.06 11.8492
4.07 11.8845
4.08 11.9149
4.09 11.9404
4.1 11.9607
4.11 11.976
4.12 11.9859
4.13 11.9903
4.14 11.9835
4.15 11.9422
4.16 11.8655
4.17 11.7524
4.18 11.6022
4.19 11.415
4.2 11.1914
4.21 10.9325
4.22 10.6405
4.23 10.3189
4.24 9.97285
4.25 9.60814
4.26 9.23133
4.27 8.84943
4.28 8.46947
4.29 8.0979
4.3 7.74012
4.31 7.40012
4.32 7.08067
4.33 6.78347
4.34 6.50939
4.35 6.25886
4.36 6.03222
4.37 5.83
4.38 5.65315
4.39 5.50312
4.4 5.38176
4.41 5.29086
4.42 5.23165
4.43 5.20454
4.44 5.20898
4.45 5.24324
4.46 5.30414
4.47 5.38701
4.48 5.48623
4.49 5.59616
4.5 5.71152
4.51 5.82727
4.52 5.93875
4.53 6.04265
4.54 6.13695
4.55 6.22014
4.56 6.29047
4.57 6.34606
4.58 6.3851
4.59 6.40568
4.6 6.40537
4.61 6.38168
4.62 6.33277
4.63 6.25781
4.64 6.157
4.65 6.03155
4.66 5.88355
4.67 5.71552
4.68 5.52999
4.69 5.32919
4.7 5.11475
4.71 4.88745
4.72 4.64713
4.73 4.39316
4.74 4.12495
4.75 3.84222
4.76 3.54505
4.77 3.23376
4.78 2.90916
4.79 2.57275
4.8 2.22649
4.81 1.87228
4.82 1.51165
4.83 1.14612
4.84 0.777598
4.85 0.408343
4.86 0.0404427
4.87 -0.324409
4.88 -0.684617
4.89 -1.0383
4.9 -1.38356
4.91 -1.7195
4.92 -1.96342
4.93 -2.12345
4.94 -2.28
4.95 -2.43312
4.96 -2.58355
4.97 -2.73199
4.98 -2.87772
4.99 -3.01917
5 -3.15499
5.01 -3.28384
5.02 -3.40389
5.03 -3.51308
5.04 -3.60984
5.05 -3.69327
5.06 -3.76305
5.07 -3.81918
5.08 -3.86182
5.09 -3.89123
5.1 -3.90789
5.11 -3.91228
5.12 -3.8968
5.13 -3.85656
5.14 -3.79081
5.15 -3.69911
5.16 -3.58141
5.17 -3.43809
5.18 -3.27014
5.19 -3.07945
5.2 -2.86911
5.21 -2.64302
5.22 -2.40537
5.23 -2.16007
5.24 -1.91063
5.25 -1.66001
5.26 -1.41034
5.27 -1.16267
5.28 -0.916915
5.29 -0.67219
5.3 -0.427169
5.31 -0.180306
5.32 0.0700433
5.33 0.325515
5.34 0.587596
5.35 0.857434
5.36 1.1356
5.37 1.42204
5.38 1.71626
5.39 2.0174
5.4 2.32401
5.41 2.6338
5.42 2.94367
5.43 3.25018
5.44 3.54984
5.45 3.83907
5.46 4.11388
5.47 4.37001
5.48 4.60356
5.49 4.81142
5.5 4.99093
5.51 5.13914
5.52 5.25262
5.53 5.3283
5.54 5.36485
5.55 5.36311
5.56 5.31849
5.57 5.23227
5.58 5.10418
5.59 4.93972
5.6 4.73906
5.61 4.50459
5.62 4.24039
5.63 3.95053
5.64 3.63764
5.65 3.30286
5.66 2.94671
5.67 2.56952
5.68 2.17089
5.69 1.74924
5.7 1.30232
5.71 0.828141
5.72 0.325374
5.73 -0.206762
5.74 -0.768845
5.75 -1.36124
5.76 -1.98367
5.77 -2.635
5.78 -3.31378
5.79 -3.96553
5.8 -4.33065
5.81 -4.70788
5.82 -5.09664
5.83 -5.49652
5.84 -5.90735
5.85 -6.32908
5.86 -6.76164
5.87 -7.20483
5.88 -7.65836
5.89 -8.12186
5.9 -8.59494
5.91 -8.90248
5.92 -9.066
5.93 -9.23215
5.94 -9.40079
5.95 -9.57188
5.96 -9.74543
5.97 -9.92148
5.98 -10.1001
5.99 -10.2813
6 -10.4651
6.01 -10.6517
6.02 -10.8407
6.03 -11.0321
6.04 -11.2255
6.05 -11.4204
6.06 -11.6163
6.07 -11.8126
6.08 -12.0084
6.09 -12.203
6.1 -12.3958
6.11 -12.5859
6.12 -12.7726
6.13 -12.9555
6.14 -13.1341
6.15 -13.3082
6.16 -13.4776
6.17 -13.6423
6.18 -13.8024
6.19 -13.958
6.2 -14.1094
6.21 -14.2567
6.22 -14.4
6.23 -14.5393
6.24 -14.6745
6.25 -14.8057
6.26 -14.9326
6.27 -15.0551
6.28 -15.1731
6.29 -15.2863
6.3 -15.3947
6.31 -15.4982
6.32 -15.5968
6.33 -15.6903
6.34 -15.7787
6.35 -15.8618
6.36 -15.9397
6.37 -16.0122
6.38 -16.0792
6.39 -16.1407
6.4 -16.1968
6.41 -16.2475
6.42 -16.2932
6.43 -16.3341
6.44 -16.3708
6.45 -16.4036
6.46 -16.4332
6.47 -16.4601
6.48 -16.4847
6.49 -16.5075
6.5 -16.529
6.51 -16.5494
6.52 -16.5689
6.53 -16.5876
6.54 -16.6056
6.55 -16.6228
6.56 -16.6391
6.57 -16.6544
6.58 -16.6684
6.59 -16.6812
6.6 -16.6927
6.61 -16.7028
6.62 -16.7116
6.63 -16.7193
6.64 -16.7258
6.65 -16.7313
6.66 -16.7358
6.67 -16.7393
6.68 -16.7417
6.69 -16.7429
6.7 -16.7427
6.71 -16.735
6.72 -16.7201
6.73 -16.6988
6.74 -16.6729
6.75 -16.6449
6.76 -16.6177
6.77 -16.5945
6.78 -16.5783
6.79 -16.5719
6.8 -16.5774
6.81 -16.596
6.82 -16.6283
6.83 -16.6739
6.84 -16.7321
6.85 -16.7527
6.86 -16.7661
6.87 -16.7811
6.88 -16.7976
6.89 -16.8155
6.9 -16.8349
6.91 -16.8557
6.92 -16.8782
6.93 -16.9024
6.94 -16.9285
6.95 -16.9566
6.96 -16.987
6.97 -17.0198
6.98 -17.0551
6.99 -17.093
7 -17.1334
7.01 -17.1759
7.02 -17.2204
7.03 -17.2662
7.04 -17.3128
7.05 -17.3596
7.06 -17.406
7.07 -17.4516
7.08 -17.4959
7.09 -17.5387
7.1 -17.5796
7.11 -17.6185
7.12 -17.6551
7.13 -17.6893
7.14 -17.7208
7.15 -17.7493
7.16 -17.7742
7.17 -17.7952
7.18 -17.8121
7.19 -17.8244
7.2 -17.8321
7.21 -17.8349
7.22 -17.8246
7.23 -17.7885
7.24 -17.7287
7.25 -17.6483
7.26 -17.5509
7.27 -17.4404
7.28 -17.3207
7.29 -17.1951
7.3 -17.0669
7.31 -16.9392
7.32 -16.8146
7.33 -16.6952
7.34 -16.5822
7.35 -16.4763
7.36 -16.3779
7.37 -16.2868
7.38 -16.202
7.39 -16.1222
7.4 -16.0456
7.41 -15.9704
7.42 -15.895
7.43 -15.8176
7.44 -15.7363
7.45 -15.6495
7.46 -15.5559
7.47 -15.4543
7.48 -15.3438
7.49 -15.2235
7.5 -15.0925
7.51 -14.9507
7.52 -14.7981
7.53 -14.6347
7.54 -14.4608
7.55 -14.2769
7.56 -14.0837
7.57 -13.8819
7.58 -13.6726
7.59 -13.4563
7.6 -13.2335
7.61 -13.0047
7.62 -12.7706
7.63 -12.5318
7.64 -12.2887
7.65 -12.042
7.66 -11.7929
7.67 -11.5439
7.68 -11.2984
7.69 -11.0598
7.7 -10.8322
7.71 -10.6206
7.72 -10.4312
7.73 -10.27
7.74 -10.1409
7.75 -10.045
7.76 -9.98806
7.77 -9.96953
7.78 -9.98985
7.79 -10.0432
7.8 -10.1287
7.81 -10.2435
7.82 -10.383
7.83 -10.5428
7.84 -10.7196
7.85 -10.9113
7.86 -11.1158
7.87 -11.3313
7.88 -11.5559
7.89 -11.7885
7.9 -12.0285
7.91 -12.2755
7.92 -12.5286
7.93 -12.787
7.94 -13.0503
7.95 -13.3183
7.96 -13.5908
7.97 -13.8673
7.98 -14.1471
7.99 -14.4298
8 -14.7151
8.01 -15.003
8.02 -15.2931
8.03 -15.5854
8.04 -15.8801
8.05 -16.1777
8.06 -16.4787
8.07 -16.7832
8.08 -17.0912
8.09 -17.4026
8.1 -17.7169
8.11 -17.868
8.12 -17.9209
8.13 -17.9737
8.14 -18.0263
8.15 -18.0785
8.16 -18.1301
8.17 -18.1811
8.18 -18.2314
8.19 -18.281
8.2 -18.33
8.21 -18.3785
8.22 -18.4265
8.23 -18.4741
8.24 -18.5214
8.25 -18.5683
8.26 -18.6148
8.27 -18.6609
8.28 -18.7064
8.29 -18.7511
8.3 -18.7947
8.31 -18.8371
8.32 -18.8779
8.33 -18.9169
8.34 -18.9538
8.35 -18.9882
8.36 -19.0198
8.37 -19.0483
8.38 -19.0733
8.39 -19.0944
8.4 -19.1108
8.41 -19.1221
8.42 -19.1276
8.43 -19.1243
8.44 -19.0767
8.45 -18.9834
8.46 -18.8427
8.47 -18.6534
8.48 -18.4152
8.49 -18.1284
8.5 -17.7936
8.51 -17.4176
8.52 -17.0012
8.53 -16.5464
8.54 -16.0565
8.55 -15.5349
8.56 -14.9839
8.57 -14.4051
8.58 -13.8004
8.59 -13.1724
8.6 -12.5241
8.61 -11.859
8.62 -11.1803
8.63 -10.4918
8.64 -9.79747
8.65 -9.1016
8.66 -8.40784
8.67 -7.71905
8.68 -7.03733
8.69 -6.36415
8.7 -5.70044
8.71 -5.15188
8.72 -4.82953
8.73 -4.51128
8.74 -4.19664
8.75 -3.88528
8.76 -3.57693
8.77 -3.2713
8.78 -2.96815
8.79 -2.66746
8.8 -2.36948
8.81 -2.07454
8.82 -1.78282
8.83 -1.4944
8.84 -1.20945
8.85 -0.928214
8.86 -0.65078
8.87 -0.376875
8.88 -0.106075
8.89 0.161987
8.9 0.427652
8.91 0.691356
8.92 0.95358
8.93 1.21463
8.94 1.47444
8.95 1.69615
8.96 1.78148
8.97 1.86584
8.98 1.94893
8.99 2.03039
9 2.10987
9.01 2.18709
9.02 2.26183
9.03 2.33396
9.04 2.40342
9.05 2.47021
9.06 2.53441
9.07 2.59615
9.08 2.65568
9.09 2.71324
9.1 2.7691
9.11 2.82353
9.12 2.87686
9.13 2.9294
9.14 2.9814
9.15 3.03303
9.16 3.08438
9.17 3.1355
9.18 3.18636
9.19 3.23687
9.2 3.28687
9.21 3.33621
9.22 3.38479
9.23 3.43256
9.24 3.47951
9.25 3.52563
9.26 3.57098
9.27 3.61563
9.28 3.65966
9.29 3.70309
9.3 3.74586
9.31 3.78793
9.32 3.82922
9.33 3.86967
9.34 3.90922
9.35 3.94787
9.36 3.98565
9.37 4.02269
9.38 4.05917
9.39 4.09529
9.4 4.13127
9.41 4.1673
9.42 4.20362
9.43 4.2404
9.44 4.27781
9.45 4.31596
9.46 4.35494
9.47 4.39482
9.48 4.43569
9.49 4.4776
9.5 4.52058
9.51 4.56465
9.52 4.60984
9.53 4.65619
9.54 4.70371
9.55 4.75238
9.56 4.80219
9.57 4.85314
9.58 4.90524
9.59 4.95852
9.6 5.013
9.61 5.06873
9.62 5.12579
9.63 5.18428
9.64 5.24429
9.65 5.30588
9.66 5.36912
9.67 5.43406
9.68 5.50076
9.69 5.56925
9.7 5.63952
9.71 5.71155
9.72 5.78525
9.73 5.86055
9.74 5.93728
9.75 6.0152
9.76 6.09401
9.77 6.1734
9.78 6.25308
9.79 6.33273
9.8 6.41201
9.81 6.49065
9.82 6.56844
9.83 6.64522
9.84 6.72081
9.85 6.79506
9.86 6.8678
9.87 6.93892
9.88 7.00824
9.89 7.07558
9.9 7.14072
9.91 7.20344
9.92 7.26354
9.93 7.32087
9.94 7.37527
9.95 7.42665
9.96 7.47499
9.97 7.52037
9.98 7.56296
9.99 7.60295
10 7.64058
10.01 7.67611
10.02 7.70985
10.03 7.74206
10.04 7.77294
10.05 7.80268
10.06 7.83139
10.07 7.85919
10.08 7.88612
10.09 7.91217
10.1 7.93729
10.11 7.96141
10.12 7.98446
10.13 8.00635
10.14 8.027
10.15 8.04633
10.16 8.0643
10.17 8.08091
10.18 8.09619
10.19 8.11016
10.2 8.12285
10.21 8.13426
10.22 8.14437
10.23 8.15313
10.24 8.16039
10.25 8.16596
10.26 8.1696
10.27 8.17106
10.28 8.16529
10.29 8.14349
10.3 8.10456
10.31 8.04797
10.32 7.97379
10.33 7.88269
10.34 7.77599
10.35 7.65551
10.36 7.52351
10.37 7.38248
10.38 7.23495
10.39 7.08338
10.4 6.92993
10.41 6.77645
10.42 6.62443
10.43 6.47509
10.44 6.32927
10.45 6.18741
10.46 6.04968
10.47 5.91616
10.48 5.7868
10.49 5.66136
10.5 5.53949
10.51 5.42086
10.52 5.30528
10.53 5.19263
10.54 5.08274
10.55 4.97536
10.56 4.87037
10.57 4.76765
10.58 4.66697
10.59 4.56788
10.6 4.46985
10.61 4.37239
10.62 4.27505
10.63 4.17737
10.64 4.079
10.65 3.97977
10.66 3.87979
10.67 3.7794
10.68 3.6791
10.69 3.57951
10.7 3.48135
10.71 3.38547
10.72 3.29263
10.73 3.20349
10.74 3.11854
10.75 3.03816
10.76 2.96255
10.77 2.89174
10.78 2.82558
10.79 2.76382
10.8 2.70608
10.81 2.65183
10.82 2.60042
10.83 2.55102
10.84 2.50273
10.85 2.4545
10.86 2.4052
10.87 2.35361
10.88 2.29858
10.89 2.23902
10.9 2.17394
10.91 2.10238
10.92 2.02348
10.93 1.93658
10.94 1.84113
10.95 1.73654
10.96 1.62225
10.97 1.49788
10.98 1.36312
10.99 1.21768
11 1.06128
11.01 0.893775
11.02 0.715217
11.03 0.525794
11.04 0.325798
11.05 0.115741
11.06 -0.103554
11.07 -0.331003
11.08 -0.56533
11.09 -0.805052
11.1 -1.04849
11.11 -1.29384
11.12 -1.53928
11.13 -1.78302
11.14 -2.02335
11.15 -2.25859
11.16 -2.48716
11.17 -2.70756
11.18 -2.91839
11.19 -3.11817
11.2 -3.3054
11.21 -3.47859
11.22 -3.63619
11.23 -3.77655
11.24 -3.89796
11.25 -3.99866
11.26 -4.07691
11.27 -4.13106
11.28 -4.15961
11.29 -4.16128
11.3 -4.13512
11.31 -4.08067
11.32 -3.99797
11.33 -3.88759
11.34 -3.75049
11.35 -3.58805
11.36 -3.40204
11.37 -3.19449
11.38 -2.96742
11.39 -2.72268
11.4 -2.46204
11.41 -2.18715
11.42 -1.89934
11.43 -1.59952
11.44 -1.28823
11.45 -0.965832
11.46 -0.632518
11.47 -0.288239
11.48 0.0672375
11.49 0.434202
11.5 0.812846
11.51 1.20325
11.52 1.60543
11.53 2.01938
11.54 2.445
11.55 2.88196
11.56 3.32984
11.57 3.78823
11.58 4.25674
11.59 4.73499
11.6 5.22254
11.61 5.71896
11.62 6.22393
11.63 6.73719
11.64 7.25847
11.65 7.78743
11.66 8.19651
11.67 8.28707
11.68 8.37876
11.69 8.47155
11.7 8.56539
11.71 8.66024
11.72 8.75608
11.73 8.85287
11.74 8.95057
11.75 9.04911
11.76 9.14841
11.77 9.24833
11.78 9.34874
11.79 9.44948
11.8 9.55038
11.81 9.65121
11.82 9.75176
11.83 9.85183
11.84 9.95122
11.85 10.0497
11.86 10.147
11.87 10.243
11.88 10.3373
11.89 10.4297
11.9 10.5199
11.91 10.6076
11.92 10.6924
11.93 10.7741
11.94 10.8523
11.95 10.9267
11.96 10.9972
11.97 11.0634
11.98 11.1252
11.99 11.1827
12 11.2357
12.01 11.2844
12.02 11.329
12.03 11.3696
12.04 11.4065
12.05 11.44
12.06 11.4704
12.07 11.498
12.08 11.5232
12.09 11.546
12.1 11.5669
12.11 11.5858
12.12 11.6031
12.13 11.6186
12.14 11.6326
12.15 11.645
12.16 11.6558
12.17 11.6652
12.18 11.6731
12.19 11.6796
12.2 11.6848
12.21 11.6888
12.22 11.6916
12.23 11.6934
12.24 11.6942
12.25 11.693
12.26 11.686
12.27 11.673
12.28 11.654
12.29 11.6288
12.3 11.597
12.31 11.5585
12.32 11.5133
12.33 11.4617
12.34 11.404
12.35 11.341
12.36 11.2733
12.37 11.2022
12.38 11.1287
12.39 11.0545
12.4 10.9809
12.41 10.9096
12.42 10.8422
12.43 10.7807
12.44 10.7269
12.45 10.6827
12.46 10.6505
12.47 10.6326
12.48 10.6316
12.49 10.6504
12.5 10.6918
12.51 10.7585
12.52 10.853
12.53 10.9772
12.54 11.1324
12.55 11.319
12.56 11.5365
12.57 11.7091
12.58 11.7548
12.59 11.8046
12.6 11.8579
12.61 11.914
12.62 11.9723
12.63 12.0322
12.64 12.093
12.65 12.1541
12.66 12.2149
12.67 12.2752
12.68 12.3344
12.69 12.3924
12.7 12.449
12.71 12.5041
12.72 12.5576
12.73 12.6097
12.74 12.6604
12.75 12.7099
12.76 12.7582
12.77 12.8056
12.78 12.8523
12.79 12.8982
12.8 12.9435
12.81 12.9882
12.82 13.0324
12.83 13.076
12.84 13.1189
12.85 13.1612
12.86 13.2026
12.87 13.243
12.88 13.2824
12.89 13.3205
12.9 13.3573
12.91 13.3925
12.92 13.4262
12.93 13.4581
12.94 13.4883
12.95 13.5167
12.96 13.5432
12.97 13.568
12.98 13.5909
12.99 13.6121
13 13.6315
13.01 13.6491
13.02 13.6648
13.03 13.6788
13.04 13.6907
13.05 13.7007
13.06 13.7086
13.07 13.7142
13.08 13.7175
13.09 13.7183
13.1 13.7071
13.11 13.6786
13.12 13.6313
13.13 13.5635
13.14 13.4734
13.15 13.3587
13.16 13.2174
13.17 13.0473
13.18 12.8466
13.19 12.6138
13.2 12.348
13.21 12.049
13.22 11.7169
13.23 11.3526
13.24 10.9575
13.25 10.5333
13.26 10.082
13.27 9.606
13.28 9.10766
13.29 8.58953
13.3 8.05427
13.31 7.50459
13.32 6.94319
13.33 6.37269
13.34 5.79563
13.35 5.2144
13.36 4.63105
13.37 4.04727
13.38 3.46442
13.39 2.88364
13.4 2.30577
13.41 1.73141
13.42 1.16104
13.43 0.595269
13.44 0.0347268
13.45 -0.335951
13.46 -0.609979
13.47 -0.880335
13.48 -1.14665
13.49 -1.4086
13.5 -1.66596
13.51 -1.91856
13.52 -2.16634
13.53 -2.40929
13.54 -2.64745
13.55 -2.88086
13.56 -3.1096
13.57 -3.33369
13.58 -3.55316
13.59 -3.76798
13.6 -3.97811
13.61 -4.18355
13.62 -4.38435
13.63 -4.58053
13.64 -4.77216
13.65 -4.95935
13.66 -5.14227
13.67 -5.3211
13.68 -5.49595
13.69 -5.66697
13.7 -5.83429
13.71 -5.99804
13.72 -6.15833
13.73 -6.31519
13.74 -6.46866
13.75 -6.61871
13.76 -6.7653
13.77 -6.90834
13.78 -7.04764
13.79 -7.1191
13.8 -7.16283
13.81 -7.20511
13.82 -7.24589
13.83 -7.28511
13.84 -7.32276
13.85 -7.35885
13.86 -7.39347
13.87 -7.42672
13.88 -7.45875
13.89 -7.48974
13.9 -7.51992
13.91 -7.54956
13.92 -7.57893
13.93 -7.60828
13.94 -7.63786
13.95 -7.66795
13.96 -7.69877
13.97 -7.73049
13.98 -7.76325
13.99 -7.79716
14 -7.83229
14.01 -7.86868
14.02 -7.90631
14.03 -7.94516
14.04 -7.98518
14.05 -8.02635
14.06 -8.06864
14.07 -8.11202
14.08 -8.15649
14.09 -8.20208
14.1 -8.24883
14.11 -8.29677
14.12 -8.34596
14.13 -8.39641
14.14 -8.44815
14.15 -8.50119
14.16 -8.55547
14.17 -8.61095
14.18 -8.66752
14.19 -8.7251
14.2 -8.78357
14.21 -8.84278
14.22 -8.90259
14.23 -8.96286
14.24 -9.02345
14.25 -9.08423
14.26 -9.14506
14.27 -9.20585
14.28 -9.26648
14.29 -9.32686
14.3 -9.38692
14.31 -9.44658
14.32 -9.50575
14.33 -9.56436
14.34 -9.62232
14.35 -9.67954
14.36 -9.73593
14.37 -9.7914
14.38 -9.84584
14.39 -9.89914
14.4 -9.95123
14.41 -10.002
14.42 -10.0514
14.43 -10.0992
14.44 -10.1455
14.45 -10.1902
14.46 -10.2331
14.47 -10.2743
14.48 -10.3136
14.49 -10.3511
14.5 -10.3867
14.51 -10.4205
14.52 -10.4525
14.53 -10.4825
14.54 -10.5108
14.55 -10.5371
14.56 -10.5617
14.57 -10.5843
14.58 -10.6051
14.59 -10.624
14.6 -10.641
14.61 -10.656
14.62 -10.6691
14.63 -10.6802
14.64 -10.6892
14.65 -10.6962
14.66 -10.7011
14.67 -10.7038
14.68 -10.7044
14.69 -10.6939
14.7 -10.6699
14.71 -10.632
14.72 -10.5805
14.73 -10.5154
14.74 -10.4371
14.75 -10.3459
14.76 -10.242
14.77 -10.126
14.78 -9.99831
14.79 -9.85935
14.8 -9.70953
14.81 -9.5493
14.82 -9.37924
14.83 -9.19996
14.84 -9.01202
14.85 -8.81589
14.86 -8.61208
14.87 -8.40104
14.88 -8.18298
14.89 -7.95784
14.9 -7.72531
14.91 -7.48491
14.92 -7.23601
14.93 -6.97784
14.94 -6.70964
14.95 -6.43078
14.96 -6.14097
14.97 -5.8403
14.98 -5.52925
14.99 -5.20866
15 -4.87976
15.01 -4.54405
15.02 -4.20323
15.03 -3.85902
15.04 -3.51312
15.05 -3.16711
15.06 -2.82255
15.07 -2.48097
15.08 -2.14381
15.09 -1.81239
15.1 -1.48797
15.11 -1.17183
15.12 -0.865096
15.13 -0.568704
15.14 -0.283377
15.15 -0.0096837
15.16 0.251929
15.17 0.501166
15.18 0.737863
15.19 0.961942
15.2 1.17334
15.21 1.37201
15.22 1.55794
15.23 1.7312
15.24 1.89191
15.25 2.04027
15.26 2.17648
15.27 2.30082
15.28 2.4136
15.29 2.51514
15.3 2.60576
15.31 2.68573
15.32 2.75527
15.33 2.8146
15.34 2.86395
15.35 2.90358
15.36 2.9337
15.37 2.95458
15.38 2.96651
15.39 2.96985
15.4 2.96495
15.41 2.95209
15.42 2.9315
15.43 2.90338
15.44 2.86785
15.45 2.82495
15.46 2.7746
15.47 2.71667
15.48 2.65103
15.49 2.57763
15.5 2.49642
15.51 2.40738
15.52 2.31058
15.53 2.20624
15.54 2.09462
15.55 1.976
15.56 1.85063
15.57 1.71878
15.58 1.58074
15.59 1.43675
15.6 1.28708
15.61 1.13203
15.62 0.972032
15.63 0.80765
15.64 0.639668
15.65 0.469084
15.66 0.297058
15.67 0.124897
15.68 -0.045966
15.69 -0.214047
15.7 -0.377931
15.71 -0.536341
15.72 -0.688172
15.73 -0.832504
15.74 -0.968639
15.75 -1.09611
15.76 -1.21474
15.77 -1.3246
15.78 -1.42601
15.79 -1.51946
15.8 -1.60569
15.81 -1.68562
15.82 -1.7603
15.83 -1.83073
15.84 -1.89788
15.85 -1.96261
15.86 -2.02568
15.87 -2.08761
15.88 -2.14867
15.89 -2.20889
15.9 -2.26815
15.91 -2.32617
15.92 -2.38252
15.93 -2.43666
15.94 -2.48802
15.95 -2.53607
15.96 -2.58035
15.97 -2.62043
15.98 -2.65599
15.99 -2.68683
16 -2.71284
16.01 -2.73402
16.02 -2.75045
16.03 -2.76234
16.04 -2.76993
16.05 -2.77358
16.06 -2.77377
16.07 -2.77106
16.08 -2.76607
16.09 -2.75945
16.1 -2.75184
16.11 -2.74391
16.12 -2.7362
16.13 -2.72912
16.14 -2.72288
16.15 -2.71754
16.16 -2.71304
16.17 -2.70909
16.18 -2.70529
16.19 -2.70112
16.2 -2.69603
16.21 -2.68946
16.22 -2.6809
16.23 -2.66984
16.24 -2.65586
16.25 -2.63867
16.26 -2.61809
16.27 -2.59406
16.28 -2.56662
16.29 -2.53594
16.3 -2.50231
16.31 -2.46614
16.32 -2.4279
16.33 -2.38808
16.34 -2.34724
16.35 -2.30592
16.36 -2.26461
16.37 -2.22377
16.38 -2.18378
16.39 -2.14494
16.4 -2.10744
16.41 -2.07143
16.42 -2.03697
16.43 -2.00405
16.44 -1.97262
16.45 -1.94257
16.46 -1.91383
16.47 -1.8863
16.48 -1.85989
16.49 -1.8345
16.5 -1.81012
16.51 -1.78676
16.52 -1.76448
16.53 -1.74332
16.54 -1.72338
16.55 -1.70483
16.56 -1.68779
16.57 -1.67235
16.58 -1.65861
16.59 -1.64666
16.6 -1.63649
16.61 -1.628
16.62 -1.62104
16.63 -1.6154
16.64 -1.61076
16.65 -1.6067
16.66 -1.6028
16.67 -1.59862
16.68 -1.59374
16.69 -1.58769
16.7 -1.5801
16.71 -1.57067
16.72 -1.55915
16.73 -1.54536
16.74 -1.52915
16.75 -1.51044
16.76 -1.48923
16.77 -1.46558
16.78 -1.43958
16.79 -1.41135
16.8 -1.38112
16.81 -1.34918
16.82 -1.31586
16.83 -1.28153
16.84 -1.24658
16.85 -1.21149
16.86 -1.17674
16.87 -1.14282
16.88 -1.11017
16.89 -1.07925
16.9 -1.05047
16.91 -1.02417
16.92 -1.00054
16.93 -0.979712
16.94 -0.961652
16.95 -0.946171
16.96 -0.932929
16.97 -0.921452
16.98 -0.911171
16.99 -0.901452
17 -0.891645
17.01 -0.881139
17.02 -0.869436
17.03 -0.856175
17.04 -0.84115
17.05 -0.824311
17.06 -0.805785
17.07 -0.785857
17.08 -0.76494
17.09 -0.74352
17.1 -0.722163
17.11 -0.701485
17.12 -0.682112
17.13 -0.664628
17.14 -0.64957
17.15 -0.637375
17.16 -0.628349
17.17 -0.622657
17.18 -0.620337
17.19 -0.621282
17.2 -0.625242
17.21 -0.6319
17.22 -0.640918
17.23 -0.651934
17.24 -0.664585
17.25 -0.678541
17.26 -0.69353
17.27 -0.709321
17.28 -0.725717
17.29 -0.742547
17.3 -0.759668
17.31 -0.776967
17.32 -0.794366
17.33 -0.811807
17.34 -0.829253
17.35 -0.846665
17.36 -0.864002
17.37 -0.881222
17.38 -0.898264
17.39 -0.914999
17.4 -0.931237
17.41 -0.946757
17.42 -0.961315
17.43 -0.974623
17.44 -0.986348
17.45 -0.996137
17.46 -1.00366
17.47 -1.00857
17.48 -1.01052
17.49 -1.00915
17.5 -1.0041
17.51 -0.995013
17.52 -0.981571
17.53 -0.963486
17.54 -0.940519
17.55 -0.912482
17.56 -0.879286
17.57 -0.840949
17.58 -0.797566
17.59 -0.74926
17.6 -0.696215
17.61 -0.638666
17.62 -0.576856
17.63 -0.510982
17.64 -0.4412
17.65 -0.367643
17.66 -0.290411
17.67 -0.209529
17.68 -0.124968
17.69 -0.0366751
17.7 0.0554299
17.71 0.151461
17.72 0.25155
17.73 0.35582
17.74 0.464374
17.75 0.577314
17.76 0.694727
17.77 0.816654
17.78 0.943057
17.79 1.07383
17.8 1.20881
17.81 1.34776
17.82 1.49032
17.83 1.63601
17.84 1.7843
17.85 1.93465
17.86 2.08645
17.87 2.23903
17.88 2.39174
17.89 2.54399
17.9 2.69528
17.91 2.84509
17.92 2.993
17.93 3.1387
17.94 3.22398
17.95 3.29438
17.96 3.36352
17.97 3.43139
17.98 3.49807
17.99 3.56361
18 3.62811
18.01 3.69162
18.02 3.75423
18.03 3.81601
18.04 3.87703
18.05 3.93736
18.06 3.99706
18.07 4.05618
18.08 4.11477
18.09 4.17289
18.1 4.23059
18.11 4.28791
18.12 4.34487
18.13 4.40149
18.14 4.45776
18.15 4.51364
18.16 4.56903
18.17 4.62375
18.18 4.67757
18.19 4.73021
18.2 4.78135
18.21 4.8306
18.22 4.87756
18.23 4.92186
18.24 4.96317
18.25 5.0012
18.26 5.03572
18.27 5.06657
18.28 5.09369
18.29 5.1171
18.3 5.13685
18.31 5.15307
18.32 5.16591
18.33 5.17556
18.34 5.1822
18.35 5.18599
18.36 5.18709
18.37 5.18413
18.38 5.17618
18.39 5.16339
18.4 5.14588
18.41 5.12374
18.42 5.0971
18.43 5.06613
18.44 5.03105
18.45 4.99213
18.46 4.9497
18.47 4.90409
18.48 4.85569
18.49 4.80486
18.5 4.75198
18.51 4.69739
18.52 4.64136
18.53 4.58411
18.54 4.52583
18.55 4.46663
18.56 4.40656
18.57 4.34558
18.58 4.2836
18.59 4.22053
18.6 4.15628
18.61 4.09067
18.62 4.02359
18.63 3.95494
18.64 3.88468
18.65 3.81279
18.66 3.73929
18.67 3.66426
18.68 3.58781
18.69 3.5101
18.7 3.43131
18.71 3.35166
18.72 3.27136
18.73 3.19067
18.74 3.10985
18.75 3.02919
18.76 2.94895
18.77 2.86938
18.78 2.79068
18.79 2.71306
18.8 2.63662
18.81 2.56135
18.82 2.48716
18.83 2.41387
18.84 2.34123
18.85 2.26883
18.86 2.19619
18.87 2.12276
18.88 2.04796
18.89 1.97117
18.9 1.89174
18.91 1.80902
18.92 1.72242
18.93 1.63143
18.94 1.53558
18.95 1.43452
18.96 1.32801
18.97 1.21597
18.98 1.09842
18.99 0.975515
19 0.847512
19.01 0.714753
19.02 0.577638
19.03 0.436611
19.04 0.292133
19.05 0.144649
19.06 -0.00541541
19.07 -0.15763
19.08 -0.311557
19.09 -0.466811
19.1 -0.623064
19.11 -0.780012
19.12 -0.937388
19.13 -1.09501
19.14 -1.25281
19.15 -1.41079
19.16 -1.56898
19.17 -1.72745
19.18 -1.8863
19.19 -2.04566
19.2 -2.20558
19.21 -2.36606
19.22 -2.52708
19.23 -2.68857
19.24 -2.85045
19.25 -3.01257
19.26 -3.17478
19.27 -3.33692
19.28 -3.49884
19.29 -3.66042
19.3 -3.82153
19.31 -3.98207
19.32 -4.14194
19.33 -4.30109
19.34 -4.4595
19.35 -4.6171
19.36 -4.77378
19.37 -4.92945
19.38 -5.08399
19.39 -5.23723
19.4 -5.38889
19.41 -5.53872
19.42 -5.68643
19.43 -5.8317
19.44 -5.97417
19.45 -6.11347
19.46 -6.24923
19.47 -6.38107
19.48 -6.50854
19.49 -6.63123
19.5 -6.74868
19.51 -6.86042
19.52 -6.96601
19.53 -7.06502
19.54 -7.15711
19.55 -7.24198
19.56 -7.31944
19.57 -7.38939
19.58 -7.45187
19.59 -7.50696
19.6 -7.5548
19.61 -7.59556
19.62 -7.62942
19.63 -7.65652
19.64 -7.67698
19.65 -7.69089
19.66 -7.69836
19.67 -7.69948
19.68 -7.69441
19.69 -7.68337
19.7 -7.66666
19.71 -7.64463
19.72 -7.6177
19.73 -7.58635
19.74 -7.55108
19.75 -7.51243
19.76 -7.4709
19.77 -7.42696
19.78 -7.38109
19.79 -7.33372
19.8 -7.28522
19.81 -7.2359
19.82 -7.18604
19.83 -7.13584
19.84 -7.08548
19.85 -7.03513
19.86 -6.98491
19.87 -6.93495
19.88 -6.88541
19.89 -6.83649
19.9 -6.78841
19.91 -6.7414
19.92 -6.69571
19.93 -6.65163
19.94 -6.60949
19.95 -6.56957
19.96 -6.53212
19.97 -6.49742
19.98 -6.46576
19.99 -6.43741
20 -6.41261
20.01 -6.39159
20.02 -6.3746
20.03 -6.36189
20.04 -6.35374
20.05 -6.35036
20.06 -6.35199
20.07 -6.35887
20.08 -6.3713
20.09 -6.38953
20.1 -6.41379
20.11 -6.44437
20.12 -6.48155
20.13 -6.52563
20.14 -6.57685
20.15 -6.63541
20.16 -6.70144
20.17 -6.77502
20.18 -6.85611
20.19 -6.94451
20.2 -7.03997
20.21 -7.14215
20.22 -7.25064
20.23 -7.36499
20.24 -7.48476
20.25 -7.60951
20.26 -7.73881
20.27 -7.87227
20.28 -8.00949
20.29 -8.15008
20.3 -8.29364
20.31 -8.43972
20.32 -8.58787
20.33 -8.71042
20.34 -8.78584
20.35 -8.86155
20.36 -8.93729
20.37 -9.01281
20.38 -9.08787
20.39 -9.16222
20.4 -9.23562
20.41 -9.30781
20.42 -9.37856
20.43 -9.44761
20.44 -9.51473
20.45 -9.57968
20.46 -9.64222
20.47 -9.70213
20.48 -9.75921
20.49 -9.81328
20.5 -9.86417
20.51 -9.9117
20.52 -9.95571
20.53 -9.99606
20.54 -10.0326
20.55 -10.0651
20.56 -10.0936
20.57 -10.1177
20.58 -10.1374
20.59 -10.1527
20.6 -10.1633
20.61 -10.1693
20.62 -10.1706
20.63 -10.1639
20.64 -10.1479
20.65 -10.1227
20.66 -10.0884
20.67 -10.0452
20.68 -9.99316
20.69 -9.93238
20.7 -9.863
20.71 -9.78508
20.72 -9.69873
20.73 -9.60398
20.74 -9.5009
20.75 -9.38949
20.76 -9.26977
20.77 -9.14174
20.78 -9.00541
20.79 -8.86079
20.8 -8.7079
20.81 -8.54678
20.82 -8.37749
20.83 -8.20011
20.84 -8.01475
20.85 -7.82152
20.86 -7.62058
20.87 -7.4121
20.88 -7.19627
20.89 -6.97334
20.9 -6.74356
20.91 -6.50725
20.92 -6.26479
20.93 -6.0166
20.94 -5.76317
20.95 -5.50506
20.96 -5.24285
20.97 -4.9772
20.98 -4.70877
20.99 -4.43823
21 -4.16623
21.01 -3.8934
21.02 -3.6203
21.03 -3.34749
21.04 -3.07544
21.05 -2.80458
21.06 -2.53529
21.07 -2.26793
21.08 -2.00281
21.09 -1.74019
21.1 -1.48028
21.11 -1.22324
21.12 -0.969169
21.13 -0.718104
21.14 -0.470041
21.15 -0.224903
21.16 0.0174589
21.17 0.257228
21.18 0.494599
21.19 0.729798
21.2 0.963075
21.21 1.19468
21.22 1.42481
21.23 1.65362
21.24 1.88124
21.25 2.10772
21.26 2.33309
21.27 2.55728
21.28 2.78021
21.29 3.00177
21.3 3.22184
21.31 3.44035
21.32 3.65722
21.33 3.78608
21.34 3.89283
21.35 3.99879
21.36 4.104
21.37 4.20849
21.38 4.31232
21.39 4.41554
21.4 4.51821
21.41 4.62038
21.42 4.72207
21.43 4.82335
21.44 4.92428
21.45 5.02491
21.46 5.12535
21.47 5.22568
21.48 5.32601
21.49 5.42647
21.5 5.52717
21.51 5.62825
21.52 5.72982
21.53 5.83199
21.54 5.93484
21.55 6.03846
21.56 6.14289
21.57 6.24817
21.58 6.3543
21.59 6.46125
21.6 6.56899
21.61 6.67747
21.62 6.78663
21.63 6.89639
21.64 7.00669
21.65 7.11748
21.66 7.2287
21.67 7.34032
21.68 7.45234
21.69 7.56474
21.7 7.67754
21.71 7.79074
21.72 7.90438
21.73 8.01844
21.74 8.13294
21.75 8.24785
21.76 8.36316
21.77 8.47883
21.78 8.59481
21.79 8.71104
21.8 8.82744
21.81 8.94396
21.82 9.0605
21.83 9.17697
21.84 9.29328
21.85 9.40933
21.86 9.525
21.87 9.64019
21.88 9.75476
21.89 9.86861
21.9 9.98162
21.91 10.0937
21.92 10.1357
21.93 10.1723
21.94 10.2086
21.95 10.2444
21.96 10.2798
21.97 10.3148
21.98 10.3494
21.99 10.3836
22 10.4173
22.01 10.4505
22.02 10.4833
22.03 10.5157
22.04 10.5475
22.05 10.5788
22.06 10.6096
22.07 10.6398
22.08 10.6694
22.09 10.6984
22.1 10.7267
22.11 10.7544
22.12 10.7813
22.13 10.8074
22.14 10.8328
22.15 10.8574
22.16 10.8811
22.17 10.904
22.18 10.926
22.19 10.947
22.2 10.9671
22.21 10.9863
22.22 11.0045
22.23 11.0218
22.24 11.0381
22.25 11.0533
22.26 11.0677
22.27 11.081
22.28 11.0935
22.29 11.105
22.3 11.1158
22.31 11.1257
22.32 11.1348
22.33 11.1433
22.34 11.1512
22.35 11.1585
22.36 11.1653
22.37 11.1717
22.38 11.1776
22.39 11.1832
22.4 11.1884
22.41 11.1934
22.42 11.1982
22.43 11.2027
22.44 11.2071
22.45 11.2114
22.46 11.2157
22.47 11.2199
22.48 11.2243
22.49 11.2287
22.5 11.2332
22.51 11.2379
22.52 11.2429
22.53 11.2481
22.54 11.2535
22.55 11.2592
22.56 11.2652
22.57 11.2715
22.58 11.278
22.59 11.2849
22.6 11.292
22.61 11.2995
22.62 11.3072
22.63 11.3153
22.64 11.3237
22.65 11.3324
22.66 11.3414
22.67 11.3507
22.68 11.3604
22.69 11.3704
22.7 11.3807
22.71 11.3914
22.72 11.4023
22.73 11.4136
22.74 11.4252
22.75 11.437
22.76 11.4492
22.77 11.4616
22.78 11.4742
22.79 11.4871
22.8 11.5001
22.81 11.5134
22.82 11.5269
22.83 11.5406
22.84 11.5544
22.85 11.5684
22.86 11.5826
22.87 11.597
22.88 11.6115
22.89 11.6262
22.9 11.641
22.91 11.6558
22.92 11.6708
22.93 11.6858
22.94 11.7009
22.95 11.7159
22.96 11.731
22.97 11.746
22.98 11.7609
22.99 11.7757
23 11.7904
23.01 11.805
23.02 11.8194
23.03 11.8335
23.04 11.8474
23.05 11.861
23.06 11.8742
23.07 11.887
23.08 11.8993
23.09 11.911
23.1 11.9221
23.11 11.9325
23.12 11.9422
23.13 11.9511
23.14 11.9591
23.15 11.9663
23.16 11.9726
23.17 11.978
23.18 11.9826
23.19 11.9863
23.2 11.9891
23.21 11.9911
23.22 11.9923
23.23 11.9928
23.24 11.9913
23.25 11.9856
23.26 11.9761
23.27 11.9628
23.28 11.9459
23.29 11.9255
23.3 11.9017
23.31 11.8744
23.32 11.8437
23.33 11.8095
23.34 11.7716
23.35 11.7301
23.36 11.6847
23.37 11.6353
23.38 11.5819
23.39 11.5242
23.4 11.4622
23.41 11.396
23.42 11.3254
23.43 11.2506
23.44 11.1716
23.45 11.0886
23.46 11.0016
23.47 10.9109
23.48 10.8166
23.49 10.719
23.5 10.6182
23.51 10.5145
23.52 10.408
23.53 10.2992
23.54 10.1881
23.55 10.075
23.56 9.96024
23.57 9.84403
23.58 9.72657
23.59 9.60807
23.6 9.48871
23.61 9.36868
23.62 9.24817
23.63 9.12734
23.64 9.00635
23.65 8.88541
23.66 8.76474
23.67 8.64457
23.68 8.52513
23.69 8.40668
23.7 8.28951
23.71 8.17391
23.72 8.06014
23.73 7.94848
23.74 7.83918
23.75 7.73246
23.76 7.62854
23.77 7.52757
23.78 7.42966
23.79 7.33491
23.8 7.24333
23.81 7.15491
23.82 7.06961
23.83 6.98733
23.84 6.90795
23.85 6.83133
23.86 6.75733
23.87 6.68581
23.88 6.61665
23.89 6.54975
23.9 6.48502
23.91 6.42245
23.92 6.36201
23.93 6.30374
23.94 6.24768
23.95 6.19388
23.96 6.1424
23.97 6.0933
23.98 6.04658
23.99 6.00223
24 5.9602
24.01 5.92041
24.02 5.88274
24.03 5.84703
24.04 5.8131
24.05 5.78073
24.06 5.74971
24.07 5.71982
24.08 5.69081
24.09 5.66243
24.1 5.63445
24.11 5.60662
24.12 5.57872
24.13 5.55055
24.14 5.52191
24.15 5.49263
24.16 5.46255
24.17 5.43157
24.18 5.39955
24.19 5.36637
24.2 5.33191
24.21 5.29604
24.22 5.25864
24.23 5.21956
24.24 5.17862
24.25 5.13567
24.26 5.09058
24.27 5.04321
24.28 4.99344
24.29 4.94118
24.3 4.88635
24.31 4.8289
24.32 4.76881
24.33 4.70603
24.34 4.64052
24.35 4.57223
24.36 4.50113
24.37 4.42714
24.38 4.35019
24.39 4.2702
24.4 4.18708
24.41 4.10076
24.42 4.01119
24.43 3.91834
24.44 3.82218
24.45 3.72275
24.46 3.62011
24.47 3.51436
24.48 3.40561
24.49 3.29401
24.5 3.17971
24.51 3.06287
24.52 2.94365
24.53 2.8222
24.54 2.69863
24.55 2.57304
24.56 2.4455
24.57 2.31603
24.58 2.18465
24.59 2.05127
24.6 1.9158
24.61 1.77811
24.62 1.63806
24.63 1.49544
24.64 1.35007
24.65 1.20175
24.66 1.05034
24.67 0.895741
24.68 0.737876
24.69 0.576734
24.7 0.412379
24.71 0.24494
24.72 0.0746012
24.73 -0.0984219
24.74 -0.273881
24.75 -0.451501
24.76 -0.63099
24.77 -0.812067
24.78 -0.994472
24.79 -1.17797
24.8 -1.36232
24.81 -1.54731
24.82 -1.73273
24.83 -1.89798
24.84 -1.99088
24.85 -2.08374
24.86 -2.17649
24.87 -2.26908
24.88 -2.36146
24.89 -2.45361
24.9 -2.54551
24.91 -2.63719
24.92 -2.72867
24.93 -2.82
24.94 -2.91122
24.95 -3.00238
24.96 -3.09353
24.97 -3.18472
24.98 -3.27595
24.99 -3.36726
25 -3.45863
25.01 -3.55007
25.02 -3.64156
25.03 -3.73308
25.04 -3.82459
25.05 -3.9161
25.06 -4.00758
25.07 -4.09901
25.08 -4.1904
25.09 -4.28175
25.1 -4.3731
25.11 -4.46445
25.12 -4.55585
25.13 -4.64735
25.14 -4.73902
25.15 -4.8309
25.16 -4.92307
25.17 -5.01558
25.18 -5.10849
25.19 -5.20185
25.2 -5.29568
25.21 -5.39
25.22 -5.48479
25.23 -5.58003
25.24 -5.67566
25.25 -5.77163
25.26 -5.86786
25.27 -5.96425
25.28 -6.06071
25.29 -6.15716
25.3 -6.25351
25.31 -6.34968
25.32 -6.44559
25.33 -6.54119
25.34 -6.63643
25.35 -6.7313
25.36 -6.82575
25.37 -6.91979
25.38 -7.01341
25.39 -7.10662
25.4 -7.19942
25.41 -7.29181
25.42 -7.38379
25.43 -7.47537
25.44 -7.56655
25.45 -7.65732
25.46 -7.74768
25.47 -7.83762
25.48 -7.92712
25.49 -8.01618
25.5 -8.10476
25.51 -8.19285
25.52 -8.28039
25.53 -8.36735
25.54 -8.45368
25.55 -8.53933
25.56 -8.62424
25.57 -8.70832
25.58 -8.79152
25.59 -8.83305
25.6 -8.86012
25.61 -8.88681
25.62 -8.91309
25.63 -8.93893
25.64 -8.96429
25.65 -8.98915
25.66 -9.01346
25.67 -9.03722
25.68 -9.06038
25.69 -9.08294
25.7 -9.10487
25.71 -9.12618
25.72 -9.14685
25.73 -9.1669
25.74 -9.18632
25.75 -9.20513
25.76 -9.22333
25.77 -9.24094
25.78 -9.25795
25.79 -9.2744
25.8 -9.2903
25.81 -9.30565
25.82 -9.32048
25.83 -9.33481
25.84 -9.34866
25.85 -9.36205
25.86 -9.37502
25.87 -9.38757
25.88 -9.39973
25.89 -9.41154
25.9 -9.42299
25.91 -9.43411
25.92 -9.44491
25.93 -9.4554
25.94 -9.46558
25.95 -9.47546
25.96 -9.48502
25.97 -9.49426
25.98 -9.50317
25.99 -9.51173
26 -9.51995
26.01 -9.52779
26.02 -9.53526
26.03 -9.54235
26.04 -9.54904
26.05 -9.55535
26.06 -9.56127
26.07 -9.5668
26.08 -9.57197
26.09 -9.57677
26.1 -9.58124
26.11 -9.58537
26.12 -9.5892
26.13 -9.59274
26.14 -9.59602
26.15 -9.59907
26.16 -9.60191
26.17 -9.60458
26.18 -9.60711
26.19 -9.60954
26.2 -9.61188
26.21 -9.61416
26.22 -9.6164
26.23 -9.61863
26.24 -9.62085
26.25 -9.62309
26.26 -9.62534
26.27 -9.62762
26.28 -9.62994
26.29 -9.63231
26.3 -9.63474
26.31 -9.63726
26.32 -9.63987
26.33 -9.64261
26.34 -9.64549
26.35 -9.64854
26.36 -9.65179
26.37 -9.65525
26.38 -9.65895
26.39 -9.66291
26.4 -9.66715
26.41 -9.67167
26.42 -9.67649
26.43 -9.68161
26.44 -9.68701
26.45 -9.69271
26.46 -9.69867
26.47 -9.7049
26.48 -9.71136
26.49 -9.71805
26.5 -9.72495
26.51 -9.73204
26.52 -9.7393
26.53 -9.74672
26.54 -9.75429
26.55 -9.762
26.56 -9.76981
26.57 -9.77772
26.58 -9.78571
26.59 -9.79375
26.6 -9.80183
26.61 -9.80991
26.62 -9.81799
26.63 -9.82605
26.64 -9.83408
26.65 -9.84206
26.66 -9.85001
26.67 -9.8579
26.68 -9.86575
26.69 -9.87356
26.7 -9.88131
26.71 -9.88899
26.72 -9.89661
26.73 -9.90414
26.74 -9.91155
26.75 -9.91883
26.76 -9.92595
26.77 -9.93289
26.78 -9.9396
26.79 -9.94608
26.8 -9.95229
26.81 -9.95822
26.82 -9.96383
26.83 -9.96912
26.84 -9.97406
26.85 -9.97865
26.86 -9.98286
26.87 -9.98668
26.88 -9.99009
26.89 -9.99308
26.9 -9.99561
26.91 -9.99767
26.92 -9.99924
26.93 -10.0003
26.94 -10.0008
26.95 -10.0004
26.96 -9.99648
26.97 -9.989
26.98 -9.97789
26.99 -9.96313
27 -9.94473
27.01 -9.92273
27.02 -9.89718
27.03 -9.86815
27.04 -9.83572
27.05 -9.79999
27.06 -9.76103
27.07 -9.71894
27.08 -9.67378
27.09 -9.62565
27.1 -9.57465
27.11 -9.52089
27.12 -9.46448
27.13 -9.40557
27.14 -9.34433
27.15 -9.28096
27.16 -9.21567
27.17 -9.14867
27.18 -9.08021
27.19 -9.01053
27.2 -8.93987
27.21 -8.86846
27.22 -8.79651
27.23 -8.72417
27.24 -8.6516
27.25 -8.57892
27.26 -8.50618
27.27 -8.43344
27.28 -8.36072
27.29 -8.28802
27.3 -8.21536
27.31 -8.14275
27.32 -8.07019
27.33 -7.99773
27.34 -7.92545
27.35 -7.85343
27.36 -7.78179
27.37 -7.71067
27.38 -7.64021
27.39 -7.57059
27.4 -7.50198
27.41 -7.43455
27.42 -7.36844
27.43 -7.30382
27.44 -7.24082
27.45 -7.17956
27.46 -7.12015
27.47 -7.06267
27.48 -7.00719
27.49 -6.95375
27.5 -6.90238
27.51 -6.85306
27.52 -6.80576
27.53 -6.76043
27.54 -6.71701
27.55 -6.67541
27.56 -6.63556
27.57 -6.59738
27.58 -6.5608
27.59 -6.52577
27.6 -6.49225
27.61 -6.46024
27.62 -6.42971
27.63 -6.40068
27.64 -6.37313
27.65 -6.34708
27.66 -6.32253
27.67 -6.29947
27.68 -6.27785
27.69 -6.25765
27.7 -6.23883
27.71 -6.22136
27.72 -6.20517
27.73 -6.19021
27.74 -6.17644
27.75 -6.16381
27.76 -6.15229
27.77 -6.14182
27.78 -6.13237
27.79 -6.12389
27.8 -6.11637
27.81 -6.10976
27.82 -6.10401
27.83 -6.09911
27.84 -6.09501
27.85 -6.09167
27.86 -6.08903
27.87 -6.08702
27.88 -6.08555
27.89 -6.08451
27.9 -6.08377
27.91 -6.08319
27.92 -6.08259
27.93 -6.0818
27.94 -6.08064
27.95 -6.07892
27.96 -6.07645
27.97 -6.07307
27.98 -6.06856
27.99 -6.06276
28 -6.05549
28.01 -6.04656
28.02 -6.0358
28.03 -6.02302
28.04 -6.0081
28.05 -5.99089
28.06 -5.9713
28.07 -5.94924
28.08 -5.92468
28.09 -5.89763
28.1 -5.86811
28.11 -5.83614
28.12 -5.8018
28.13 -5.76513
28.14 -5.72621
28.15 -5.68508
28.16 -5.64181
28.17 -5.59643
28.18 -5.54898
28.19 -5.49948
28.2 -5.44798
28.21 -5.3945
28.22 -5.33904
28.23 -5.28165
28.24 -5.22233
28.25 -5.1611
28.26 -5.09798
28.27 -5.03297
28.28 -4.96612
28.29 -4.89745
28.3 -4.82702
28.31 -4.75488
28.32 -4.68112
28.33 -4.60583
28.34 -4.52909
28.35 -4.45101
28.36 -4.37168
28.37 -4.29117
28.38 -4.20955
28.39 -4.12689
28.4 -4.04324
28.41 -3.95864
28.42 -3.87316
28.43 -3.78687
28.44 -3.69985
28.45 -3.61222
28.46 -3.52411
28.47 -3.4357
28.48 -3.34718
28.49 -3.25876
28.5 -3.17065
28.51 -3.08307
28.52 -2.99625
28.53 -2.91039
28.54 -2.82567
28.55 -2.74223
28.56 -2.66023
28.57 -2.57975
28.58 -2.50084
28.59 -2.42351
28.6 -2.34778
28.61 -2.27362
28.62 -2.20097
28.63 -2.12977
28.64 -2.05996
28.65 -1.99151
28.66 -1.92436
28.67 -1.85851
28.68 -1.79391
28.69 -1.73057
28.7 -1.66848
28.71 -1.60762
28.72 -1.54796
28.73 -1.48943
28.74 -1.43194
28.75 -1.37539
28.76 -1.31964
28.77 -1.26454
28.78 -1.20991
28.79 -1.15557
28.8 -1.10135
28.81 -1.04709
28.82 -0.992621
28.83 -0.937804
28.84 -0.882515
28.85 -0.826657
28.86 -0.770145
28.87 -0.712899
28.88 -0.654848
28.89 -0.595939
28.9 -0.536122
28.91 -0.475343
28.92 -0.413534
28.93 -0.35062
28.94 -0.286537
28.95 -0.221219
28.96 -0.154591
28.97 -0.0865758
28.98 -0.0171017
28.99 0.0538871
29 0.126443
29.01 0.200624
29.02 0.276487
29.03 0.354083
29.04 0.433462
29.05 0.514668
29.06 0.597757
29.07 0.682782
29.08 0.769796
29.09 0.85884
29.1 0.949958
29.11 1.04318
29.12 1.13855
29.13 1.23609
29.14 1.33582
29.15 1.43775
29.16 1.54188
29.17 1.64823
29.18 1.75681
29.19 1.8676
29.2 1.98059
29.21 2.09577
29.22 2.21313
29.23 2.33265
29.24 2.45429
29.25 2.57801
29.26 2.70375
29.27 2.83145
29.28 2.96104
29.29 3.09242
29.3 3.22548
29.31 3.3601
29.32 3.49616
29.33 3.63352
29.34 3.77206
29.35 3.89059
29.36 3.96084
29.37 4.03148
29.38 4.10246
29.39 4.17371
29.4 4.24517
29.41 4.31675
29.42 4.38838
29.43 4.45997
29.44 4.5314
29.45 4.60256
29.46 4.67334
29.47 4.74362
29.48 4.81329
29.49 4.88225
29.5 4.95038
29.51 5.01761
29.52 5.08386
29.53 5.14906
29.54 5.21316
29.55 5.27611
29.56 5.33787
29.57 5.39842
29.58 5.45774
29.59 5.51581
29.6 5.57262
29.61 5.62814
29.62 5.68236
29.63 5.73529
29.64 5.78692
29.65 5.83725
29.66 5.88629
29.67 5.93409
29.68 5.9807
29.69 6.02615
29.7 6.07055
29.71 6.11396
29.72 6.15646
29.73 6.19812
29.74 6.23901
29.75 6.27917
29.76 6.31862
29.77 6.35735
29.78 6.39537
29.79 6.43263
29.8 6.46913
29.81 6.50481
29.82 6.53967
29.83 6.57367
29.84 6.60683
29.85 6.63913
29.86 6.67059
29.87 6.70124
29.88 6.7311
29.89 6.76023
29.9 6.78866
29.91 6.81644
29.92 6.84362
29.93 6.87027
29.94 6.89643
29.95 6.92216
29.96 6.94751
29.97 6.97255
29.98 6.99732
29.99 7.02189
30 7.04632
30.01 7.07068
30.02 7.09504
30.03 7.11949
30.04 7.14411
30.05 7.16897
30.06 7.19416
30.07 7.21976
30.08 7.24584
30.09 7.27248
30.1 7.29974
30.11 7.32768
30.12 7.35635
30.13 7.38581
30.14 7.4161
30.15 7.44728
30.16 7.47937
30.17 7.51241
30.18 7.54644
30.19 7.58148
30.2 7.61755
30.21 7.65466
30.22 7.69281
30.23 7.73201
30.24 7.77228
30.25 7.8136
30.26 7.85597
30.27 7.8994
30.28 7.94389
30.29 7.98943
30.3 8.03601
30.31 8.08364
30.32 8.13229
30.33 8.18198
30.34 8.23269
30.35 8.28441
30.36 8.33714
30.37 8.39087
30.38 8.44559
30.39 8.50129
30.4 8.55793
30.41 8.61551
30.42 8.67399
30.43 8.73333
30.44 8.79351
30.45 8.85449
30.46 8.91624
30.47 8.97873
30.48 9.04193
30.49 9.10581
30.5 9.17033
30.51 9.23545
30.52 9.30113
30.53 9.36729
30.54 9.43388
30.55 9.50079
30.56 9.56796
30.57 9.63526
30.58 9.70261
30.59 9.7699
30.6 9.83703
30.61 9.90389
30.62 9.97039
30.63 10.0364
30.64 10.102
30.65 10.1669
30.66 10.2312
30.67 10.2948
30.68 10.3576
30.69 10.4197
30.7 10.4809
30.71 10.5412
30.72 10.6006
30.73 10.6591
30.74 10.7166
30.75 10.7731
30.76 10.8127
30.77 10.8308
30.78 10.8486
30.79 10.866
30.8 10.8831
30.81 10.8998
30.82 10.9161
30.83 10.932
30.84 10.9476
30.85 10.9627
30.86 10.9775
30.87 10.9919
30.88 11.0058
30.89 11.0193
30.9 11.0324
30.91 11.0451
30.92 11.0573
30.93 11.0692
30.94 11.0806
30.95 11.0916
30.96 11.1022
30.97 11.1124
30.98 11.1223
30.99 11.1318
31 11.141
31.01 11.1498
31.02 11.1583
31.03 11.1666
31.04 11.1746
31.05 11.1823
31.06 11.1897
31.07 11.1969
31.08 11.2039
31.09 11.2106
31.1 11.2171
31.11 11.2234
31.12 11.2294
31.13 11.2353
31.14 11.2408
31.15 11.2462
31.16 11.2514
31.17 11.2564
31.18 11.2612
31.19 11.2659
31.2 11.2704
31.21 11.2749
31.22 11.2792
31.23 11.2836
31.24 11.2878
31.25 11.2921
31.26 11.2964
31.27 11.3007
31.28 11.3051
31.29 11.3095
31.3 11.3139
31.31 11.3184
31.32 11.323
31.33 11.3276
31.34 11.3323
31.35 11.3371
31.36 11.3419
31.37 11.3468
31.38 11.3517
31.39 11.3566
31.4 11.3616
31.41 11.3667
31.42 11.3718
31.43 11.3769
31.44 11.3821
31.45 11.3873
31.46 11.3926
31.47 11.3979
31.48 11.4033
31.49 11.4087
31.5 11.4142
31.51 11.4198
31.52 11.4254
31.53 11.4311
31.54 11.4368
31.55 11.4426
31.56 11.4484
31.57 11.4543
31.58 11.4602
31.59 11.4662
31.6 11.4722
31.61 11.4782
31.62 11.4843
31.63 11.4903
31.64 11.4964
31.65 11.5025
31.66 11.5085
31.67 11.5146
31.68 11.5206
31.69 11.5267
31.7 11.5327
31.71 11.5388
31.72 11.5448
31.73 11.5508
31.74 11.5568
31.75 11.5628
31.76 11.5687
31.77 11.5747
31.78 11.5806
31.79 11.5864
31.8 11.5922
31.81 11.5979
31.82 11.6035
31.83 11.609
31.84 11.6143
31.85 11.6195
31.86 11.6245
31.87 11.6293
31.88 11.6339
31.89 11.6382
31.9 11.6423
31.91 11.6461
31.92 11.6497
31.93 11.6529
31.94 11.6559
31.95 11.6586
31.96 11.6609
31.97 11.663
31.98 11.6648
31.99 11.6663
32 11.6675
32.01 11.6684
32.02 11.6691
32.03 11.6695
32.04 11.6696
32.05 11.6689
32.06 11.6665
32.07 11.6626
32.08 11.6571
32.09 11.6499
32.1 11.6411
32.11 11.6305
32.12 11.6183
32.13 11.6043
32.14 11.5885
32.15 11.571
32.16 11.5517
32.17 11.5307
32.18 11.508
32.19 11.4835
32.2 11.4574
32.21 11.4296
32.22 11.4001
32.23 11.369
32.24 11.3361
32.25 11.3016
32.26 11.2653
32.27 11.2274
32.28 11.1879
32.29 11.1467
32.3 11.1039
32.31 11.0595
32.32 11.0135
32.33 10.9661
32.34 10.9171
32.35 10.8666
32.36 10.8147
32.37 10.7613
32.38 10.7064
32.39 10.65
32.4 10.5922
32.41 10.5329
32.42 10.4721
32.43 10.41
32.44 10.3465
32.45 10.2816
32.46 10.2155
32.47 10.1482
32.48 10.0797
32.49 10.0101
32.5 9.9395
32.51 9.86785
32.52 9.79522
32.53 9.72162
32.54 9.64707
32.55 9.57153
32.56 9.49501
32.57 9.41745
32.58 9.33881
32.59 9.25904
32.6 9.17806
32.61 9.09581
32.62 9.01217
32.63 8.92707
32.64 8.8404
32.65 8.75205
32.66 8.66191
32.67 8.56985
32.68 8.47577
32.69 8.37957
32.7 8.28114
32.71 8.18041
32.72 8.0773
32.73 7.97177
32.74 7.86382
32.75 7.75346
32.76 7.64075
32.77 7.52576
32.78 7.40861
32.79 7.28943
32.8 7.16836
32.81 7.04553
32.82 6.92108
32.83 6.79512
32.84 6.66776
32.85 6.53906
32.86 6.40908
32.87 6.27785
32.88 6.1454
32.89 6.01175
32.9 5.87691
32.91 5.74091
32.92 5.60378
32.93 5.46555
32.94 5.32628
32.95 5.18603
32.96 5.04483
32.97 4.90275
32.98 4.75982
32.99 4.61612
33 4.47166
33.01 4.3265
33.02 4.18066
33.03 4.03418
33.04 3.8871
33.05 3.73944
33.06 3.59122
33.07 3.44248
33.08 3.29324
33.09 3.14354
33.1 2.9934
33.11 2.84285
33.12 2.69191
33.13 2.54061
33.14 2.38897
33.15 2.23699
33.16 2.08469
33.17 1.93206
33.18 1.77912
33.19 1.62585
33.2 1.47228
33.21 1.31841
33.22 1.16427
33.23 1.00987
33.24 0.85529
33.25 0.700571
33.26 0.545783
33.27 0.391
33.28 0.236307
33.29 0.0817885
33.3 -0.0724813
33.31 -0.226434
33.32 -0.380008
33.33 -0.533149
33.34 -0.685822
33.35 -0.838001
33.36 -0.989671
33.37 -1.14083
33.38 -1.29147
33.39 -1.44161
33.4 -1.59126
33.41 -1.74043
33.42 -1.88914
33.43 -2.03741
33.44 -2.18525
33.45 -2.26669
33.46 -2.3402
33.47 -2.41351
33.48 -2.48663
33.49 -2.55957
33.5 -2.63233
33.51 -2.70491
33.52 -2.77733
33.53 -2.84958
33.54 -2.92168
33.55 -2.99362
33.56 -3.06542
33.57 -3.13706
33.58 -3.20854
33.59 -3.27985
33.6 -3.35098
33.61 -3.42192
33.62 -3.49265
33.63 -3.56315
33.64 -3.63341
33.65 -3.70341
33.66 -3.77314
33.67 -3.84258
33.68 -3.91173
33.69 -3.98059
33.7 -4.04912
33.71 -4.11735
33.72 -4.18524
33.73 -4.25282
33.74 -4.32006
33.75 -4.38697
33.76 -4.45356
33.77 -4.51984
33.78 -4.58582
33.79 -4.65152
33.8 -4.71695
33.81 -4.78214
33.82 -4.84712
33.83 -4.9119
33.84 -4.97652
33.85 -5.041
33.86 -5.10536
33.87 -5.16963
33.88 -5.23384
33.89 -5.29801
33.9 -5.36216
33.91 -5.4263
33.92 -5.49047
33.93 -5.55467
33.94 -5.61892
33.95 -5.68322
33.96 -5.7476
33.97 -5.81205
33.98 -5.87658
33.99 -5.94118
34 -6.00586
34.01 -6.07061
34.02 -6.13542
34.03 -6.20028
34.04 -6.26518
34.05 -6.33009
34.06 -6.395
34.07 -6.45989
34.08 -6.52474
34.09 -6.58952
34.1 -6.65422
34.11 -6.71883
34.12 -6.78333
34.13 -6.84774
34.14 -6.91204
34.15 -6.97627
34.16 -7.04043
34.17 -7.10457
34.18 -7.16871
34.19 -7.2329
34.2 -7.29716
34.21 -7.36154
34.22 -7.42607
34.23 -7.49077
34.24 -7.55569
34.25 -7.62082
34.26 -7.68619
34.27 -7.7518
34.28 -7.81765
34.29 -7.88371
34.3 -7.94998
34.31 -8.01643
34.32 -8.08303
34.33 -8.14975
34.34 -8.21654
34.35 -8.28338
34.36 -8.35024
34.37 -8.41707
34.38 -8.48385
34.39 -8.55056
34.4 -8.61717
34.41 -8.68366
34.42 -8.75
34.43 -8.8162
34.44 -8.88223
34.45 -8.94808
34.46 -9.01375
34.47 -9.07924
34.48 -9.13877
34.49 -9.16048
34.5 -9.18215
34.51 -9.20376
34.52 -9.22532
34.53 -9.24685
34.54 -9.26833
34.55 -9.28977
34.56 -9.31117
34.57 -9.33253
34.58 -9.35384
34.59 -9.3751
34.6 -9.3963
34.61 -9.41745
34.62 -9.43854
34.63 -9.45956
34.64 -9.48052
34.65 -9.5014
34.66 -9.5222
34.67 -9.54292
34.68 -9.56356
34.69 -9.5841
34.7 -9.60455
34.71 -9.62489
34.72 -9.64511
34.73 -9.66522
34.74 -9.68519
34.75 -9.70501
34.76 -9.72468
34.77 -9.74419
34.78 -9.76353
34.79 -9.78269
34.8 -9.80165
34.81 -9.82043
34.82 -9.839
34.83 -9.85736
34.84 -9.87551
34.85 -9.89344
34.86 -9.91115
34.87 -9.92862
34.88 -9.94587
34.89 -9.96286
34.9 -9.97961
34.91 -9.99611
34.92 -10.0123
34.93 -10.0283
34.94 -10.044
34.95 -10.0594
34.96 -10.0745
34.97 -10.0893
34.98 -10.1038
34.99 -10.118
35 -10.1319
35.01 -10.1454
35.02 -10.1587
35.03 -10.1716
35.04 -10.1842
35.05 -10.1964
35.06 -10.2084
35.07 -10.22
35.08 -10.2312
35.09 -10.2422
35.1 -10.2528
35.11 -10.263
35.12 -10.273
35.13 -10.2826
35.14 -10.2919
35.15 -10.3009
35.16 -10.3096
35.17 -10.318
35.18 -10.3261
35.19 -10.3339
35.2 -10.3414
35.21 -10.3486
35.22 -10.3556
35.23 -10.3623
35.24 -10.3687
35.25 -10.3748
35.26 -10.3807
35.27 -10.3864
35.28 -10.3918
35.29 -10.397
35.3 -10.4019
35.31 -10.4067
35.32 -10.4112
35.33 -10.4156
35.34 -10.4197
35.35 -10.4237
35.36 -10.4274
35.37 -10.431
35.38 -10.4345
35.39 -10.4378
35.4 -10.4409
35.41 -10.4439
35.42 -10.4467
35.43 -10.4494
35.44 -10.4521
35.45 -10.4546
35.46 -10.457
35.47 -10.4594
35.48 -10.4617
35.49 -10.464
35.5 -10.4663
35.51 -10.4685
35.52 -10.4707
35.53 -10.4729
35.54 -10.4752
35.55 -10.4774
35.56 -10.4796
35.57 -10.4818
35.58 -10.484
35.59 -10.4863
35.6 -10.4885
35.61 -10.4908
35.62 -10.493
35.63 -10.4953
35.64 -10.4976
35.65 -10.4998
35.66 -10.5021
35.67 -10.5043
35.68 -10.5065
35.69 -10.5087
35.7 -10.5108
35.71 -10.5129
35.72 -10.515
35.73 -10.517
35.74 -10.5191
35.75 -10.521
35.76 -10.523
35.77 -10.5249
35.78 -10.5268
35.79 -10.5286
35.8 -10.5305
35.81 -10.5323
35.82 -10.5341
35.83 -10.5359
35.84 -10.5377
35.85 -10.5395
35.86 -10.5412
35.87 -10.543
35.88 -10.5447
35.89 -10.5464
35.9 -10.548
35.91 -10.5496
35.92 -10.5512
35.93 -10.5527
35.94 -10.5541
35.95 -10.5554
35.96 -10.5567
35.97 -10.5578
35.98 -10.5589
35.99 -10.5598
36 -10.5607
36.01 -10.5613
36.02 -10.5619
36.03 -10.5623
36.04 -10.5626
36.05 -10.5627
36.06 -10.5624
36.07 -10.561
36.08 -10.5587
36.09 -10.5552
36.1 -10.5507
36.11 -10.5449
36.12 -10.538
36.13 -10.5299
36.14 -10.5205
36.15 -10.5098
36.16 -10.4978
36.17 -10.4844
36.18 -10.4696
36.19 -10.4534
36.2 -10.4357
36.21 -10.4166
36.22 -10.3961
36.23 -10.374
36.24 -10.3506
36.25 -10.3256
36.26 -10.2992
36.27 -10.2713
36.28 -10.2419
36.29 -10.211
36.3 -10.1786
36.31 -10.1448
36.32 -10.1095
36.33 -10.0727
36.34 -10.0345
36.35 -9.99475
36.36 -9.9536
36.37 -9.91101
36.38 -9.86701
36.39 -9.8216
36.4 -9.77482
36.41 -9.72669
36.42 -9.67724
36.43 -9.62648
36.44 -9.57445
36.45 -9.52116
36.46 -9.46666
36.47 -9.41096
36.48 -9.3541
36.49 -9.29612
36.5 -9.23708
36.51 -9.17702
36.52 -9.11603
36.53 -9.05417
36.54 -8.99153
36.55 -8.9282
36.56 -8.86425
36.57 -8.79978
36.58 -8.73487
36.59 -8.66958
36.6 -8.60397
36.61 -8.53811
36.62 -8.47202
36.63 -8.40576
36.64 -8.33933
36.65 -8.27278
36.66 -8.20612
36.67 -8.13938
36.68 -8.07259
36.69 -8.00579
36.7 -7.93902
36.71 -7.87233
36.72 -7.80578
36.73 -7.7394
36.74 -7.67325
36.75 -7.60736
36.76 -7.54177
36.77 -7.4765
36.78 -7.41156
36.79 -7.34695
36.8 -7.28268
36.81 -7.21873
36.82 -7.15509
36.83 -7.09175
36.84 -7.02869
36.85 -6.96591
36.86 -6.9034
36.87 -6.84115
36.88 -6.77916
36.89 -6.71744
36.9 -6.65596
36.91 -6.59473
36.92 -6.53375
36.93 -6.473
36.94 -6.41247
36.95 -6.35215
36.96 -6.29201
36.97 -6.23203
36.98 -6.1722
36.99 -6.11248
37 -6.05285
37.01 -5.99328
37.02 -5.93375
37.03 -5.87425
37.04 -5.81476
37.05 -5.75528
37.06 -5.6958
37.07 -5.63631
37.08 -5.57682
37.09 -5.51732
37.1 -5.45779
37.11 -5.39822
37.12 -5.3386
37.13 -5.27888
37.14 -5.21904
37.15 -5.15903
37.16 -5.09881
37.17 -5.03834
37.18 -4.97757
37.19 -4.91645
37.2 -4.85495
37.21 -4.79303
37.22 -4.73066
37.23 -4.66781
37.24 -4.60446
37.25 -4.5406
37.26 -4.4762
37.27 -4.41125
37.28 -4.34575
37.29 -4.27969
37.3 -4.21307
37.31 -4.14588
37.32 -4.07812
37.33 -4.00978
37.34 -3.94089
37.35 -3.87144
37.36 -3.80143
37.37 -3.73089
37.38 -3.65983
37.39 -3.58826
37.4 -3.51622
37.41 -3.44371
37.42 -3.37077
37.43 -3.29741
37.44 -3.22368
37.45 -3.14958
37.46 -3.07515
37.47 -3.00039
37.48 -2.92533
37.49 -2.84996
37.5 -2.7743
37.51 -2.69833
37.52 -2.62205
37.53 -2.54544
37.54 -2.46848
37.55 -2.39114
37.56 -2.31342
37.57 -2.23529
37.58 -2.15673
37.59 -2.07774
37.6 -1.99831
37.61 -1.91842
37.62 -1.83809
37.63 -1.75731
37.64 -1.67609
37.65 -1.59442
37.66 -1.51233
37.67 -1.42982
37.68 -1.34691
37.69 -1.26359
37.7 -1.1799
37.71 -1.09584
37.72 -1.01143
37.73 -0.926693
37.74 -0.841654
37.75 -0.756332
37.76 -0.670753
37.77 -0.584946
37.78 -0.498943
37.79 -0.412776
37.8 -0.326476
37.81 -0.240079
37.82 -0.153622
37.83 -0.0671405
37.84 0.0193331
37.85 0.105769
37.86 0.192139
37.87 0.27842
37.88 0.364592
37.89 0.450643
37.9 0.536565
37.91 0.622354
37.92 0.708005
37.93 0.79352
37.94 0.878903
37.95 0.964157
37.96 1.04929
37.97 1.1343
37.98 1.21919
37.99 1.30398
38 1.38865
38.01 1.47323
38.02 1.55771
38.03 1.64208
38.04 1.72637
38.05 1.81056
38.06 1.89466
38.07 1.97867
38.08 2.06257
38.09 2.14637
38.1 2.23007
38.11 2.31365
38.12 2.39711
38.13 2.48044
38.14 2.56363
38.15 2.64668
38.16 2.72957
38.17 2.8123
38.18 2.89486
38.19 2.97726
38.2 3.0595
38.21 3.14157
38.22 3.22349
38.23 3.30526
38.24 3.34727
38.25 3.38802
38.26 3.42873
38.27 3.4694
38.28 3.51004
38.29 3.55066
38.3 3.59126
38.31 3.63187
38.32 3.67248
38.33 3.71309
38.34 3.75373
38.35 3.79438
38.36 3.83506
38.37 3.87577
38.38 3.91651
38.39 3.95727
38.4 3.99807
38.41 4.03892
38.42 4.0798
38.43 4.12073
38.44 4.16171
38.45 4.20274
38.46 4.24383
38.47 4.28498
38.48 4.32618
38.49 4.36743
38.5 4.40872
38.51 4.45005
38.52 4.49141
38.53 4.53278
38.54 4.57416
38.55 4.61552
38.56 4.65686
38.57 4.69815
38.58 4.73938
38.59 4.78052
38.6 4.82157
38.61 4.86251
38.62 4.90331
38.63 4.94396
38.64 4.98445
38.65 5.02477
38.66 5.06489
38.67 5.10481
38.68 5.14453
38.69 5.18402
38.7 5.22329
38.71 5.26233
38.72 5.30113
38.73 5.33968
38.74 5.37799
38.75 5.41604
38.76 5.45383
38.77 5.49136
38.78 5.52862
38.79 5.56561
38.8 5.60232
38.81 5.63874
38.82 5.67488
38.83 5.71072
38.84 5.74625
38.85 5.78147
38.86 5.81638
38.87 5.85095
38.88 5.88519
38.89 5.91908
38.9 5.95262
38.91 5.98581
38.92 6.01863
38.93 6.05108
38.94 6.08316
38.95 6.11487
38.96 6.1462
38.97 6.17715
38.98 6.20772
38.99 6.23791
39 6.26771
39.01 6.29713
39.02 6.32616
39.03 6.35481
39.04 6.38306
39.05 6.41091
39.06 6.43837
39.07 6.46544
39.08 6.4921
39.09 6.51837
39.1 6.54425
39.11 6.56974
39.12 6.59486
39.13 6.6196
39.14 6.64397
39.15 6.66799
39.16 6.69167
39.17 6.71502
39.18 6.73805
39.19 6.76077
39.2 6.78319
39.21 6.80531
39.22 6.82716
39.23 6.84874
39.24 6.87005
39.25 6.8911
39.26 6.91191
39.27 6.93247
39.28 6.9528
39.29 6.9729
39.3 6.99277
39.31 7.01242
39.32 7.03187
39.33 7.0511
39.34 7.07012
39.35 7.08895
39.36 7.10758
39.37 7.12602
39.38 7.14427
39.39 7.16233
39.4 7.1802
39.41 7.1979
39.42 7.21541
39.43 7.23273
39.44 7.24988
39.45 7.26684
39.46 7.28361
39.47 7.3002
39.48 7.3166
39.49 7.33281
39.5 7.34883
39.51 7.36467
39.52 7.38031
39.53 7.39578
39.54 7.41105
39.55 7.42615
39.56 7.44107
39.57 7.45581
39.58 7.47037
39.59 7.48475
39.6 7.49896
39.61 7.513
39.62 7.52686
39.63 7.54054
39.64 7.55404
39.65 7.56736
39.66 7.58049
39.67 7.59343
39.68 7.60617
39.69 7.61872
39.7 7.63107
39.71 7.64322
39.72 7.65516
39.73 7.66688
39.74 7.67839
39.75 7.68968
39.76 7.70075
39.77 7.71159
39.78 7.72221
39.79 7.73258
39.8 7.74272
39.81 7.75261
39.82 7.76226
39.83 7.77165
39.84 7.78079
39.85 7.78967
39.86 7.79829
39.87 7.80665
39.88 7.81473
39.89 7.82255
39.9 7.8301
39.91 7.83737
39.92 7.84438
39.93 7.85111
39.94 7.85757
39.95 7.86375
39.96 7.86967
39.97 7.87531
39.98 7.88067
39.99 7.88577
40 7.89059
