0.01 0 0
0.02 0.000658 20000.7
0.03 0.000613722 20000.6
0.04 0.000441468 20000.4
0.05 0.000457451 20000.5
0.06 0.00028777 20000.3
0.07 -0.000879164 19999.1
0.08 -0.00376697 19996.2
0.09 -0.00877505 19991.2
0.1 -0.0161283 19983.9
0.11 -0.0260631 19973.9
0.12 -0.0387679 19961.2
0.13 -0.0541941 19945.8
0.14 -0.0720243 19928
0.15 -0.091868 19908.1
0.16 -0.113461 19886.5
0.17 -0.136673 19863.3
0.18 -0.161384 19838.6
0.19 -0.187449 19812.6
0.2 -0.214783 19785.2
0.21 -0.243466 19756.5
0.22 -0.273691 19726.3
0.23 -0.305647 19694.4
0.24 -0.339483 19660.5
0.25 -0.375387 19624.6
0.26 -0.413664 19586.3
0.27 -0.454714 19545.3
0.28 -0.498935 19501.1
0.29 -0.546702 19453.3
0.3 -0.598425 19401.6
0.31 -0.654597 19345.4
0.32 -0.71574 19284.3
0.33 -0.782314 19217.7
0.34 -0.854681 19145.3
0.35 -0.933157 19066.8
0.36 -1.01804 18982
0.37 -1.10956 18890.4
0.38 -1.20783 18792.2
0.39 -1.31278 18687.2
0.4 -1.42429 18575.7
0.41 -1.5422 18457.8
0.42 -1.66631 18333.7
0.43 -1.79631 18203.7
0.44 -1.93184 18068.2
0.45 -2.07254 17927.5
0.46 -2.21813 17781.9
0.47 -2.36838 17631.6
0.48 -2.52303 17477
0.49 -2.68182 17318.2
0.5 -2.84456 17155.4
0.51 -3.01112 16988.9
0.52 -3.1814 16818.6
0.53 -3.35528 16644.7
0.54 -3.53259 16467.4
0.55 -3.71325 16286.7
0.56 -3.89723 16102.8
0.57 -4.08454 15915.5
0.58 -4.27515 15724.9
0.59 -4.46899 15531
0.6 -4.66606 15333.9
0.61 -4.86635 15133.7
0.62 -5.06979 14930.2
0.63 -5.27613 14723.9
0.64 -5.485 14515
0.65 -5.69588 14304.1
0.66 -5.90821 14091.8
0.67 -6.12129 13878.7
0.68 -6.33424 13665.8
0.69 -6.54611 13453.9
0.7 -6.75605 13243.9
0.71 -6.9634 13036.6
0.72 -7.16764 12832.4
0.73 -7.3684 12631.6
0.74 -7.56552 12434.5
0.75 -7.7592 12240.8
0.76 -7.94995 12050.1
0.77 -8.1384 11861.6
0.78 -8.32517 11674.8
0.79 -8.51081 11489.2
0.8 -8.69579 11304.2
0.81 -8.88045 11119.6
0.82 -9.06474 10935.3
0.83 -9.24809 10751.9
0.84 -9.42941 10570.6
0.85 -9.60733 10392.7
0.86 -9.78019 10219.8
0.87 -9.94599 10054
0.88 -10.1023 -10051.1
0.89 -10.245 -10122.5
0.9 -10.3717 -10185.8
0.91 -10.4802 -10240.1
0.92 -10.5687 -10284.4
0.93 -10.6354 -10317.7
0.94 -10.6788 -10339.4
0.95 -10.6986 -10349.3
0.96 -10.6957 -10346.4
0.97 -10.6709 -10321.6
0.98 -10.6255 -10276.2
0.99 -10.5615 -10212.2
1 -10.4816 -10132.3
1.01 -10.3887 -10039.3
1.02 -10.2846 -9935.26
1.03 -10.1707 -9821.43
1.04 -10.0484 -9699.09
1.05 -9.9186 -9569.29
1.06 -9.7814 -9432.09
1.07 -9.63587 -9286.56
1.08 -9.48107 -9131.76
1.09 -9.31666 -8967.35
1.1 -9.14246 -8793.15
1.11 -8.95818 -8608.87
1.12 -8.76405 -8414.74
1.13 -8.56104 -8211.73
1.14 -8.35062 -8001.31
1.15 -8.13457 -7785.26
1.16 -7.91493 -7565.62
1.17 -7.69387 -7344.56
1.18 -7.47346 -7124.15
1.19 -7.25574 -6906.43
1.2 -7.0427 -6693.39
1.21 -6.83585 -6486.54
1.22 -6.63588 -6286.57
1.23 -6.44266 -6093.35
1.24 -6.25551 -5906.2
1.25 -6.07353 -5724.22
1.26 -5.89498 -5545.67
1.27 -5.71715 -5367.84
1.28 -5.53716 -5187.86
1.29 -5.35278 -5003.47
1.3 -5.16219 -4812.88
1.31 -4.96322 -4613.91
1.32 -4.75363 -4404.32
1.33 -4.53236 -4183.05
1.34 -4.29919 -3949.88
1.35 -4.05366 -3704.35
1.36 -3.79531 -3446
1.37 -3.52452 -3175.21
1.38 -3.24239 -2893.08
1.39 -2.95045 -2601.14
1.4 -2.65055 -2301.24
1.41 -2.34496 -1995.65
1.42 -2.03645 -1687.14
1.43 -1.728 -1378.69
1.44 -1.42239 -1073.08
1.45 -1.12203 -772.724
1.46 -0.828944 -479.634
1.47 -0.544862 -195.553
1.48 -0.271146 78.163
1.49 -0.00861977 340.69
1.5 0.241855 591.165
1.51 0.47875 828.059
1.52 0.70033 1049.64
1.53 0.905155 1254.46
1.54 1.09138 1440.69
1.55 1.25618 1605.49
1.56 1.39688 1746.19
1.57 1.51207 1861.38
1.58 1.60117 1950.48
1.59 1.66357 2012.88
1.6 1.6991 2048.41
1.61 1.70922 2058.53
1.62 1.69675 2046.06
1.63 1.66439 2013.7
1.64 1.61422 1963.53
1.65 1.54854 1897.85
1.66 1.47038 1819.69
1.67 1.38241 1731.72
1.68 1.28612 1635.43
1.69 1.18261 1531.92
1.7 1.07329 1422.6
1.71 0.959454 1308.76
1.72 0.841781 1191.09
1.73 0.720477 1069.79
1.74 0.595454 944.763
1.75 0.466225 815.535
1.76 0.332136 681.446
1.77 0.192433 541.743
1.78 0.0460198 395.329
1.79 -0.108467 240.843
1.8 -0.272034 77.2757
1.81 -0.44488 -95.5703
1.82 -0.626798 -277.488
1.83 -0.817773 -468.464
1.84 -1.01758 -668.268
1.85 -1.22514 -875.833
1.86 -1.43892 -1089.61
1.87 -1.65769 -1308.38
1.88 -1.88044 -1531.13
1.89 -2.1057 -1756.39
1.9 -2.33109 -1981.78
1.91 -2.55381 -2204.5
1.92 -2.77111 -2421.8
1.93 -2.97977 -2630.47
1.94 -3.17562 -2826.31
1.95 -3.35444 -3005.13
1.96 -3.51297 -3163.66
1.97 -3.64885 -3299.54
1.98 -3.76028 -3410.97
1.99 -3.84667 -3497.36
2 -3.90899 -3559.68
2.01 -3.94918 -3599.87
2.02 -3.96961 -3620.3
2.03 -3.97327 -3623.97
2.04 -3.96338 -3614.07
2.05 -3.94324 -3593.93
2.06 -3.91666 -3567.35
2.07 -3.88783 -3538.52
2.08 -3.86101 -3511.7
2.09 -3.8408 -3491.49
2.1 -3.83207 -3482.76
2.11 -3.83939 -3490.08
2.12 -3.86609 -3516.78
2.13 -3.91366 -3564.35
2.14 -3.98162 -3632.31
2.15 -4.06738 -3718.07
2.16 -4.16604 -3816.73
2.17 -4.2705 -3921.19
2.18 -4.37237 -4023.06
2.19 -4.46308 -4113.77
2.2 -4.53466 -4185.35
2.21 -4.58019 -4230.89
2.22 -4.59415 -4244.84
2.23 -4.57261 -4223.3
2.24 -4.51352 -4164.21
2.25 -4.41675 -4067.44
2.26 -4.28365 -3934.34
2.27 -4.11634 -3767.03
2.28 -3.91762 -3568.31
2.29 -3.6917 -3342.39
2.3 -3.44395 -3094.64
2.31 -3.17959 -2830.28
2.32 -2.90338 -2554.07
2.33 -2.62014 -2270.83
2.34 -2.33488 -1985.57
2.35 -2.05221 -1702.9
2.36 -1.77558 -1426.27
2.37 -1.50762 -1158.31
2.38 -1.25109 -901.782
2.39 -1.00909 -659.785
2.4 -0.784447 -435.137
2.41 -0.579599 -230.29
2.42 -0.397044 -47.7345
2.43 -0.239549 109.761
2.44 -0.110091 239.219
2.45 -0.0114994 337.81
2.46 0.0539234 403.233
2.47 0.0841794 433.489
2.48 0.0771762 426.486
2.49 0.0306995 380.009
2.5 -0.0571671 292.142
2.51 -0.187517 161.793
2.52 -0.360555 -11.2456
2.53 -0.575817 -226.508
2.54 -0.831827 -482.517
2.55 -1.12531 -776.003
2.56 -1.45077 -1101.46
2.57 -1.80081 -1451.5
2.58 -2.16709 -1817.78
2.59 -2.541 -2191.69
2.6 -2.91372 -2564.41
2.61 -3.2765 -2927.19
2.62 -3.6223 -3273
2.63 -3.94709 -3597.78
2.64 -4.24944 -3900.13
2.65 -4.52984 -4180.53
2.66 -4.79072 -4441.41
2.67 -5.03664 -4687.33
2.68 -5.27378 -4924.47
2.69 -5.50869 -5159.38
2.7 -5.74729 -5397.98
2.71 -5.99474 -5645.43
2.72 -6.2556 -5906.29
2.73 -6.53357 -6184.26
2.74 -6.83099 -6481.68
2.75 -7.1488 -6799.49
2.76 -7.48712 -7137.81
2.77 -7.84577 -7496.46
2.78 -8.22434 -7875.03
2.79 -8.62216 -8272.85
2.8 -9.03839 -8689.08
2.81 -9.47222 -9122.91
2.82 -9.92305 -9573.74
2.83 -10.3905 -10041.2
2.84 -10.8737 -10436.8
2.85 -11.3714 -10685.7
2.86 -11.8819 -10941
2.87 -12.4034 -11201.7
2.88 -12.9336 -11466.8
2.89 -13.4697 -11734.9
2.9 -14.0083 -12004.2
2.91 -14.546 -12273
2.92 -15.0793 -12539.6
2.93 -15.6047 -12802.3
2.94 -16.1183 -13059.2
2.95 -16.6167 -13308.3
2.96 -17.0969 -13548.5
2.97 -17.5563 -13778.2
2.98 -17.9927 -13996.3
2.99 -18.4044 -14202.2
3 -18.7905 -14395.3
3.01 -19.1502 -14575.1
3.02 -19.4829 -14741.5
3.03 -19.7882 -14894.1
3.04 -20.0652 -15010.9
3.05 -20.3128 -15052.1
3.06 -20.5292 -15088.2
3.07 -20.7128 -15118.8
3.08 -20.8616 -15143.6
3.09 -20.9737 -15162.3
3.1 -21.0485 -15174.7
3.11 -21.0863 -15181
3.12 -21.0888 -15181.5
3.13 -21.0594 -15152.1
3.14 -21.0034 -15096
3.15 -20.9269 -15019.5
3.16 -20.8365 -14929.1
3.17 -20.7389 -14831.6
3.18 -20.6405 -14733.1
3.19 -20.5458 -14638.5
3.2 -20.4578 -14550.4
3.21 -20.3775 -14470.2
3.22 -20.3049 -14397.6
3.23 -20.2384 -14331.1
3.24 -20.1749 -14267.6
3.25 -20.1112 -14203.8
3.26 -20.0449 -14137.5
3.27 -19.974 -14066.7
3.28 -19.8965 -13989.2
3.29 -19.8114 -13904.1
3.3 -19.7194 -13812.1
3.31 -19.6215 -13714.2
3.32 -19.5182 -13610.8
3.33 -19.41 -13502.6
3.34 -19.2979 -13390.6
3.35 -19.1827 -13275.4
3.36 -19.0644 -13157.1
3.37 -18.9427 -13035.4
3.38 -18.8175 -12910.2
3.39 -18.6889 -12781.5
3.4 -18.5567 -12649.3
3.41 -18.4206 -12513.2
3.42 -18.2803 -12373
3.43 -18.1358 -12228.4
3.44 -17.9867 -12079.4
3.45 -17.8333 -11925.9
3.46 -17.6765 -11769.1
3.47 -17.5181 -11610.7
3.48 -17.3608 -11453.5
3.49 -17.2089 -11301.5
3.5 -17.0675 -11160.2
3.51 -16.9424 -11035.1
3.52 -16.839 -10931.7
3.53 -16.7622 -10854.9
3.54 -16.7153 -10808
3.55 -16.6998 -10792.4
3.56 -16.7147 -10807.4
3.57 -16.757 -10849.7
3.58 -16.8215 -10914.2
3.59 -16.9021 -10994.7
3.6 -16.992 -11084.7
3.61 -17.0857 -11178.4
3.62 -17.1787 -11271.3
3.63 -17.2683 -11360.9
3.64 -17.354 -11446.6
3.65 -17.4379 -11530.5
3.66 -17.5241 -11616.8
3.67 -17.6174 -11710.1
3.68 -17.7221 -11814.8
3.69 -17.8429 -11935.6
3.7 -17.984 -12076.7
3.71 -18.1482 -12240.9
3.72 -18.3362 -12428.9
3.73 -18.5477 -12640.4
3.74 -18.7824 -12875
3.75 -19.0393 -13131.9
3.76 -19.317 -13409.7
3.77 -19.6143 -13707
3.78 -19.9305 -14023.2
3.79 -20.2651 -14357.8
3.8 -20.6182 -14710.8
3.81 -20.9896 -15082.3
3.82 -21.3789 -15229.8
3.83 -21.7844 -15297.4
3.84 -22.2046 -15367.4
3.85 -22.6382 -15439.7
3.86 -23.0829 -15513.8
3.87 -23.5358 -15589.3
3.88 -23.9948 -15665.8
3.89 -24.4588 -15743.1
3.9 -24.9278 -15821.3
3.91 -25.4017 -15900.3
3.92 -25.8811 -15980.2
3.93 -26.367 -16061.2
3.94 -26.8607 -16143.4
3.95 -27.3631 -16227.2
3.96 -27.8737 -16312.3
3.97 -28.3902 -16398.4
3.98 -28.9094 -16484.9
3.99 -29.427 -16571.2
4 -29.9378 -16656.3
4.01 -30.4352 -16739.2
4.02 -30.9123 -16818.7
4.03 -31.3633 -16893.9
4.04 -31.7832 -16963.9
4.05 -32.1679 -17028
4.06 -32.5142 -17085.7
4.07 -32.8195 -17136.6
4.08 -33.0827 -17180.4
4.09 -33.3028 -17217.1
4.1 -33.4792 -17246.5
4.11 -33.6108 -17268.5
4.12 -33.6964 -17282.7
4.13 -33.7349 -17289.1
4.14 -33.725 -17279.3
4.15 -33.6655 -17219.7
4.16 -33.5549 -17109.1
4.17 -33.3918 -16946.1
4.18 -33.1753 -16729.6
4.19 -32.9054 -16459.6
4.2 -32.5829 -16137.2
4.21 -32.2096 -15763.9
4.22 -31.7886 -15342.8
4.23 -31.3249 -14879.2
4.24 -30.8258 -14380.1
4.25 -30.3 -13854.2
4.26 -29.7566 -13310.9
4.27 -29.206 -12760.2
4.28 -28.6581 -12212.4
4.29 -28.1223 -11676.6
4.3 -27.6064 -11160.7
4.31 -27.1162 -10670.4
4.32 -26.6555 -10209.8
4.33 -26.227 -9781.27
4.34 -25.8318 -9386.07
4.35 -25.4705 -9024.82
4.36 -25.1437 -8698.02
4.37 -24.8522 -8406.44
4.38 -24.5972 -8151.43
4.39 -24.3808 -7935.1
4.4 -24.2058 -7760.11
4.41 -24.0748 -7629.03
4.42 -23.9894 -7543.65
4.43 -23.9503 -7504.57
4.44 -23.9567 -7510.97
4.45 -24.0061 -7560.37
4.46 -24.0939 -7648.19
4.47 -24.2134 -7767.68
4.48 -24.3565 -7910.75
4.49 -24.515 -8069.25
4.5 -24.6813 -8235.6
4.51 -24.8482 -8402.49
4.52 -25.009 -8563.25
4.53 -25.1588 -8713.06
4.54 -25.2948 -8849.04
4.55 -25.4147 -8968.99
4.56 -25.5161 -9070.4
4.57 -25.5963 -9150.55
4.58 -25.6526 -9206.86
4.59 -25.6823 -9236.53
4.6 -25.6818 -9236.08
4.61 -25.6477 -9201.92
4.62 -25.5771 -9131.39
4.63 -25.469 -9023.31
4.64 -25.3237 -8877.94
4.65 -25.1428 -8697.05
4.66 -24.9294 -8483.65
4.67 -24.6871 -8241.36
4.68 -24.4196 -7973.85
4.69 -24.13 -7684.3
4.7 -23.8208 -7375.1
4.71 -23.4931 -7047.35
4.72 -23.1466 -6700.83
4.73 -22.7803 -6334.62
4.74 -22.3936 -5947.87
4.75 -21.9859 -5540.2
4.76 -21.5574 -5111.7
4.77 -21.1086 -4662.84
4.78 -20.6405 -4194.8
4.79 -20.1554 -3709.72
4.8 -19.6562 -3210.44
4.81 -19.1454 -2699.7
4.82 -18.6254 -2179.7
4.83 -18.0984 -1652.62
4.84 -17.567 -1121.24
4.85 -17.0345 -588.801
4.86 -16.504 -58.3154
4.87 -15.978 467.774
4.88 -15.4586 987.168
4.89 -14.9486 1497.15
4.9 -14.4507 1994.99
4.91 -13.9663 2479.39
4.92 -13.4944 2831.12
4.93 -13.0329 3061.86
4.94 -12.5814 3287.6
4.95 -12.1398 3508.38
4.96 -11.706 3725.29
4.97 -11.2779 3939.34
4.98 -10.8576 4149.47
4.99 -10.4497 4353.42
5 -10.0581 4549.26
5.01 -9.68646 4735.06
5.02 -9.34026 4908.16
5.03 -9.02536 5065.61
5.04 -8.74633 5205.13
5.05 -8.50573 5325.43
5.06 -8.30449 5426.05
5.07 -8.14261 5506.99
5.08 -8.01966 5568.46
5.09 -7.93484 5610.87
5.1 -7.8868 5634.89
5.11 -7.87415 5641.22
5.12 -7.89647 5618.9
5.13 -7.95449 5560.87
5.14 -8.04929 5466.08
5.15 -8.18152 5333.85
5.16 -8.35124 5164.13
5.17 -8.5579 4957.47
5.18 -8.80007 4715.3
5.19 -9.07502 4440.35
5.2 -9.37833 4137.04
5.21 -9.70432 3811.04
5.22 -10.047 3468.36
5.23 -10.4007 3114.66
5.24 -10.7604 2754.99
5.25 -11.1218 2393.61
5.26 -11.4818 2033.61
5.27 -11.8389 1676.49
5.28 -12.1932 1322.12
5.29 -12.5461 969.248
5.3 -12.8994 615.947
5.31 -13.2554 259.988
5.32 -13.6164 -100.997
5.33 -13.9847 -469.369
5.34 -14.3626 -847.271
5.35 -14.7517 -1236.36
5.36 -15.1528 -1637.45
5.37 -15.5658 -2050.47
5.38 -15.9901 -2474.72
5.39 -16.4243 -2908.94
5.4 -16.8664 -3351.05
5.41 -17.3131 -3797.75
5.42 -17.7599 -4244.56
5.43 -18.2019 -4686.52
5.44 -18.634 -5118.61
5.45 -19.051 -5535.66
5.46 -19.4473 -5931.92
5.47 -19.8166 -6301.24
5.48 -20.1534 -6638
5.49 -20.4531 -6937.72
5.5 -20.7119 -7196.56
5.51 -20.9256 -7410.26
5.52 -21.0893 -7573.89
5.53 -21.1984 -7683.02
5.54 -21.2511 -7735.72
5.55 -21.2486 -7733.21
5.56 -21.1842 -7668.88
5.57 -21.0599 -7544.55
5.58 -20.8752 -7359.85
5.59 -20.6381 -7122.71
5.6 -20.3487 -6833.37
5.61 -20.0107 -6495.29
5.62 -19.6297 -6114.34
5.63 -19.2117 -5696.38
5.64 -18.7606 -5245.21
5.65 -18.2779 -4762.48
5.66 -17.7643 -4248.94
5.67 -17.2204 -3705.06
5.68 -16.6456 -3130.26
5.69 -16.0376 -2522.27
5.7 -15.3932 -1877.85
5.71 -14.7095 -1194.12
5.72 -13.9845 -469.166
5.73 -13.2172 298.135
5.74 -12.4067 1108.62
5.75 -11.5526 1962.81
5.76 -10.6551 2860.3
5.77 -9.71589 3799.48
5.78 -8.73714 4778.23
5.79 -7.72058 5718
5.8 -6.66761 6244.49
5.81 -5.57975 6788.42
5.82 -4.45862 7348.98
5.83 -3.30542 7925.58
5.84 -2.12064 8517.97
5.85 -0.904436 9126.07
5.86 0.342996 9749.79
5.87 1.6211 10388.8
5.88 2.929 11042.8
5.89 4.26568 11711.1
5.9 5.62996 12393.3
5.91 7.02034 12836.7
5.92 8.43505 13072.5
5.93 9.8725 13312.1
5.94 11.3315 13555.3
5.95 12.8117 13802
5.96 14.3132 14052.2
5.97 15.8363 14306
5.98 17.3813 14563.6
5.99 18.9489 14824.8
6 20.5396 15089.9
6.01 22.1534 15358.9
6.02 23.7894 15631.6
6.03 25.4451 15907.5
6.04 27.118 16186.3
6.05 28.8044 16467.4
6.06 30.4994 16749.9
6.07 32.1972 17032.9
6.08 33.8914 17315.2
6.09 35.5754 17595.9
6.1 37.2429 17873.8
6.11 38.8874 18147.9
6.12 40.5031 18417.2
6.13 42.0854 18680.9
6.14 43.6307 18938.4
6.15 45.1366 19189.4
6.16 46.6021 19433.7
6.17 48.027 19671.2
6.18 49.4121 19902
6.19 50.7589 20126.5
6.2 52.0686 20344.8
6.21 53.3427 20557.1
6.22 54.5822 20763.7
6.23 55.7873 20964.5
6.24 56.9576 21159.6
6.25 58.0925 21348.7
6.26 59.1905 21531.7
6.27 60.2504 21708.4
6.28 61.2709 21878.5
6.29 62.2505 22041.8
6.3 63.1884 22198.1
6.31 64.0838 22347.3
6.32 64.9363 22489.4
6.33 65.7454 22624.2
6.34 66.5101 22751.7
6.35 67.2297 22871.6
6.36 67.9035 22983.9
6.37 68.5307 23088.4
6.38 69.1105 23185.1
6.39 69.6426 23273.8
6.4 70.1274 23354.6
6.41 70.5663 23427.7
6.42 70.9615 23493.6
6.43 71.3158 23552.6
6.44 71.6329 23605.5
6.45 71.917 23652.8
6.46 72.173 23695.5
6.47 72.4053 23734.2
6.48 72.6183 23769.7
6.49 72.8158 23802.6
6.5 73.0015 23833.6
6.51 73.1778 23863
6.52 73.3466 23891.1
6.53 73.5089 23918.1
6.54 73.6647 23944.1
6.55 73.8135 23968.9
6.56 73.9544 23992.4
6.57 74.0862 24014.4
6.58 74.2079 24034.7
6.59 74.3186 24053.1
6.6 74.4176 24069.6
6.61 74.505 24084.2
6.62 74.5816 24096.9
6.63 74.6478 24108
6.64 74.7045 24117.4
6.65 74.752 24125.3
6.66 74.7908 24131.8
6.67 74.8209 24136.8
6.68 74.8417 24140.3
6.69 74.8523 24142
6.7 74.852 24141.8
6.71 74.8409 24130.6
6.72 74.8193 24109.1
6.73 74.7887 24078.5
6.74 74.7514 24041.1
6.75 74.7109 24000.7
6.76 74.6717 23961.5
6.77 74.6382 23928
6.78 74.615 23904.7
6.79 74.6057 23895.5
6.8 74.6136 23903.4
6.81 74.6404 23930.2
6.82 74.687 23976.7
6.83 74.7528 24042.5
6.84 74.8367 24126.4
6.85 74.9372 24156.2
6.86 75.053 24175.5
6.87 75.1826 24197.1
6.88 75.3251 24220.9
6.89 75.4802 24246.7
6.9 75.6478 24274.6
6.91 75.8285 24304.7
6.92 76.0228 24337.1
6.93 76.2321 24372
6.94 76.4579 24409.6
6.95 76.7014 24450.2
6.96 76.9643 24494
6.97 77.2479 24541.3
6.98 77.5536 24592.3
6.99 77.8815 24646.9
7 78.2305 24705.1
7.01 78.5987 24766.5
7.02 78.9831 24830.5
7.03 79.3794 24896.6
7.04 79.7827 24963.8
7.05 80.1877 25031.3
7.06 80.5894 25098.2
7.07 80.9837 25164
7.08 81.3672 25227.9
7.09 81.7369 25289.5
7.1 82.0908 25348.5
7.11 82.4271 25404.5
7.12 82.7443 25457.4
7.13 83.0405 25506.7
7.14 83.313 25552.2
7.15 83.5588 25593.1
7.16 83.7744 25629.1
7.17 83.9566 25659.4
7.18 84.1025 25683.8
7.19 84.2093 25701.6
7.2 84.2753 25712.5
7.21 84.3001 25716.7
7.22 84.2853 25701.8
7.23 84.2331 25649.7
7.24 84.1469 25563.5
7.25 84.031 25447.6
7.26 83.8905 25307.1
7.27 83.7312 25147.8
7.28 83.5586 24975.1
7.29 83.3775 24794.1
7.3 83.1927 24609.2
7.31 83.0085 24425.1
7.32 82.8289 24245.5
7.33 82.6567 24073.3
7.34 82.4937 23910.3
7.35 82.3411 23757.6
7.36 82.1992 23615.7
7.37 82.0678 23484.3
7.38 81.9456 23362.2
7.39 81.8305 23247.1
7.4 81.72 23136.5
7.41 81.6116 23028.2
7.42 81.5029 22919.5
7.43 81.3913 22807.9
7.44 81.2741 22690.6
7.45 81.1489 22565.5
7.46 81.0139 22430.4
7.47 80.8674 22284
7.48 80.7081 22124.7
7.49 80.5346 21951.1
7.5 80.3458 21762.4
7.51 80.1413 21557.9
7.52 79.9212 21337.7
7.53 79.6856 21102.1
7.54 79.4349 20851.5
7.55 79.1698 20586.3
7.56 78.891 20307.6
7.57 78.6001 20016.7
7.58 78.2983 19714.9
7.59 77.9865 19403
7.6 77.6652 19081.8
7.61 77.3353 18751.9
7.62 76.9977 18414.3
7.63 76.6534 18069.9
7.64 76.3029 17719.4
7.65 75.9471 17363.6
7.66 75.5879 17004.5
7.67 75.229 16645.5
7.68 74.8748 16291.4
7.69 74.5309 15947.4
7.7 74.2027 15619.3
7.71 73.8976 15314.2
7.72 73.6244 15041
7.73 73.392 14808.5
7.74 73.2059 14622.5
7.75 73.0677 14484.2
7.76 72.9855 14402.1
7.77 72.9588 14375.3
7.78 72.9881 14404.6
7.79 73.065 14481.5
7.8 73.1883 14604.9
7.81 73.3538 14770.4
7.82 73.5549 14971.5
7.83 73.7853 15201.9
7.84 74.0403 15456.9
7.85 74.3167 15733.2
7.86 74.6116 16028.2
7.87 74.9223 16338.9
7.88 75.2462 16662.8
7.89 75.5816 16998.2
7.9 75.9277 17344.3
7.91 76.2838 17700.3
7.92 76.6487 18065.3
7.93 77.0214 18437.9
7.94 77.401 18817.6
7.95 77.7875 19204.1
7.96 78.1805 19597
7.97 78.5791 19995.7
7.98 78.9826 20399.1
7.99 79.3901 20806.7
8 79.8016 21218.1
8.01 80.2166 21633.2
8.02 80.635 22051.5
8.03 81.0565 22473.1
8.04 81.4814 22898
8.05 81.9105 23327.1
8.06 82.3445 23761.1
8.07 82.7836 24200.2
8.08 83.2278 24644.3
8.09 83.6767 25093.3
8.1 84.1299 25546.5
8.11 84.5861 25764.4
8.12 85.0437 25840.6
8.13 85.5009 25916.8
8.14 85.956 25992.7
8.15 86.4075 26067.9
8.16 86.8541 26142.3
8.17 87.2951 26215.8
8.18 87.7302 26288.4
8.19 88.1596 26359.9
8.2 88.5836 26430.6
8.21 89.0027 26500.5
8.22 89.418 26569.7
8.23 89.83 26638.3
8.24 90.239 26706.5
8.25 90.645 26774.2
8.26 91.0474 26841.2
8.27 91.4459 26907.7
8.28 91.8394 26973.2
8.29 92.226 27037.7
8.3 92.6036 27100.6
8.31 92.97 27161.7
8.32 93.3232 27220.5
8.33 93.6608 27276.8
8.34 93.9799 27330
8.35 94.2776 27379.6
8.36 94.5511 27425.2
8.37 94.7975 27466.3
8.38 95.0139 27502.3
8.39 95.196 27532.7
8.4 95.3385 27556.4
8.41 95.4359 27572.7
8.42 95.4836 27580.6
8.43 95.4788 27575.8
8.44 95.4103 27507.3
8.45 95.2757 27372.7
8.46 95.0728 27169.9
8.47 94.7999 26896.9
8.48 94.4563 26553.4
8.49 94.0428 26139.8
8.5 93.56 25657
8.51 93.0179 25114.9
8.52 92.4174 24514.4
8.53 91.7617 23858.7
8.54 91.0553 23152.4
8.55 90.3032 22400.2
8.56 89.5086 21605.6
8.57 88.6741 20771.1
8.58 87.8022 19899.2
8.59 86.8966 18993.6
8.6 85.9619 18058.9
8.61 85.0028 17099.8
8.62 84.0242 16121.2
8.63 83.0313 15128.4
8.64 82.0302 14127.2
8.65 81.0268 13123.9
8.66 80.0265 12123.5
8.67 79.0333 11130.3
8.68 78.0503 10147.3
8.69 77.0796 9176.63
8.7 76.1226 8219.61
8.71 75.1797 7428.63
8.72 74.25 6963.83
8.73 73.3323 6504.94
8.74 72.4249 6051.25
8.75 71.527 5602.29
8.76 70.6377 5157.68
8.77 69.7564 4716.98
8.78 68.8821 4279.85
8.79 68.015 3846.28
8.8 67.1556 3416.62
8.81 66.3051 2991.34
8.82 65.4638 2570.69
8.83 64.632 2154.81
8.84 63.8103 1743.93
8.85 62.9992 1338.42
8.86 62.1991 938.378
8.87 61.4092 543.427
8.88 60.6283 152.953
8.89 59.8552 -233.573
8.9 59.0891 -616.643
8.91 58.3286 -996.885
8.92 57.5724 -1374.99
8.93 56.8196 -1751.4
8.94 56.0703 -2126.04
8.95 55.3257 -2445.72
8.96 54.5874 -2568.76
8.97 53.8576 -2690.4
8.98 53.1388 -2810.21
8.99 52.434 -2927.67
9 51.7463 -3042.28
9.01 51.0783 -3153.62
9.02 50.4317 -3261.39
9.03 49.8076 -3365.4
9.04 49.2067 -3465.56
9.05 48.6288 -3561.87
9.06 48.0734 -3654.43
9.07 47.5392 -3743.46
9.08 47.0242 -3829.3
9.09 46.5262 -3912.29
9.1 46.043 -3992.84
9.11 45.572 -4071.33
9.12 45.1107 -4148.22
9.13 44.6561 -4223.98
9.14 44.2062 -4298.97
9.15 43.7595 -4373.41
9.16 43.3153 -4447.45
9.17 42.8731 -4521.16
9.18 42.433 -4594.5
9.19 41.996 -4667.34
9.2 41.5634 -4739.43
9.21 41.1366 -4810.57
9.22 40.7163 -4880.62
9.23 40.303 -4949.51
9.24 39.8968 -5017.2
9.25 39.4978 -5083.71
9.26 39.1055 -5149.09
9.27 38.7192 -5213.47
9.28 38.3382 -5276.97
9.29 37.9625 -5339.58
9.3 37.5925 -5401.26
9.31 37.2285 -5461.91
9.32 36.8713 -5521.45
9.33 36.5213 -5579.78
9.34 36.1791 -5636.81
9.35 35.8448 -5692.54
9.36 35.5179 -5747.02
9.37 35.1974 -5800.43
9.38 34.8818 -5853.03
9.39 34.5693 -5905.11
9.4 34.2581 -5956.99
9.41 33.9463 -6008.95
9.42 33.6321 -6061.31
9.43 33.3139 -6114.35
9.44 32.9902 -6168.29
9.45 32.6602 -6223.31
9.46 32.323 -6279.51
9.47 31.9779 -6337.02
9.48 31.6243 -6395.95
9.49 31.2617 -6456.38
9.5 30.8899 -6518.35
9.51 30.5086 -6581.9
9.52 30.1177 -6647.06
9.53 29.7167 -6713.89
9.54 29.3056 -6782.41
9.55 28.8844 -6852.59
9.56 28.4535 -6924.41
9.57 28.0128 -6997.87
9.58 27.562 -7073
9.59 27.101 -7149.83
9.6 26.6297 -7228.39
9.61 26.1475 -7308.74
9.62 25.6539 -7391.02
9.63 25.1479 -7475.36
9.64 24.6287 -7561.88
9.65 24.0958 -7650.7
9.66 23.5487 -7741.88
9.67 22.9869 -7835.51
9.68 22.4099 -7931.69
9.69 21.8173 -8030.45
9.7 21.2093 -8131.78
9.71 20.5862 -8235.63
9.72 19.9485 -8341.91
9.73 19.2971 -8450.48
9.74 18.6333 -8561.12
9.75 17.9591 -8673.48
9.76 17.2773 -8787.11
9.77 16.5905 -8901.59
9.78 15.9011 -9016.48
9.79 15.212 -9131.33
9.8 14.5261 -9245.65
9.81 13.8457 -9359.04
9.82 13.1727 -9471.21
9.83 12.5085 -9581.92
9.84 11.8545 -9690.92
9.85 11.2121 -9797.98
9.86 10.5828 -9902.87
9.87 9.96753 -10005.4
9.88 9.36778 -10105.4
9.89 8.78516 -10202.5
9.9 8.22161 -10296.4
9.91 7.67898 -10386.8
9.92 7.15899 -10473.5
9.93 6.66306 -10556.2
9.94 6.1924 -10634.6
9.95 5.74788 -10708.7
9.96 5.32967 -10778.4
9.97 4.93705 -10843.8
9.98 4.56859 -10905.2
9.99 4.22257 -10962.9
10 3.89704 -11017.2
10.01 3.58962 -11068.4
10.02 3.29775 -11117
10.03 3.01912 -11163.5
10.04 2.7519 -11208
10.05 2.49466 -11250.9
10.06 2.24621 -11292.3
10.07 2.0057 -11332.4
10.08 1.77274 -11371.2
10.09 1.5474 -11408.8
10.1 1.33008 -11445
10.11 1.12137 -11479.8
10.12 0.921966 -11513
10.13 0.732557 -11544.6
10.14 0.5539 -11574.4
10.15 0.386662 -11602.2
10.16 0.231203 -11628.1
10.17 0.0874986 -11652.1
10.18 -0.044681 -11674.1
10.19 -0.16557 -11694.3
10.2 -0.275335 -11712.6
10.21 -0.374047 -11729
10.22 -0.461556 -11743.6
10.23 -0.53732 -11756.2
10.24 -0.600152 -11766.7
10.25 -0.648309 -11774.7
10.26 -0.679784 -11780
10.27 -0.692468 -11782.1
10.28 -0.684148 -11773.8
10.29 -0.652715 -11742.3
10.3 -0.596581 -11686.2
10.31 -0.514981 -11604.6
10.32 -0.408011 -11497.6
10.33 -0.276657 -11366.3
10.34 -0.122798 -11212.4
10.35 0.0509198 -11038.7
10.36 0.241259 -10848.4
10.37 0.444617 -10645
10.38 0.657333 -10432.3
10.39 0.875895 -10213.7
10.4 1.09715 -9992.46
10.41 1.31846 -9771.15
10.42 1.53766 -9551.95
10.43 1.753 -9336.61
10.44 1.96326 -9126.35
10.45 2.16781 -8921.8
10.46 2.36641 -8723.2
10.47 2.55894 -8530.67
10.48 2.74547 -8344.14
10.49 2.92634 -8163.27
10.5 3.10207 -7987.54
10.51 3.27313 -7816.48
10.52 3.43979 -7649.83
10.53 3.60221 -7487.4
10.54 3.76068 -7328.93
10.55 3.9155 -7174.11
10.56 4.0669 -7022.71
10.57 4.21501 -6874.6
10.58 4.36018 -6729.43
10.59 4.50306 -6586.55
10.6 4.64441 -6445.2
10.61 4.78494 -6304.67
10.62 4.9253 -6164.31
10.63 5.06615 -6023.46
10.64 5.20799 -5881.62
10.65 5.35108 -5738.53
10.66 5.49524 -5594.37
10.67 5.63999 -5449.62
10.68 5.78461 -5305
10.69 5.92822 -5161.39
10.7 6.06975 -5019.86
10.71 6.20801 -4881.6
10.72 6.34188 -4747.73
10.73 6.47041 -4619.2
10.74 6.5929 -4496.71
10.75 6.70881 -4380.8
10.76 6.81783 -4271.78
10.77 6.91994 -4169.67
10.78 7.01532 -4074.29
10.79 7.10438 -3985.23
10.8 7.18765 -3901.96
10.81 7.26586 -3823.75
10.82 7.34 -3749.61
10.83 7.41122 -3678.39
10.84 7.48085 -3608.76
10.85 7.55039 -3539.22
10.86 7.62149 -3468.12
10.87 7.69587 -3393.74
10.88 7.77522 -3314.39
10.89 7.8611 -3228.51
10.9 7.95495 -3134.66
10.91 8.05814 -3031.47
10.92 8.1719 -2917.71
10.93 8.2972 -2792.41
10.94 8.43484 -2654.77
10.95 8.58565 -2503.96
10.96 8.75044 -2339.17
10.97 8.92978 -2159.83
10.98 9.12409 -1965.52
10.99 9.3338 -1755.81
11 9.55932 -1530.29
11.01 9.80085 -1288.76
11.02 10.0583 -1031.29
11.03 10.3315 -758.157
11.04 10.6198 -469.777
11.05 10.9227 -166.89
11.06 11.2389 149.317
11.07 11.5669 477.282
11.08 11.9048 815.165
11.09 12.2504 1160.83
11.1 12.6015 1511.84
11.11 12.9552 1865.62
11.12 13.3091 2219.52
11.13 13.6606 2570.98
11.14 14.0071 2917.52
11.15 14.3463 3256.73
11.16 14.6759 3586.3
11.17 14.9937 3904.11
11.18 15.2977 4208.11
11.19 15.5858 4496.17
11.2 15.8558 4766.15
11.21 16.1055 5015.87
11.22 16.3327 5243.11
11.23 16.5351 5445.51
11.24 16.7102 5620.58
11.25 16.8554 5765.78
11.26 16.9682 5878.6
11.27 17.0463 5956.68
11.28 17.0875 5997.85
11.29 17.0899 6000.26
11.3 17.0522 5962.55
11.31 16.9736 5884.02
11.32 16.8544 5764.78
11.33 16.6952 5605.62
11.34 16.4975 5407.94
11.35 16.2633 5173.71
11.36 15.9951 4905.5
11.37 15.6958 4606.23
11.38 15.3684 4278.8
11.39 15.0155 3925.91
11.4 14.6397 3550.09
11.41 14.2433 3153.71
11.42 13.8283 2738.72
11.43 13.396 2306.39
11.44 12.9471 1857.53
11.45 12.4823 1392.66
11.46 12.0017 912.044
11.47 11.5052 415.62
11.48 10.9927 -96.9516
11.49 10.4635 -626.088
11.5 9.91755 -1172.06
11.51 9.35462 -1734.99
11.52 8.7747 -2314.91
11.53 8.1778 -2911.81
11.54 7.5641 -3525.51
11.55 6.93404 -4155.57
11.56 6.28822 -4801.39
11.57 5.62726 -5462.35
11.58 4.9517 -6137.91
11.59 4.2621 -6827.51
11.6 3.55909 -7530.52
11.61 2.84329 -8246.32
11.62 2.11516 -8974.45
11.63 1.37507 -9714.54
11.64 0.623424 -10466.2
11.65 -0.139301 -11228.9
11.66 -0.91262 -11818.8
11.67 -1.69611 -11949.4
11.68 -2.48939 -12081.6
11.69 -3.29213 -12215.4
11.7 -4.10398 -12350.7
11.71 -4.92465 -12487.4
11.72 -5.75381 -12625.6
11.73 -6.59117 -12765.2
11.74 -7.43639 -12906.1
11.75 -8.28895 -13048.2
11.76 -9.14801 -13191.3
11.77 -10.0125 -13335.4
11.78 -10.8812 -13480.2
11.79 -11.7528 -13625.5
11.8 -12.6257 -13770.9
11.81 -13.498 -13916.3
11.82 -14.3679 -14061.3
11.83 -15.2337 -14205.6
11.84 -16.0936 -14348.9
11.85 -16.9456 -14490.9
11.86 -17.7877 -14631.3
11.87 -18.6178 -14769.6
11.88 -19.4337 -14905.6
11.89 -20.2333 -15038.9
11.9 -21.0137 -15169
11.91 -21.7723 -15295.4
11.92 -22.5063 -15417.7
11.93 -23.2129 -15535.5
11.94 -23.8894 -15648.2
11.95 -24.5334 -15755.6
11.96 -25.1426 -15857.1
11.97 -25.7153 -15952.6
11.98 -26.2505 -16041.7
11.99 -26.7476 -16124.6
12 -27.2065 -16201.1
12.01 -27.628 -16271.3
12.02 -28.0135 -16335.6
12.03 -28.3648 -16394.1
12.04 -28.6841 -16447.3
12.05 -28.9739 -16495.7
12.06 -29.237 -16539.5
12.07 -29.4759 -16579.3
12.08 -29.6933 -16615.5
12.09 -29.8912 -16648.5
12.1 -30.0715 -16678.6
12.11 -30.2356 -16705.9
12.12 -30.3846 -16730.8
12.13 -30.5192 -16753.2
12.14 -30.6399 -16773.3
12.15 -30.7471 -16791.2
12.16 -30.8409 -16806.8
12.17 -30.9219 -16820.3
12.18 -30.9903 -16831.7
12.19 -31.0467 -16841.1
12.2 -31.0918 -16848.6
12.21 -31.1263 -16854.4
12.22 -31.1508 -16858.5
12.23 -31.1662 -16861
12.24 -31.1728 -16862.1
12.25 -31.1711 -16860.4
12.26 -31.161 -16850.3
12.27 -31.1424 -16831.7
12.28 -31.115 -16804.3
12.29 -31.0785 -16767.8
12.3 -31.0327 -16722
12.31 -30.9772 -16666.5
12.32 -30.9121 -16601.4
12.33 -30.8376 -16526.9
12.34 -30.7545 -16443.8
12.35 -30.6636 -16352.9
12.36 -30.566 -16255.3
12.37 -30.4634 -16152.7
12.38 -30.3575 -16046.8
12.39 -30.2504 -15939.7
12.4 -30.1443 -15833.6
12.41 -30.0415 -15730.8
12.42 -29.9444 -15633.7
12.43 -29.8557 -15545
12.44 -29.778 -15467.3
12.45 -29.7144 -15403.7
12.46 -29.6679 -15357.2
12.47 -29.6421 -15331.4
12.48 -29.6407 -15330
12.49 -29.6678 -15357.1
12.5 -29.7275 -15416.8
12.51 -29.8237 -15513
12.52 -29.9599 -15649.2
12.53 -30.139 -15828.3
12.54 -30.3628 -16052.1
12.55 -30.6319 -16321.2
12.56 -30.9455 -16634.8
12.57 -31.3017 -16883.6
12.58 -31.6973 -16949.6
12.59 -32.1281 -17021.3
12.6 -32.5891 -17098.2
12.61 -33.0748 -17179.1
12.62 -33.5795 -17263.2
12.63 -34.0973 -17349.6
12.64 -34.6231 -17437.2
12.65 -35.1516 -17525.3
12.66 -35.6783 -17613.1
12.67 -36.1995 -17699.9
12.68 -36.712 -17785.3
12.69 -37.2139 -17869
12.7 -37.7034 -17950.6
12.71 -38.1798 -18030
12.72 -38.643 -18107.2
12.73 -39.0934 -18182.2
12.74 -39.5322 -18255.4
12.75 -39.9601 -18326.7
12.76 -40.3785 -18396.4
12.77 -40.7888 -18464.8
12.78 -41.1921 -18532
12.79 -41.5894 -18598.2
12.8 -41.9813 -18663.6
12.81 -42.3683 -18728.1
12.82 -42.7505 -18791.8
12.83 -43.1277 -18854.6
12.84 -43.4994 -18916.6
12.85 -43.8649 -18977.5
12.86 -44.2231 -19037.2
12.87 -44.573 -19095.5
12.88 -44.9135 -19152.3
12.89 -45.2434 -19207.2
12.9 -45.5613 -19260.2
12.91 -45.8663 -19311
12.92 -46.1572 -19359.5
12.93 -46.4336 -19405.6
12.94 -46.6947 -19449.1
12.95 -46.9403 -19490
12.96 -47.1701 -19528.3
12.97 -47.3843 -19564
12.98 -47.5829 -19597.1
12.99 -47.766 -19627.7
13 -47.9337 -19655.6
13.01 -48.0859 -19681
13.02 -48.2223 -19703.7
13.03 -48.3426 -19723.8
13.04 -48.4463 -19741.1
13.05 -48.5326 -19755.4
13.06 -48.6007 -19766.8
13.07 -48.6496 -19774.9
13.08 -48.6782 -19779.7
13.09 -48.6851 -19780.9
13.1 -48.6689 -19764.6
13.11 -48.6277 -19723.5
13.12 -48.5596 -19655.3
13.13 -48.4619 -19557.6
13.14 -48.3319 -19427.6
13.15 -48.1666 -19262.3
13.16 -47.9627 -19058.5
13.17 -47.7175 -18813.2
13.18 -47.4281 -18523.8
13.19 -47.0924 -18188.2
13.2 -46.7092 -17805
13.21 -46.278 -17373.8
13.22 -45.7991 -16894.9
13.23 -45.2739 -16369.6
13.24 -44.7041 -15799.9
13.25 -44.0924 -15188.2
13.26 -43.4418 -14537.5
13.27 -42.7554 -13851.1
13.28 -42.0368 -13132.6
13.29 -41.2897 -12385.5
13.3 -40.5179 -11613.7
13.31 -39.7253 -10821.1
13.32 -38.9158 -10011.6
13.33 -38.0932 -9188.96
13.34 -37.2611 -8356.88
13.35 -36.423 -7518.78
13.36 -35.5819 -6677.64
13.37 -34.7401 -5835.87
13.38 -33.8997 -4995.44
13.39 -33.0623 -4158
13.4 -32.229 -3324.75
13.41 -31.4008 -2496.56
13.42 -30.5784 -1674.14
13.43 -29.7626 -858.334
13.44 -28.9543 -50.0735
13.45 -28.1546 484.416
13.46 -27.3643 879.545
13.47 -26.5846 1269.38
13.48 -25.8166 1653.38
13.49 -25.0612 2031.1
13.5 -24.319 2402.19
13.51 -23.5905 2766.43
13.52 -22.876 3123.71
13.53 -22.1753 3474.03
13.54 -21.4885 3817.43
13.55 -20.8154 4154
13.56 -20.1558 4483.81
13.57 -19.5095 4806.93
13.58 -18.8766 5123.4
13.59 -18.2571 5433.15
13.6 -17.6511 5736.15
13.61 -17.0586 6032.38
13.62 -16.4796 6321.91
13.63 -15.9138 6604.79
13.64 -15.3612 6881.11
13.65 -14.8214 7151.02
13.66 -14.2938 7414.79
13.67 -13.7781 7672.63
13.68 -13.2739 7924.76
13.69 -12.7807 8171.36
13.7 -12.2982 8412.62
13.71 -11.8259 8648.74
13.72 -11.3637 8879.86
13.73 -10.9113 9106.04
13.74 -10.4687 9327.33
13.75 -10.036 9543.7
13.76 -9.61325 9755.08
13.77 -9.20077 9961.32
13.78 -8.79903 10162.2
13.79 -8.40866 10265.2
13.8 -8.0303 10328.3
13.81 -7.6645 10389.3
13.82 -7.31173 10448
13.83 -6.9724 10504.6
13.84 -6.64669 10558.9
13.85 -6.33442 10610.9
13.86 -6.03495 10660.8
13.87 -5.74727 10708.8
13.88 -5.47016 10755
13.89 -5.20205 10799.7
13.9 -4.94093 10843.2
13.91 -4.6845 10885.9
13.92 -4.43044 10928.3
13.93 -4.17653 10970.6
13.94 -3.92054 11013.2
13.95 -3.66024 11056.6
13.96 -3.39364 11101.1
13.97 -3.11919 11146.8
13.98 -2.83575 11194
13.99 -2.54238 11242.9
14 -2.23843 11293.6
14.01 -1.92361 11346.1
14.02 -1.59803 11400.3
14.03 -1.26197 11456.3
14.04 -0.915717 11514
14.05 -0.559519 11573.4
14.06 -0.193651 11634.4
14.07 0.181664 11696.9
14.08 0.566415 11761.1
14.09 0.960824 11826.8
14.1 1.36525 11894.2
14.11 1.78006 11963.3
14.12 2.20558 12034.3
14.13 2.64207 12107
14.14 3.08973 12181.6
14.15 3.54855 12258.1
14.16 4.01822 12336.4
14.17 4.49814 12416.4
14.18 4.98761 12497.9
14.19 5.48578 12581
14.2 5.99159 12665.3
14.21 6.50384 12750.6
14.22 7.02128 12836.9
14.23 7.5427 12923.8
14.24 8.06692 13011.2
14.25 8.59275 13098.8
14.26 9.11908 13186.5
14.27 9.64495 13274.2
14.28 10.1695 13361.6
14.29 10.6919 13448.7
14.3 11.2115 13535.3
14.31 11.7276 13621.3
14.32 12.2396 13706.6
14.33 12.7466 13791.1
14.34 13.2481 13874.7
14.35 13.7432 13957.2
14.36 14.231 14038.5
14.37 14.7109 14118.5
14.38 15.1819 14197
14.39 15.6431 14273.8
14.4 16.0937 14349
14.41 16.533 14422.2
14.42 16.9601 14493.3
14.43 17.3742 14562.4
14.44 17.7747 14629.1
14.45 18.1609 14693.5
14.46 18.5324 14755.4
14.47 18.8884 14814.7
14.48 19.2287 14871.5
14.49 19.5531 14925.5
14.5 19.8615 14976.9
14.51 20.1538 15025.6
14.52 20.43 15071.7
14.53 20.6902 15115
14.54 20.9345 15155.7
14.55 21.1627 15193.8
14.56 21.375 15229.2
14.57 21.571 15261.8
14.58 21.7509 15291.8
14.59 21.9143 15319
14.6 22.0611 15343.5
14.61 22.1912 15365.2
14.62 22.3043 15384
14.63 22.4001 15400
14.64 22.4785 15413.1
14.65 22.5391 15423.2
14.66 22.5814 15430.2
14.67 22.6049 15434.2
14.68 22.6094 15434.9
14.69 22.5944 15419.9
14.7 22.5596 15385.2
14.71 22.5051 15330.6
14.72 22.4307 15256.2
14.73 22.3369 15162.4
14.74 22.224 15049.5
14.75 22.0924 14918
14.76 21.9427 14768.3
14.77 21.7755 14601
14.78 21.5913 14416.8
14.79 21.3909 14216.5
14.8 21.1749 14000.4
14.81 20.9439 13769.4
14.82 20.6987 13524.2
14.83 20.4401 13265.7
14.84 20.1691 12994.7
14.85 19.8863 12711.9
14.86 19.5925 12418
14.87 19.2882 12113.7
14.88 18.9737 11799.3
14.89 18.6491 11474.6
14.9 18.3138 11139.3
14.91 17.9672 10792.7
14.92 17.6083 10433.8
14.93 17.236 10061.5
14.94 16.8493 9674.81
14.95 16.4472 9272.72
14.96 16.0293 8854.83
14.97 15.5958 8421.29
14.98 15.1472 7972.77
14.99 14.685 7510.51
15 14.2107 7036.25
15.01 13.7267 6552.18
15.02 13.2352 6060.75
15.03 12.7389 5564.43
15.04 12.2401 5065.66
15.05 11.7412 4566.74
15.06 11.2444 4069.91
15.07 10.7519 3577.38
15.08 10.2657 3091.22
15.09 9.7878 2613.33
15.1 9.32002 2145.55
15.11 8.86416 1689.69
15.12 8.42188 1247.4
15.13 7.9945 820.029
15.14 7.58308 408.608
15.15 7.18844 13.9632
15.16 6.81121 -363.263
15.17 6.45183 -722.644
15.18 6.11053 -1063.95
15.19 5.78742 -1387.05
15.2 5.4826 -1691.87
15.21 5.19613 -1978.34
15.22 4.92804 -2246.44
15.23 4.67822 -2496.26
15.24 4.44647 -2728
15.25 4.23256 -2941.91
15.26 4.03615 -3138.32
15.27 3.85686 -3317.62
15.28 3.69424 -3480.24
15.29 3.54782 -3626.65
15.3 3.41715 -3757.32
15.31 3.30184 -3872.63
15.32 3.20158 -3972.9
15.33 3.11603 -4058.44
15.34 3.04486 -4129.61
15.35 2.98773 -4186.75
15.36 2.94429 -4230.18
15.37 2.91418 -4260.29
15.38 2.89698 -4277.49
15.39 2.89216 -4282.31
15.4 2.89923 -4275.24
15.41 2.91778 -4256.7
15.42 2.94746 -4227.01
15.43 2.98801 -4186.46
15.44 3.03924 -4135.23
15.45 3.10111 -4073.37
15.46 3.1737 -4000.77
15.47 3.25723 -3917.24
15.48 3.35188 -3822.6
15.49 3.45772 -3716.76
15.5 3.57482 -3599.65
15.51 3.70321 -3471.26
15.52 3.84279 -3331.69
15.53 3.99323 -3181.24
15.54 4.15418 -3020.29
15.55 4.32523 -2849.24
15.56 4.50601 -2668.47
15.57 4.69611 -2478.36
15.58 4.89516 -2279.31
15.59 5.10278 -2071.69
15.6 5.3186 -1855.87
15.61 5.54217 -1632.31
15.62 5.77287 -1401.6
15.63 6.0099 -1164.57
15.64 6.25212 -922.355
15.65 6.49809 -676.385
15.66 6.74614 -428.336
15.67 6.99438 -180.092
15.68 7.24075 66.2796
15.69 7.48311 308.64
15.7 7.71942 544.949
15.71 7.94784 773.364
15.72 8.16677 992.293
15.73 8.37488 1200.41
15.74 8.57118 1396.71
15.75 8.75498 1580.51
15.76 8.92603 1751.56
15.77 9.08445 1909.97
15.78 9.23067 2056.2
15.79 9.36543 2190.95
15.8 9.48976 2315.29
15.81 9.60502 2430.55
15.82 9.71269 2538.22
15.83 9.81425 2639.78
15.84 9.91107 2736.6
15.85 10.0044 2829.94
15.86 10.0954 2920.88
15.87 10.1847 3010.18
15.88 10.2727 3098.23
15.89 10.3595 3185.06
15.9 10.445 3270.51
15.91 10.5286 3354.16
15.92 10.6099 3435.42
15.93 10.688 3513.49
15.94 10.762 3587.54
15.95 10.8313 3656.83
15.96 10.8951 3720.67
15.97 10.9529 3778.47
15.98 11.0042 3829.75
15.99 11.0487 3874.21
16 11.0862 3911.71
16.01 11.1167 3942.25
16.02 11.1404 3965.96
16.03 11.1576 3983.09
16.04 11.1685 3994.03
16.05 11.1738 3999.3
16.06 11.174 3999.57
16.07 11.1701 3995.66
16.08 11.1629 3988.47
16.09 11.1534 3978.92
16.1 11.1424 3967.96
16.11 11.131 3956.52
16.12 11.1199 3945.4
16.13 11.1097 3935.19
16.14 11.1007 3926.19
16.15 11.093 3918.5
16.16 11.0865 3912
16.17 11.0808 3906.32
16.18 11.0753 3900.84
16.19 11.0693 3894.82
16.2 11.062 3887.48
16.21 11.0525 3878.01
16.22 11.0401 3865.66
16.23 11.0242 3849.71
16.24 11.004 3829.56
16.25 10.9792 3804.76
16.26 10.9496 3775.09
16.27 10.9149 3740.45
16.28 10.8754 3700.88
16.29 10.8311 3656.63
16.3 10.7826 3608.15
16.31 10.7305 3556
16.32 10.6753 3500.85
16.33 10.6179 3443.44
16.34 10.559 3384.55
16.35 10.4994 3324.96
16.36 10.4399 3265.4
16.37 10.381 3206.51
16.38 10.3233 3148.85
16.39 10.2673 3092.85
16.4 10.2133 3038.78
16.41 10.1613 2986.85
16.42 10.1116 2937.16
16.43 10.0642 2889.7
16.44 10.0188 2844.37
16.45 9.97552 2801.05
16.46 9.93408 2759.6
16.47 9.89438 2719.91
16.48 9.8563 2681.82
16.49 9.81969 2645.22
16.5 9.78453 2610.06
16.51 9.75085 2576.38
16.52 9.71872 2544.25
16.53 9.68821 2513.74
16.54 9.65947 2484.99
16.55 9.63271 2458.24
16.56 9.60814 2433.66
16.57 9.58587 2411.4
16.58 9.56607 2391.6
16.59 9.54884 2374.37
16.6 9.53418 2359.7
16.61 9.52193 2347.46
16.62 9.5119 2337.42
16.63 9.50376 2329.29
16.64 9.49707 2322.6
16.65 9.49122 2316.75
16.66 9.48559 2311.12
16.67 9.47957 2305.1
16.68 9.47252 2298.05
16.69 9.46381 2289.34
16.7 9.45287 2278.39
16.71 9.43926 2264.79
16.72 9.42266 2248.18
16.73 9.40277 2228.3
16.74 9.3794 2204.92
16.75 9.35242 2177.94
16.76 9.32184 2147.36
16.77 9.28774 2113.26
16.78 9.25024 2075.77
16.79 9.20954 2035.07
16.8 9.16595 1991.48
16.81 9.1199 1945.42
16.82 9.07185 1897.38
16.83 9.02234 1847.87
16.84 8.97195 1797.48
16.85 8.92135 1746.88
16.86 8.87125 1696.78
16.87 8.82233 1647.86
16.88 8.77526 1600.78
16.89 8.73067 1556.2
16.9 8.68918 1514.71
16.91 8.65125 1476.77
16.92 8.61718 1442.71
16.93 8.58715 1412.67
16.94 8.56111 1386.63
16.95 8.53878 1364.31
16.96 8.51969 1345.22
16.97 8.50314 1328.67
16.98 8.48832 1313.84
16.99 8.4743 1299.83
17 8.46016 1285.69
17.01 8.44501 1270.54
17.02 8.42814 1253.66
17.03 8.40902 1234.54
17.04 8.38735 1212.88
17.05 8.36307 1188.6
17.06 8.33636 1161.88
17.07 8.30762 1133.15
17.08 8.27746 1102.99
17.09 8.24658 1072.1
17.1 8.21578 1041.31
17.11 8.18596 1011.49
17.12 8.15803 983.556
17.13 8.13282 958.346
17.14 8.11111 936.633
17.15 8.09352 919.049
17.16 8.08051 906.034
17.17 8.0723 897.826
17.18 8.06895 894.481
17.19 8.07032 895.843
17.2 8.07603 901.554
17.21 8.08563 911.153
17.22 8.09863 924.157
17.23 8.11451 940.041
17.24 8.13276 958.283
17.25 8.15288 978.407
17.26 8.17449 1000.02
17.27 8.19726 1022.79
17.28 8.2209 1046.43
17.29 8.24517 1070.7
17.3 8.26986 1095.39
17.31 8.2948 1120.33
17.32 8.31989 1145.42
17.33 8.34504 1170.57
17.34 8.3702 1195.72
17.35 8.3953 1220.83
17.36 8.4203 1245.83
17.37 8.44513 1270.66
17.38 8.4697 1295.23
17.39 8.49384 1319.36
17.4 8.51725 1342.78
17.41 8.53963 1365.15
17.42 8.56062 1386.15
17.43 8.57981 1405.34
17.44 8.59671 1422.24
17.45 8.61083 1436.36
17.46 8.62167 1447.2
17.47 8.62876 1454.28
17.48 8.63157 1457.1
17.49 8.6296 1455.13
17.5 8.62231 1447.84
17.51 8.60921 1434.74
17.52 8.58983 1415.35
17.53 8.56375 1389.28
17.54 8.53063 1356.16
17.55 8.49021 1315.73
17.56 8.44234 1267.87
17.57 8.38706 1212.59
17.58 8.32451 1150.03
17.59 8.25485 1080.38
17.6 8.17837 1003.89
17.61 8.09538 920.91
17.62 8.00626 831.784
17.63 7.91127 736.799
17.64 7.81065 636.179
17.65 7.70459 530.115
17.66 7.59323 418.752
17.67 7.4766 302.125
17.68 7.35467 180.195
17.69 7.22736 52.8829
17.7 7.09455 -79.9258
17.71 6.95608 -218.396
17.72 6.81176 -362.717
17.73 6.66141 -513.067
17.74 6.50488 -669.593
17.75 6.34203 -832.444
17.76 6.17273 -1001.75
17.77 5.99692 -1177.55
17.78 5.81465 -1359.82
17.79 5.62609 -1548.38
17.8 5.43146 -1743.01
17.81 5.2311 -1943.37
17.82 5.02554 -2148.94
17.83 4.81547 -2359.01
17.84 4.60165 -2572.83
17.85 4.38485 -2789.62
17.86 4.16596 -3008.51
17.87 3.94595 -3228.52
17.88 3.72576 -3448.71
17.89 3.50622 -3668.25
17.9 3.28808 -3886.39
17.91 3.07206 -4102.42
17.92 2.85878 -4315.69
17.93 2.6487 -4525.78
17.94 2.44208 -4648.75
17.95 2.23905 -4750.26
17.96 2.03969 -4849.95
17.97 1.84394 -4947.82
17.98 1.65167 -5043.96
17.99 1.46265 -5138.47
18 1.27665 -5231.46
18.01 1.09348 -5323.05
18.02 0.91292 -5413.33
18.03 0.734765 -5502.41
18.04 0.558791 -5590.39
18.05 0.384803 -5677.39
18.06 0.212642 -5763.47
18.07 0.0421496 -5848.71
18.08 -0.126825 -5933.2
18.09 -0.294437 -6017.01
18.1 -0.460829 -6100.2
18.11 -0.626125 -6182.85
18.12 -0.790397 -6264.99
18.13 -0.953683 -6346.63
18.14 -1.11596 -6427.77
18.15 -1.27711 -6508.35
18.16 -1.43684 -6588.21
18.17 -1.59463 -6667.11
18.18 -1.74984 -6744.71
18.19 -1.90167 -6820.62
18.2 -2.04914 -6894.36
18.21 -2.19116 -6965.37
18.22 -2.32659 -7033.08
18.23 -2.45436 -7096.97
18.24 -2.57349 -7156.54
18.25 -2.68316 -7211.37
18.26 -2.7827 -7261.14
18.27 -2.87167 -7305.63
18.28 -2.94989 -7344.74
18.29 -3.01738 -7378.48
18.3 -3.07434 -7406.96
18.31 -3.12111 -7430.35
18.32 -3.15816 -7448.87
18.33 -3.18598 -7462.78
18.34 -3.20512 -7472.35
18.35 -3.21607 -7477.82
18.36 -3.21924 -7479.41
18.37 -3.21497 -7475.14
18.38 -3.20351 -7463.67
18.39 -3.18507 -7445.24
18.4 -3.15982 -7419.98
18.41 -3.1279 -7388.07
18.42 -3.08948 -7349.65
18.43 -3.04482 -7304.99
18.44 -2.99424 -7254.41
18.45 -2.93812 -7198.29
18.46 -2.87693 -7137.1
18.47 -2.81117 -7071.34
18.48 -2.74138 -7001.54
18.49 -2.66809 -6928.26
18.5 -2.59185 -6852.02
18.51 -2.51312 -6773.29
18.52 -2.43233 -6692.5
18.53 -2.34979 -6609.96
18.54 -2.26575 -6525.92
18.55 -2.18039 -6440.56
18.56 -2.09377 -6353.94
18.57 -2.00584 -6266
18.58 -1.91646 -6176.63
18.59 -1.82554 -6085.7
18.6 -1.73288 -5993.05
18.61 -1.63829 -5898.45
18.62 -1.54155 -5801.72
18.63 -1.44257 -5702.73
18.64 -1.34126 -5601.43
18.65 -1.2376 -5497.77
18.66 -1.13162 -5391.79
18.67 -1.02343 -5283.6
18.68 -0.91319 -5173.36
18.69 -0.801136 -5061.3
18.7 -0.687534 -4947.7
18.71 -0.572679 -4832.85
18.72 -0.456896 -4717.06
18.73 -0.340544 -4600.71
18.74 -0.224007 -4484.18
18.75 -0.107699 -4367.87
18.76 0.0079953 -4252.17
18.77 0.122734 -4137.43
18.78 0.236206 -4023.96
18.79 0.348135 -3912.03
18.8 0.45836 -3801.81
18.81 0.566888 -3693.28
18.82 0.67387 -3586.3
18.83 0.779544 -3480.62
18.84 0.884293 -3375.88
18.85 0.988681 -3271.49
18.86 1.09343 -3166.74
18.87 1.19931 -3060.86
18.88 1.30716 -2953.01
18.89 1.41788 -2842.29
18.9 1.53241 -2727.76
18.91 1.65169 -2608.48
18.92 1.77656 -2483.61
18.93 1.90777 -2352.4
18.94 2.04597 -2214.19
18.95 2.1917 -2068.47
18.96 2.34527 -1914.9
18.97 2.50683 -1753.34
18.98 2.67633 -1583.84
18.99 2.85355 -1406.62
19 3.03812 -1222.05
19.01 3.22955 -1030.62
19.02 3.42726 -832.911
19.03 3.63061 -629.562
19.04 3.83893 -421.234
19.05 4.0516 -208.573
19.06 4.26798 7.80863
19.07 4.48746 227.291
19.08 4.70941 449.243
19.09 4.93328 673.108
19.1 5.15858 898.413
19.11 5.38489 1124.72
19.12 5.61181 1351.65
19.13 5.83909 1578.92
19.14 6.06663 1806.46
19.15 6.29442 2034.25
19.16 6.52252 2262.36
19.17 6.75102 2490.86
19.18 6.98008 2719.91
19.19 7.20986 2949.69
19.2 7.44045 3180.28
19.21 7.67185 3411.68
19.22 7.90403 3643.86
19.23 8.13689 3876.72
19.24 8.37031 4110.14
19.25 8.60408 4343.91
19.26 8.83797 4577.8
19.27 9.07177 4811.6
19.28 9.30524 5045.08
19.29 9.53822 5278.06
19.3 9.77054 5510.37
19.31 10.002 5741.85
19.32 10.2325 5972.37
19.33 10.462 6201.86
19.34 10.6904 6430.28
19.35 10.9177 6657.52
19.36 11.1436 6883.44
19.37 11.3681 7107.9
19.38 11.5909 7330.75
19.39 11.8119 7551.7
19.4 12.0306 7770.39
19.41 12.2466 7986.43
19.42 12.4596 8199.42
19.43 12.6691 8408.89
19.44 12.8745 8614.31
19.45 13.0753 8815.17
19.46 13.2711 9010.94
19.47 13.4612 9201.03
19.48 13.645 9384.84
19.49 13.8219 9561.75
19.5 13.9913 9731.1
19.51 14.1524 9892.23
19.52 14.3046 10044.5
19.53 14.4474 10187.2
19.54 14.5802 10320
19.55 14.7026 10442.4
19.56 14.8143 10554.1
19.57 14.9151 10655
19.58 15.0052 10745
19.59 15.0847 10824.5
19.6 15.1536 10893.5
19.61 15.2124 10952.2
19.62 15.2612 11001.1
19.63 15.3003 11040.1
19.64 15.3298 11069.6
19.65 15.3499 11089.7
19.66 15.3606 11100.5
19.67 15.3623 11102.1
19.68 15.3549 11094.8
19.69 15.339 11078.9
19.7 15.3149 11054.8
19.71 15.2832 11023
19.72 15.2443 10984.2
19.73 15.1991 10939
19.74 15.1483 10888.1
19.75 15.0925 10832.4
19.76 15.0327 10772.5
19.77 14.9693 10709.1
19.78 14.9032 10643
19.79 14.8349 10574.7
19.8 14.7649 10504.8
19.81 14.6938 10433.6
19.82 14.6219 10361.7
19.83 14.5495 10289.4
19.84 14.4769 10216.7
19.85 14.4043 10144.1
19.86 14.3319 10071.7
19.87 14.2599 9999.69
19.88 14.1884 9928.26
19.89 14.1179 9857.72
19.9 14.0486 9788.39
19.91 13.9808 9720.6
19.92 13.9149 9654.72
19.93 13.8513 9591.17
19.94 13.7906 9530.41
19.95 13.733 9472.84
19.96 13.679 9418.84
19.97 13.629 9368.8
19.98 13.5833 9323.15
19.99 13.5424 9282.28
20 13.5067 9246.52
20.01 13.4764 9216.21
20.02 13.4519 9191.71
20.03 13.4336 9173.39
20.04 13.4218 9161.63
20.05 13.4169 9156.76
20.06 13.4193 9159.1
20.07 13.4292 9169.03
20.08 13.4471 9186.95
20.09 13.4734 9213.23
20.1 13.5084 9248.22
20.11 13.5525 9292.31
20.12 13.6061 9345.92
20.13 13.6696 9409.48
20.14 13.7435 9483.34
20.15 13.8279 9567.78
20.16 13.9232 9662.99
20.17 14.0293 9769.09
20.18 14.1462 9886.01
20.19 14.2737 10013.5
20.2 14.4113 10151.1
20.21 14.5586 10298.5
20.22 14.7151 10454.9
20.23 14.8799 10619.8
20.24 15.0526 10792.5
20.25 15.2325 10972.4
20.26 15.419 11158.8
20.27 15.6114 11351.2
20.28 15.8093 11549.1
20.29 16.012 11751.8
20.3 16.219 11958.8
20.31 16.4296 12169.5
20.32 16.6433 12383.1
20.33 16.8592 12559.8
20.34 17.0767 12668.5
20.35 17.295 12777.7
20.36 17.5134 12886.9
20.37 17.7312 12995.8
20.38 17.9477 13104.1
20.39 18.1621 13211.3
20.4 18.3738 13317.1
20.41 18.582 13421.2
20.42 18.786 13523.2
20.43 18.9851 13622.8
20.44 19.1787 13719.5
20.45 19.366 13813.2
20.46 19.5463 13903.4
20.47 19.7191 13989.8
20.48 19.8837 14072.1
20.49 20.0397 14150
20.5 20.1864 14223.4
20.51 20.3235 14292
20.52 20.4504 14355.4
20.53 20.5667 14413.6
20.54 20.6721 14466.3
20.55 20.766 14513.2
20.56 20.8479 14554.2
20.57 20.9175 14589
20.58 20.9745 14617.4
20.59 21.0184 14639.4
20.6 21.049 14654.7
20.61 21.0663 14663.4
20.62 21.0701 14665.2
20.63 21.0604 14655.6
20.64 21.0373 14632.5
20.65 21.001 14596.2
20.66 20.9516 14546.8
20.67 20.8893 14484.5
20.68 20.8142 14409.4
20.69 20.7266 14321.8
20.7 20.6265 14221.7
20.71 20.5142 14109.4
20.72 20.3897 13984.9
20.73 20.2531 13848.2
20.74 20.1044 13699.6
20.75 19.9438 13539
20.76 19.7712 13366.3
20.77 19.5865 13181.7
20.78 19.39 12985.1
20.79 19.1814 12776.6
20.8 18.961 12556.2
20.81 18.7287 12323.8
20.82 18.4845 12079.7
20.83 18.2288 11824
20.84 17.9615 11556.7
20.85 17.6829 11278.1
20.86 17.3931 10988.3
20.87 17.0925 10687.7
20.88 16.7813 10376.5
20.89 16.4599 10055
20.9 16.1285 9723.72
20.91 15.7878 9382.99
20.92 15.4382 9033.37
20.93 15.0803 8675.5
20.94 14.7149 8310.07
20.95 14.3427 7937.89
20.96 13.9646 7559.81
20.97 13.5816 7176.76
20.98 13.1945 6789.7
20.99 12.8044 6399.6
21 12.4122 6007.4
21.01 12.0188 5614
21.02 11.625 5220.21
21.03 11.2317 4826.84
21.04 10.8394 4434.56
21.05 10.4488 4043.99
21.06 10.0605 3655.7
21.07 9.67502 3270.2
21.08 9.29274 2887.91
21.09 8.91405 2509.22
21.1 8.53927 2134.45
21.11 8.16865 1763.82
21.12 7.8023 1397.47
21.13 7.44028 1035.45
21.14 7.08259 677.765
21.15 6.72912 324.294
21.16 6.37965 -25.1744
21.17 6.03392 -370.904
21.18 5.69165 -713.176
21.19 5.35251 -1052.32
21.2 5.01614 -1388.68
21.21 4.68219 -1722.64
21.22 4.35036 -2054.47
21.23 4.02042 -2384.4
21.24 3.69222 -2712.61
21.25 3.36564 -3039.19
21.26 3.04068 -3364.14
21.27 2.71741 -3687.41
21.28 2.39596 -4008.86
21.29 2.07649 -4328.33
21.3 1.75916 -4645.66
21.31 1.4441 -4960.73
21.32 1.13138 -5273.44
21.33 0.821089 -5459.24
21.34 0.513213 -5613.18
21.35 0.207647 -5765.97
21.36 -0.0957456 -5917.66
21.37 -0.397091 -6068.34
21.38 -0.696525 -6218.05
21.39 -0.994205 -6366.89
21.4 -1.29029 -6514.94
21.41 -1.58492 -6662.25
21.42 -1.8782 -6808.89
21.43 -2.17027 -6954.93
21.44 -2.46132 -7100.45
21.45 -2.75154 -7245.56
21.46 -3.04118 -7390.38
21.47 -3.33051 -7535.05
21.48 -3.61987 -7679.72
21.49 -3.90957 -7824.57
21.5 -4.19998 -7969.78
21.51 -4.49148 -8115.53
21.52 -4.7844 -8261.99
21.53 -5.07903 -8409.31
21.54 -5.37564 -8557.61
21.55 -5.67446 -8707.02
21.56 -5.97563 -8857.61
21.57 -6.27924 -9009.41
21.58 -6.58529 -9162.43
21.59 -6.89371 -9316.64
21.6 -7.20442 -9472
21.61 -7.51727 -9628.43
21.62 -7.83207 -9785.82
21.63 -8.1486 -9944.09
21.64 -8.46669 -10103.1
21.65 -8.78618 -10262.9
21.66 -9.10693 -10423.3
21.67 -9.42884 -10584.2
21.68 -9.75187 -10745.7
21.69 -10.076 -10907.8
21.7 -10.4013 -11070.4
21.71 -10.7278 -11233.7
21.72 -11.0555 -11397.5
21.73 -11.3844 -11562
21.74 -11.7146 -11727.1
21.75 -12.046 -11892.8
21.76 -12.3786 -12059.1
21.77 -12.7121 -12225.9
21.78 -13.0466 -12393.1
21.79 -13.3818 -12560.7
21.8 -13.7175 -12728.5
21.81 -14.0535 -12896.5
21.82 -14.3896 -13064.6
21.83 -14.7255 -13232.5
21.84 -15.0609 -13400.2
21.85 -15.3956 -13567.6
21.86 -15.7291 -13734.4
21.87 -16.0613 -13900.4
21.88 -16.3917 -14065.7
21.89 -16.72 -14229.8
21.9 -17.0459 -14392.8
21.91 -17.3691 -14554.4
21.92 -17.6894 -14614.9
21.93 -18.0064 -14667.7
21.94 -18.32 -14720
21.95 -18.6301 -14771.7
21.96 -18.9367 -14822.8
21.97 -19.2395 -14873.3
21.98 -19.5387 -14923.1
21.99 -19.8341 -14972.3
22 -20.1257 -15020.9
22.01 -20.4134 -15068.9
22.02 -20.6972 -15116.2
22.03 -20.9768 -15162.8
22.04 -21.2523 -15208.7
22.05 -21.5232 -15253.9
22.06 -21.7895 -15298.3
22.07 -22.0509 -15341.8
22.08 -22.3071 -15384.5
22.09 -22.5579 -15426.3
22.1 -22.8029 -15467.2
22.11 -23.042 -15507
22.12 -23.2749 -15545.8
22.13 -23.5012 -15583.5
22.14 -23.7208 -15620.1
22.15 -23.9333 -15655.6
22.16 -24.1386 -15689.8
22.17 -24.3365 -15722.7
22.18 -24.5266 -15754.4
22.19 -24.7088 -15784.8
22.2 -24.883 -15813.8
22.21 -25.0489 -15841.5
22.22 -25.2065 -15867.7
22.23 -25.3557 -15892.6
22.24 -25.4964 -15916.1
22.25 -25.6287 -15938.1
22.26 -25.7526 -15958.8
22.27 -25.8682 -15978
22.28 -25.9759 -15996
22.29 -26.0759 -16012.7
22.3 -26.1686 -16028.1
22.31 -26.2544 -16042.4
22.32 -26.3338 -16055.6
22.33 -26.4074 -16067.9
22.34 -26.4755 -16079.3
22.35 -26.5387 -16089.8
22.36 -26.5976 -16099.6
22.37 -26.6525 -16108.7
22.38 -26.7038 -16117.3
22.39 -26.7521 -16125.3
22.4 -26.7975 -16132.9
22.41 -26.8405 -16140.1
22.42 -26.8815 -16146.9
22.43 -26.9209 -16153.5
22.44 -26.959 -16159.8
22.45 -26.9963 -16166
22.46 -27.0331 -16172.2
22.47 -27.07 -16178.3
22.48 -27.1073 -16184.6
22.49 -27.1455 -16190.9
22.5 -27.1849 -16197.5
22.51 -27.2258 -16204.3
22.52 -27.2685 -16211.4
22.53 -27.3133 -16218.9
22.54 -27.3603 -16226.7
22.55 -27.4097 -16234.9
22.56 -27.4614 -16243.6
22.57 -27.5157 -16252.6
22.58 -27.5724 -16262.1
22.59 -27.6317 -16272
22.6 -27.6936 -16282.3
22.61 -27.7581 -16293
22.62 -27.8252 -16304.2
22.63 -27.8949 -16315.8
22.64 -27.9674 -16327.9
22.65 -28.0426 -16340.4
22.66 -28.1206 -16353.4
22.67 -28.2014 -16366.9
22.68 -28.2851 -16380.8
22.69 -28.3716 -16395.3
22.7 -28.4609 -16410.2
22.71 -28.5531 -16425.5
22.72 -28.648 -16441.3
22.73 -28.7455 -16457.6
22.74 -28.8457 -16474.3
22.75 -28.9483 -16491.4
22.76 -29.0533 -16508.9
22.77 -29.1605 -16526.8
22.78 -29.2698 -16545
22.79 -29.3811 -16563.5
22.8 -29.4942 -16582.4
22.81 -29.6091 -16601.5
22.82 -29.7257 -16620.9
22.83 -29.8439 -16640.7
22.84 -29.9637 -16660.6
22.85 -30.085 -16680.8
22.86 -30.2078 -16701.3
22.87 -30.3321 -16722
22.88 -30.4577 -16743
22.89 -30.5845 -16764.1
22.9 -30.7125 -16785.4
22.91 -30.8413 -16806.9
22.92 -30.9708 -16828.5
22.93 -31.1007 -16850.1
22.94 -31.231 -16871.8
22.95 -31.3612 -16893.5
22.96 -31.4913 -16915.2
22.97 -31.621 -16936.8
22.98 -31.7501 -16958.3
22.99 -31.8784 -16979.7
23 -32.0056 -17000.9
23.01 -32.1316 -17021.9
23.02 -32.256 -17042.7
23.03 -32.3784 -17063.1
23.04 -32.4986 -17083.1
23.05 -32.6161 -17102.7
23.06 -32.7303 -17121.7
23.07 -32.8409 -17140.1
23.08 -32.9472 -17157.9
23.09 -33.0486 -17174.8
23.1 -33.1447 -17190.8
23.11 -33.2348 -17205.8
23.12 -33.3185 -17219.8
23.13 -33.3954 -17232.6
23.14 -33.465 -17244.2
23.15 -33.5272 -17254.5
23.16 -33.5818 -17263.6
23.17 -33.6288 -17271.5
23.18 -33.6681 -17278
23.19 -33.6999 -17283.3
23.2 -33.7244 -17287.4
23.21 -33.7418 -17290.3
23.22 -33.7523 -17292.1
23.23 -33.7564 -17292.7
23.24 -33.7542 -17290.5
23.25 -33.7461 -17282.4
23.26 -33.7323 -17268.6
23.27 -33.7132 -17249.5
23.28 -33.6888 -17225.1
23.29 -33.6594 -17195.7
23.3 -33.625 -17161.3
23.31 -33.5857 -17122
23.32 -33.5414 -17077.7
23.33 -33.492 -17028.4
23.34 -33.4375 -16973.8
23.35 -33.3776 -16913.9
23.36 -33.3121 -16848.5
23.37 -33.241 -16777.3
23.38 -33.1639 -16700.2
23.39 -33.0807 -16617
23.4 -32.9914 -16527.7
23.41 -32.8958 -16432.2
23.42 -32.7941 -16330.4
23.43 -32.6862 -16222.5
23.44 -32.5723 -16108.6
23.45 -32.4526 -15988.9
23.46 -32.3272 -15863.5
23.47 -32.1964 -15732.7
23.48 -32.0605 -15596.8
23.49 -31.9197 -15456
23.5 -31.7744 -15310.7
23.51 -31.6248 -15161.1
23.52 -31.4713 -15007.6
23.53 -31.3143 -14850.6
23.54 -31.1541 -14690.4
23.55 -30.9911 -14527.4
23.56 -30.8256 -14361.9
23.57 -30.658 -14194.4
23.58 -30.4887 -14025
23.59 -30.3178 -13854.1
23.6 -30.1457 -13682
23.61 -29.9726 -13509
23.62 -29.7989 -13335.2
23.63 -29.6246 -13161
23.64 -29.4502 -12986.5
23.65 -29.2758 -12812.1
23.66 -29.1018 -12638.1
23.67 -28.9285 -12464.8
23.68 -28.7563 -12292.6
23.69 -28.5855 -12121.8
23.7 -28.4165 -11952.9
23.71 -28.2498 -11786.2
23.72 -28.0858 -11622.1
23.73 -27.9248 -11461.1
23.74 -27.7672 -11303.5
23.75 -27.6133 -11149.6
23.76 -27.4635 -10999.8
23.77 -27.3179 -10854.2
23.78 -27.1767 -10713
23.79 -27.0401 -10576.4
23.8 -26.908 -10444.3
23.81 -26.7805 -10316.9
23.82 -26.6575 -10193.9
23.83 -26.5389 -10075.2
23.84 -26.4244 -9960.75
23.85 -26.3139 -9850.27
23.86 -26.2072 -9743.57
23.87 -26.1041 -9640.45
23.88 -26.0044 -9540.73
23.89 -25.9079 -9444.26
23.9 -25.8146 -9350.93
23.91 -25.7244 -9260.7
23.92 -25.6372 -9173.55
23.93 -25.5532 -9089.53
23.94 -25.4724 -9008.7
23.95 -25.3948 -8931.12
23.96 -25.3206 -8856.9
23.97 -25.2497 -8786.09
23.98 -25.1824 -8718.72
23.99 -25.1184 -8654.77
24 -25.0578 -8594.17
24.01 -25.0005 -8536.8
24.02 -24.9461 -8482.49
24.03 -24.8947 -8431
24.04 -24.8457 -8382.06
24.05 -24.799 -8335.39
24.06 -24.7543 -8290.67
24.07 -24.7112 -8247.57
24.08 -24.6694 -8205.74
24.09 -24.6285 -8164.81
24.1 -24.5881 -8124.46
24.11 -24.548 -8084.34
24.12 -24.5078 -8044.11
24.13 -24.4672 -8003.49
24.14 -24.4259 -7962.19
24.15 -24.3836 -7919.97
24.16 -24.3403 -7876.61
24.17 -24.2956 -7831.92
24.18 -24.2494 -7785.75
24.19 -24.2016 -7737.91
24.2 -24.1519 -7688.22
24.21 -24.1002 -7636.51
24.22 -24.0462 -7582.58
24.23 -23.9899 -7526.22
24.24 -23.9308 -7467.19
24.25 -23.8689 -7405.26
24.26 -23.8039 -7340.25
24.27 -23.7356 -7271.94
24.28 -23.6638 -7200.18
24.29 -23.5885 -7124.81
24.3 -23.5094 -7045.75
24.31 -23.4266 -6962.93
24.32 -23.3399 -6876.28
24.33 -23.2494 -6785.75
24.34 -23.1549 -6691.28
24.35 -23.0565 -6592.83
24.36 -22.954 -6490.3
24.37 -22.8473 -6383.62
24.38 -22.7363 -6272.66
24.39 -22.621 -6157.32
24.4 -22.5011 -6037.47
24.41 -22.3767 -5913
24.42 -22.2475 -5783.85
24.43 -22.1136 -5649.96
24.44 -21.975 -5511.31
24.45 -21.8316 -5367.94
24.46 -21.6836 -5219.94
24.47 -21.5311 -5067.45
24.48 -21.3743 -4910.65
24.49 -21.2134 -4749.73
24.5 -21.0486 -4584.92
24.51 -20.8801 -4416.44
24.52 -20.7082 -4244.53
24.53 -20.5331 -4069.4
24.54 -20.3549 -3891.23
24.55 -20.1738 -3710.14
24.56 -19.9899 -3526.23
24.57 -19.8032 -3339.55
24.58 -19.6138 -3150.1
24.59 -19.4214 -2957.78
24.6 -19.2261 -2762.44
24.61 -19.0276 -2563.91
24.62 -18.8256 -2361.96
24.63 -18.62 -2156.32
24.64 -18.4104 -1946.7
24.65 -18.1965 -1732.83
24.66 -17.9782 -1514.52
24.67 -17.7553 -1291.59
24.68 -17.5276 -1063.96
24.69 -17.2953 -831.609
24.7 -17.0583 -594.62
24.71 -16.8168 -353.186
24.72 -16.5712 -107.57
24.73 -16.3217 141.917
24.74 -16.0687 394.917
24.75 -15.8126 651.031
24.76 -15.5538 909.842
24.77 -15.2927 1170.94
24.78 -15.0297 1433.96
24.79 -14.7651 1698.54
24.8 -14.4993 1964.36
24.81 -14.2326 2231.1
24.82 -13.9652 2498.48
24.83 -13.6974 2736.75
24.84 -13.4295 2870.7
24.85 -13.1617 3004.6
24.86 -12.8943 3138.34
24.87 -12.6272 3271.85
24.88 -12.3608 3405.06
24.89 -12.0951 3537.93
24.9 -11.83 3670.45
24.91 -11.5656 3802.64
24.92 -11.3018 3934.55
24.93 -11.0385 4066.23
24.94 -10.7754 4197.76
24.95 -10.5125 4329.21
24.96 -10.2496 4460.65
24.97 -9.98667 4592.13
24.98 -9.72356 4723.69
24.99 -9.46025 4855.34
25 -9.19674 4987.09
25.01 -8.93304 5118.95
25.02 -8.66919 5250.87
25.03 -8.40528 5382.82
25.04 -8.14136 5514.78
25.05 -7.87747 5646.73
25.06 -7.61366 5778.63
25.07 -7.34998 5910.48
25.08 -7.08643 6042.25
25.09 -6.82298 6173.98
25.1 -6.55956 6305.69
25.11 -6.2961 6437.41
25.12 -6.03251 6569.21
25.13 -5.76864 6701.15
25.14 -5.5043 6833.31
25.15 -5.23932 6965.8
25.16 -4.97353 7098.7
25.17 -4.70674 7232.1
25.18 -4.43879 7366.07
25.19 -4.16956 7500.68
25.2 -3.89896 7635.98
25.21 -3.62696 7771.99
25.22 -3.35359 7908.67
25.23 -3.07894 8045.99
25.24 -2.80315 8183.89
25.25 -2.52638 8322.27
25.26 -2.24888 8461.02
25.27 -1.9709 8600.01
25.28 -1.69272 8739.1
25.29 -1.41457 8878.18
25.3 -1.13671 9017.11
25.31 -0.85938 9155.77
25.32 -0.582794 9294.07
25.33 -0.307103 9431.91
25.34 -0.0324265 9569.25
25.35 0.241145 9706.04
25.36 0.513544 9842.24
25.37 0.784742 9977.84
25.38 1.05474 10112.8
25.39 1.32354 10247.2
25.4 1.59115 10381
25.41 1.85759 10514.3
25.42 2.12286 10646.9
25.43 2.38695 10778.9
25.44 2.64989 10910.4
25.45 2.91166 11041.3
25.46 3.17224 11171.6
25.47 3.43161 11301.3
25.48 3.68973 11430.3
25.49 3.94655 11558.7
25.5 4.20203 11686.5
25.51 4.45605 11813.5
25.52 4.70851 11939.7
25.53 4.95929 12065.1
25.54 5.20826 12189.6
25.55 5.45526 12313.1
25.56 5.70011 12435.5
25.57 5.94261 12556.8
25.58 6.18255 12676.7
25.59 6.41972 12736.6
25.6 6.6539 12775.6
25.61 6.8848 12814.1
25.62 7.11214 12852
25.63 7.33567 12889.3
25.64 7.5551 12925.9
25.65 7.77015 12961.7
25.66 7.98054 12996.8
25.67 8.18604 13031
25.68 8.38644 13064.4
25.69 8.58158 13096.9
25.7 8.77136 13128.6
25.71 8.9557 13159.3
25.72 9.13458 13189.1
25.73 9.30801 13218
25.74 9.47605 13246
25.75 9.63877 13273.1
25.76 9.79623 13299.4
25.77 9.94853 13324.8
25.78 10.0958 13349.3
25.79 10.2381 13373
25.8 10.3756 13395.9
25.81 10.5084 13418.1
25.82 10.6367 13439.5
25.83 10.7607 13460.1
25.84 10.8805 13480.1
25.85 10.9964 13499.4
25.86 11.1085 13518.1
25.87 11.2171 13536.2
25.88 11.3224 13553.7
25.89 11.4245 13570.7
25.9 11.5236 13587.3
25.91 11.6198 13603.3
25.92 11.7133 13618.9
25.93 11.804 13634
25.94 11.8921 13648.7
25.95 11.9775 13662.9
25.96 12.0602 13676.7
25.97 12.1401 13690
25.98 12.2172 13702.9
25.99 12.2913 13715.2
26 12.3624 13727.1
26.01 12.4303 13738.4
26.02 12.4949 13749.2
26.03 12.5562 13759.4
26.04 12.6141 13769
26.05 12.6687 13778.1
26.06 12.7199 13786.6
26.07 12.7678 13794.6
26.08 12.8125 13802.1
26.09 12.8541 13809
26.1 12.8927 13815.4
26.11 12.9284 13821.4
26.12 12.9615 13826.9
26.13 12.9922 13832
26.14 13.0206 13836.8
26.15 13.0469 13841.2
26.16 13.0715 13845.3
26.17 13.0947 13849.1
26.18 13.1166 13852.8
26.19 13.1375 13856.3
26.2 13.1577 13859.6
26.21 13.1775 13862.9
26.22 13.1969 13866.2
26.23 13.2162 13869.4
26.24 13.2354 13872.6
26.25 13.2547 13875.8
26.26 13.2742 13879
26.27 13.2939 13882.3
26.28 13.314 13885.7
26.29 13.3345 13889.1
26.3 13.3556 13892.6
26.31 13.3773 13896.2
26.32 13.4 13900
26.33 13.4236 13903.9
26.34 13.4486 13908.1
26.35 13.475 13912.5
26.36 13.503 13917.2
26.37 13.533 13922.2
26.38 13.565 13927.5
26.39 13.5993 13933.2
26.4 13.6359 13939.3
26.41 13.6751 13945.8
26.42 13.7168 13952.8
26.43 13.761 13960.2
26.44 13.8078 13968
26.45 13.8571 13976.2
26.46 13.9087 13984.8
26.47 13.9625 13993.8
26.48 14.0185 14003.1
26.49 14.0763 14012.7
26.5 14.136 14022.7
26.51 14.1973 14032.9
26.52 14.2602 14043.4
26.53 14.3244 14054.1
26.54 14.3899 14065
26.55 14.4565 14076.1
26.56 14.5241 14087.4
26.57 14.5926 14098.8
26.58 14.6617 14110.3
26.59 14.7313 14121.9
26.6 14.8011 14133.5
26.61 14.8711 14145.2
26.62 14.941 14156.8
26.63 15.0107 14168.5
26.64 15.0801 14180
26.65 15.1492 14191.5
26.66 15.2179 14203
26.67 15.2863 14214.4
26.68 15.3542 14225.7
26.69 15.4217 14236.9
26.7 15.4887 14248.1
26.71 15.5552 14259.2
26.72 15.6211 14270.2
26.73 15.6862 14281
26.74 15.7504 14291.7
26.75 15.8134 14302.2
26.76 15.875 14312.5
26.77 15.935 14322.5
26.78 15.9931 14332.2
26.79 16.0491 14341.5
26.8 16.1029 14350.5
26.81 16.1541 14359
26.82 16.2027 14367.1
26.83 16.2485 14374.7
26.84 16.2912 14381.9
26.85 16.3309 14388.5
26.86 16.3674 14394.6
26.87 16.4004 14400.1
26.88 16.4299 14405
26.89 16.4557 14409.3
26.9 16.4777 14412.9
26.91 16.4955 14415.9
26.92 16.509 14418.2
26.93 16.518 14419.7
26.94 16.5223 14420.4
26.95 16.5218 14419.8
26.96 16.5161 14414.2
26.97 16.5054 14403.4
26.98 16.4893 14387.4
26.99 16.4681 14366.1
27 16.4415 14339.6
27.01 16.4098 14307.9
27.02 16.373 14271
27.03 16.3311 14229.2
27.04 16.2843 14182.4
27.05 16.2328 14130.9
27.06 16.1766 14074.7
27.07 16.1159 14014
27.08 16.0508 13948.9
27.09 15.9814 13879.5
27.1 15.9079 13805.9
27.11 15.8304 13728.4
27.12 15.749 13647.1
27.13 15.6641 13562.1
27.14 15.5758 13473.8
27.15 15.4844 13382.5
27.16 15.3903 13288.3
27.17 15.2937 13191.7
27.18 15.1949 13093
27.19 15.0945 12992.5
27.2 14.9926 12890.6
27.21 14.8896 12787.7
27.22 14.7859 12683.9
27.23 14.6816 12579.6
27.24 14.5769 12475
27.25 14.4721 12370.2
27.26 14.3673 12265.3
27.27 14.2624 12160.4
27.28 14.1575 12055.5
27.29 14.0527 11950.7
27.3 13.9479 11846
27.31 13.8432 11741.2
27.32 13.7386 11636.6
27.33 13.6341 11532.1
27.34 13.5299 11427.9
27.35 13.426 11324.1
27.36 13.3227 11220.8
27.37 13.2202 11118.2
27.38 13.1186 11016.6
27.39 13.0182 10916.2
27.4 12.9193 10817.3
27.41 12.822 10720.1
27.42 12.7267 10624.8
27.43 12.6335 10531.6
27.44 12.5427 10440.7
27.45 12.4544 10352.4
27.46 12.3687 10266.7
27.47 12.2858 10183.9
27.48 12.2058 10103.9
27.49 12.1288 10026.8
27.5 12.0547 9952.72
27.51 11.9836 9881.61
27.52 11.9154 9813.41
27.53 11.85 9748.05
27.54 11.7874 9685.44
27.55 11.7274 9625.45
27.56 11.6699 9567.99
27.57 11.6149 9512.94
27.58 11.5621 9460.19
27.59 11.5116 9409.68
27.6 11.4633 9361.35
27.61 11.4171 9315.19
27.62 11.3731 9271.18
27.63 11.3313 9229.31
27.64 11.2915 9189.59
27.65 11.254 9152.03
27.66 11.2186 9116.63
27.67 11.1853 9083.37
27.68 11.1542 9052.2
27.69 11.125 9023.07
27.7 11.0979 8995.94
27.71 11.0727 8970.75
27.72 11.0494 8947.4
27.73 11.0278 8925.83
27.74 11.0079 8905.97
27.75 10.9897 8887.77
27.76 10.9731 8871.16
27.77 10.958 8856.06
27.78 10.9444 8842.43
27.79 10.9322 8830.21
27.8 10.9213 8819.36
27.81 10.9118 8809.82
27.82 10.9035 8801.54
27.83 10.8964 8794.47
27.84 10.8905 8788.56
27.85 10.8857 8783.74
27.86 10.8819 8779.94
27.87 10.879 8777.04
27.88 10.8769 8774.92
27.89 10.8754 8773.42
27.9 10.8743 8772.36
27.91 10.8735 8771.52
27.92 10.8726 8770.66
27.93 10.8715 8769.52
27.94 10.8698 8767.84
27.95 10.8673 8765.35
27.96 10.8638 8761.8
27.97 10.8589 8756.92
27.98 10.8524 8750.42
27.99 10.844 8742.06
28 10.8335 8731.57
28.01 10.8207 8718.7
28.02 10.8051 8703.18
28.03 10.7867 8684.76
28.04 10.7652 8663.24
28.05 10.7404 8638.43
28.06 10.7121 8610.17
28.07 10.6803 8578.37
28.08 10.6449 8542.96
28.09 10.6059 8503.96
28.1 10.5633 8461.38
28.11 10.5172 8415.29
28.12 10.4677 8365.77
28.13 10.4149 8312.9
28.14 10.3587 8256.78
28.15 10.2994 8197.48
28.16 10.237 8135.08
28.17 10.1716 8069.65
28.18 10.1032 8001.22
28.19 10.0318 7929.85
28.2 9.95754 7855.59
28.21 9.88042 7778.47
28.22 9.80047 7698.51
28.23 9.7177 7615.75
28.24 9.63217 7530.21
28.25 9.54388 7441.93
28.26 9.45286 7350.91
28.27 9.35913 7257.18
28.28 9.26273 7160.78
28.29 9.16372 7061.77
28.3 9.06216 6960.21
28.31 8.95815 6856.2
28.32 8.85179 6749.84
28.33 8.74322 6641.27
28.34 8.63257 6530.62
28.35 8.51999 6418.03
28.36 8.40559 6303.64
28.37 8.2895 6187.55
28.38 8.17181 6069.86
28.39 8.05262 5950.67
28.4 7.932 5830.05
28.41 7.81003 5708.07
28.42 7.68677 5584.82
28.43 7.56234 5460.39
28.44 7.43686 5334.91
28.45 7.31051 5208.55
28.46 7.18347 5081.51
28.47 7.05599 4954.04
28.48 6.92835 4826.4
28.49 6.80085 4698.89
28.5 6.67379 4571.84
28.51 6.54752 4445.56
28.52 6.42233 4320.37
28.53 6.29852 4196.57
28.54 6.17636 4074.41
28.55 6.05606 3954.1
28.56 5.93781 3835.86
28.57 5.82176 3719.81
28.58 5.70798 3606.02
28.59 5.59648 3494.53
28.6 5.48728 3385.33
28.61 5.38035 3278.4
28.62 5.27559 3173.64
28.63 5.17292 3070.97
28.64 5.07227 2970.32
28.65 4.97356 2871.61
28.66 4.87675 2774.79
28.67 4.78178 2679.83
28.68 4.68864 2586.69
28.69 4.59731 2495.36
28.7 4.50778 2405.83
28.71 4.42003 2318.08
28.72 4.334 2232.05
28.73 4.2496 2147.64
28.74 4.1667 2064.75
28.75 4.08516 1983.21
28.76 4.00478 1902.83
28.77 3.92533 1823.38
28.78 3.84655 1744.6
28.79 3.7682 1666.25
28.8 3.69002 1588.07
28.81 3.61178 1509.82
28.82 3.53324 1431.29
28.83 3.4542 1352.25
28.84 3.37448 1272.52
28.85 3.29393 1191.98
28.86 3.21245 1110.49
28.87 3.1299 1027.95
28.88 3.0462 944.242
28.89 2.96125 859.3
28.9 2.875 773.049
28.91 2.78736 685.411
28.92 2.69824 596.286
28.93 2.60752 505.569
28.94 2.51512 413.165
28.95 2.42093 318.982
28.96 2.32486 222.91
28.97 2.22679 124.836
28.98 2.12661 24.6594
28.99 2.02425 -77.7013
29 1.91963 -182.322
29.01 1.81267 -289.285
29.02 1.70328 -398.673
29.03 1.59139 -510.562
29.04 1.47693 -625.02
29.05 1.35984 -742.114
29.06 1.24003 -861.922
29.07 1.11743 -984.522
29.08 0.991963 -1109.99
29.09 0.863568 -1238.39
29.1 0.732183 -1369.77
29.11 0.59776 -1504.19
29.12 0.460245 -1641.71
29.13 0.319598 -1782.36
29.14 0.175795 -1926.16
29.15 0.0288244 -2073.13
29.16 -0.121331 -2223.28
29.17 -0.274682 -2376.63
29.18 -0.431236 -2533.19
29.19 -0.590984 -2692.94
29.2 -0.753909 -2855.86
29.21 -0.919994 -3021.95
29.22 -1.08922 -3191.18
29.23 -1.26156 -3363.51
29.24 -1.43696 -3538.91
29.25 -1.61535 -3717.3
29.26 -1.79665 -3898.61
29.27 -1.98079 -4082.74
29.28 -2.16765 -4269.6
29.29 -2.35709 -4459.04
29.3 -2.54895 -4650.9
29.31 -2.74306 -4845.02
29.32 -2.93925 -5041.2
29.33 -3.13732 -5239.28
29.34 -3.33709 -5439.04
29.35 -3.53835 -5609.95
29.36 -3.74092 -5711.24
29.37 -3.94464 -5813.1
29.38 -4.14933 -5915.45
29.39 -4.35481 -6018.19
29.4 -4.56088 -6121.22
29.41 -4.76732 -6224.44
29.42 -4.9739 -6327.73
29.43 -5.18034 -6430.95
29.44 -5.38633 -6533.95
29.45 -5.59155 -6636.56
29.46 -5.79567 -6738.62
29.47 -5.99835 -6839.96
29.48 -6.19928 -6940.42
29.49 -6.39813 -7039.85
29.5 -6.59462 -7138.09
29.51 -6.7885 -7235.03
29.52 -6.97955 -7330.56
29.53 -7.16758 -7424.57
29.54 -7.35243 -7517
29.55 -7.53396 -7607.76
29.56 -7.71208 -7696.82
29.57 -7.8867 -7784.13
29.58 -8.05778 -7869.67
29.59 -8.22524 -7953.4
29.6 -8.38905 -8035.3
29.61 -8.54916 -8115.36
29.62 -8.70555 -8193.56
29.63 -8.85819 -8269.88
29.64 -9.00707 -8344.32
29.65 -9.15221 -8416.89
29.66 -9.29365 -8487.61
29.67 -9.4315 -8556.53
29.68 -9.56589 -8623.73
29.69 -9.69699 -8689.28
29.7 -9.82502 -8753.29
29.71 -9.9502 -8815.88
29.72 -10.0728 -8877.16
29.73 -10.1929 -8937.24
29.74 -10.3108 -8996.2
29.75 -10.4267 -9054.11
29.76 -10.5404 -9110.98
29.77 -10.6521 -9166.84
29.78 -10.7617 -9221.65
29.79 -10.8692 -9275.39
29.8 -10.9745 -9328.01
29.81 -11.0774 -9379.46
29.82 -11.1779 -9429.72
29.83 -11.276 -9478.76
29.84 -11.3716 -9526.56
29.85 -11.4647 -9573.13
29.86 -11.5554 -9618.5
29.87 -11.6438 -9662.7
29.88 -11.73 -9705.76
29.89 -11.814 -9747.76
29.9 -11.8959 -9788.75
29.91 -11.976 -9828.81
29.92 -12.0544 -9868
29.93 -12.1313 -9906.42
29.94 -12.2067 -9944.15
29.95 -12.2809 -9981.25
29.96 -12.354 -10017.8
29.97 -12.4262 -10053.9
29.98 -12.4977 -10089.6
29.99 -12.5685 -10125
30 -12.639 -10160.3
30.01 -12.7092 -10195.4
30.02 -12.7795 -10230.5
30.03 -12.85 -10265.8
30.04 -12.921 -10301.3
30.05 -12.9927 -10337.1
30.06 -13.0654 -10373.5
30.07 -13.1392 -10410.4
30.08 -13.2144 -10448
30.09 -13.2912 -10486.4
30.1 -13.3698 -10525.7
30.11 -13.4504 -10566
30.12 -13.5331 -10607.3
30.13 -13.618 -10649.8
30.14 -13.7054 -10693.5
30.15 -13.7953 -10738.4
30.16 -13.8878 -10784.7
30.17 -13.9831 -10832.4
30.18 -14.0813 -10881.4
30.19 -14.1823 -10931.9
30.2 -14.2863 -10984
30.21 -14.3933 -11037.5
30.22 -14.5034 -11092.5
30.23 -14.6164 -11149
30.24 -14.7326 -11207.1
30.25 -14.8517 -11266.6
30.26 -14.9739 -11327.7
30.27 -15.0992 -11390.4
30.28 -15.2274 -11454.5
30.29 -15.3588 -11520.2
30.3 -15.4931 -11587.3
30.31 -15.6305 -11656
30.32 -15.7708 -11726.2
30.33 -15.9141 -11797.8
30.34 -16.0603 -11870.9
30.35 -16.2095 -11945.5
30.36 -16.3615 -12021.6
30.37 -16.5165 -12099
30.38 -16.6743 -12177.9
30.39 -16.8349 -12258.2
30.4 -16.9983 -12339.9
30.41 -17.1643 -12422.9
30.42 -17.333 -12507.3
30.43 -17.5041 -12592.8
30.44 -17.6777 -12679.6
30.45 -17.8535 -12767.5
30.46 -18.0316 -12856.6
30.47 -18.2118 -12946.7
30.48 -18.394 -13037.8
30.49 -18.5783 -13129.9
30.5 -18.7643 -13222.9
30.51 -18.9521 -13316.9
30.52 -19.1415 -13411.5
30.53 -19.3323 -13507
30.54 -19.5244 -13603
30.55 -19.7173 -13699.5
30.56 -19.911 -13796.3
30.57 -20.1051 -13893.3
30.58 -20.2994 -13990.5
30.59 -20.4934 -14087.5
30.6 -20.687 -14184.3
30.61 -20.8798 -14280.7
30.62 -21.0716 -14376.6
30.63 -21.2621 -14471.8
30.64 -21.4511 -14566.3
30.65 -21.6384 -14660
30.66 -21.8238 -14752.7
30.67 -22.0071 -14844.3
30.68 -22.1883 -14934.9
30.69 -22.3672 -15024.4
30.7 -22.5437 -15112.6
30.71 -22.7177 -15199.6
30.72 -22.889 -15285.3
30.73 -23.0577 -15369.6
30.74 -23.2235 -15452.5
30.75 -23.3865 -15534
30.76 -23.5465 -15591.1
30.77 -23.7035 -15617.2
30.78 -23.8574 -15642.9
30.79 -24.0082 -15668
30.8 -24.1558 -15692.6
30.81 -24.3002 -15716.7
30.82 -24.4414 -15740.2
30.83 -24.5793 -15763.2
30.84 -24.7138 -15785.6
30.85 -24.8449 -15807.5
30.86 -24.9725 -15828.8
30.87 -25.0967 -15849.4
30.88 -25.2173 -15869.5
30.89 -25.3342 -15889
30.9 -25.4475 -15907.9
30.91 -25.5572 -15926.2
30.92 -25.6632 -15943.9
30.93 -25.7656 -15960.9
30.94 -25.8643 -15977.4
30.95 -25.9596 -15993.3
30.96 -26.0514 -16008.6
30.97 -26.1399 -16023.3
30.98 -26.2252 -16037.5
30.99 -26.3074 -16051.2
31 -26.3867 -16064.4
31.01 -26.4632 -16077.2
31.02 -26.5371 -16089.5
31.03 -26.6084 -16101.4
31.04 -26.6774 -16112.9
31.05 -26.7441 -16124
31.06 -26.8086 -16134.8
31.07 -26.871 -16145.2
31.08 -26.9313 -16155.2
31.09 -26.9895 -16164.9
31.1 -27.0458 -16174.3
31.11 -27.1 -16183.3
31.12 -27.1522 -16192
31.13 -27.2025 -16200.4
31.14 -27.2508 -16208.5
31.15 -27.2974 -16216.2
31.16 -27.3421 -16223.7
31.17 -27.3853 -16230.9
31.18 -27.427 -16237.8
31.19 -27.4674 -16244.6
31.2 -27.5068 -16251.1
31.21 -27.5453 -16257.5
31.22 -27.5831 -16263.8
31.23 -27.6204 -16270.1
31.24 -27.6575 -16276.3
31.25 -27.6945 -16282.4
31.26 -27.7315 -16288.6
31.27 -27.7688 -16294.8
31.28 -27.8064 -16301.1
31.29 -27.8444 -16307.4
31.3 -27.8829 -16313.8
31.31 -27.922 -16320.3
31.32 -27.9615 -16326.9
31.33 -28.0016 -16333.6
31.34 -28.0423 -16340.4
31.35 -28.0834 -16347.2
31.36 -28.125 -16354.2
31.37 -28.1671 -16361.2
31.38 -28.2096 -16368.3
31.39 -28.2525 -16375.4
31.4 -28.2958 -16382.6
31.41 -28.3395 -16389.9
31.42 -28.3836 -16397.3
31.43 -28.428 -16404.7
31.44 -28.4728 -16412.1
31.45 -28.5181 -16419.7
31.46 -28.5637 -16427.3
31.47 -28.6098 -16435
31.48 -28.6563 -16442.7
31.49 -28.7033 -16450.6
31.5 -28.7508 -16458.5
31.51 -28.7989 -16466.5
31.52 -28.8474 -16474.6
31.53 -28.8965 -16482.7
31.54 -28.9461 -16491
31.55 -28.9961 -16499.4
31.56 -29.0467 -16507.8
31.57 -29.0976 -16516.3
31.58 -29.149 -16524.8
31.59 -29.2006 -16533.4
31.6 -29.2526 -16542.1
31.61 -29.3047 -16550.8
31.62 -29.357 -16559.5
31.63 -29.4094 -16568.2
31.64 -29.4619 -16577
31.65 -29.5144 -16585.7
31.66 -29.5668 -16594.5
31.67 -29.6192 -16603.2
31.68 -29.6716 -16611.9
31.69 -29.7239 -16620.7
31.7 -29.7761 -16629.4
31.71 -29.8283 -16638
31.72 -29.8804 -16646.7
31.73 -29.9324 -16655.4
31.74 -29.9843 -16664
31.75 -30.036 -16672.7
31.76 -30.0876 -16681.3
31.77 -30.139 -16689.8
31.78 -30.19 -16698.3
31.79 -30.2406 -16706.8
31.8 -30.2906 -16715.1
31.81 -30.34 -16723.3
31.82 -30.3885 -16731.4
31.83 -30.4359 -16739.3
31.84 -30.4821 -16747
31.85 -30.5269 -16754.5
31.86 -30.5702 -16761.7
31.87 -30.6117 -16768.6
31.88 -30.6513 -16775.2
31.89 -30.6888 -16781.5
31.9 -30.7241 -16787.4
31.91 -30.7572 -16792.9
31.92 -30.7878 -16798
31.93 -30.816 -16802.7
31.94 -30.8416 -16806.9
31.95 -30.8647 -16810.8
31.96 -30.8852 -16814.2
31.97 -30.9032 -16817.2
31.98 -30.9186 -16819.8
31.99 -30.9315 -16821.9
32 -30.942 -16823.7
32.01 -30.9501 -16825
32.02 -30.9558 -16826
32.03 -30.9592 -16826.5
32.04 -30.9604 -16826.7
32.05 -30.9593 -16825.6
32.06 -30.956 -16822.3
32.07 -30.9503 -16816.6
32.08 -30.9423 -16808.7
32.09 -30.932 -16798.3
32.1 -30.9193 -16785.6
32.11 -30.9041 -16770.4
32.12 -30.8864 -16752.7
32.13 -30.8662 -16732.5
32.14 -30.8434 -16709.8
32.15 -30.8182 -16684.5
32.16 -30.7904 -16656.7
32.17 -30.7601 -16626.4
32.18 -30.7273 -16593.7
32.19 -30.6921 -16558.4
32.2 -30.6545 -16520.8
32.21 -30.6144 -16480.7
32.22 -30.5718 -16438.2
32.23 -30.5269 -16393.2
32.24 -30.4795 -16345.9
32.25 -30.4297 -16296
32.26 -30.3775 -16243.8
32.27 -30.3228 -16189.1
32.28 -30.2658 -16132.1
32.29 -30.2064 -16072.7
32.3 -30.1446 -16011
32.31 -30.0806 -15947
32.32 -30.0144 -15880.7
32.33 -29.946 -15812.3
32.34 -29.8753 -15741.7
32.35 -29.8026 -15668.9
32.36 -29.7277 -15594
32.37 -29.6507 -15517
32.38 -29.5715 -15437.8
32.39 -29.4902 -15356.5
32.4 -29.4068 -15273.1
32.41 -29.3213 -15187.6
32.42 -29.2337 -15100.1
32.43 -29.1441 -15010.4
32.44 -29.0525 -14918.9
32.45 -28.959 -14825.4
32.46 -28.8637 -14730
32.47 -28.7666 -14633
32.48 -28.6679 -14534.2
32.49 -28.5676 -14433.9
32.5 -28.4657 -14332
32.51 -28.3624 -14228.7
32.52 -28.2577 -14124
32.53 -28.1515 -14017.9
32.54 -28.044 -13910.4
32.55 -27.9351 -13801.5
32.56 -27.8248 -13691.1
32.57 -27.7129 -13579.3
32.58 -27.5996 -13465.9
32.59 -27.4845 -13350.9
32.6 -27.3678 -13234.1
32.61 -27.2492 -13115.5
32.62 -27.1286 -12994.9
32.63 -27.0059 -12872.2
32.64 -26.8809 -12747.2
32.65 -26.7535 -12619.8
32.66 -26.6235 -12489.8
32.67 -26.4908 -12357.1
32.68 -26.3551 -12221.4
32.69 -26.2164 -12082.7
32.7 -26.0745 -11940.8
32.71 -25.9292 -11795.6
32.72 -25.7805 -11646.9
32.73 -25.6284 -11494.7
32.74 -25.4727 -11339
32.75 -25.3136 -11179.9
32.76 -25.1511 -11017.4
32.77 -24.9853 -10851.6
32.78 -24.8164 -10682.7
32.79 -24.6445 -10510.8
32.8 -24.4699 -10336.2
32.81 -24.2928 -10159.1
32.82 -24.1134 -9979.69
32.83 -23.9317 -9798.07
32.84 -23.7481 -9614.42
32.85 -23.5625 -9428.85
32.86 -23.3751 -9241.43
32.87 -23.1859 -9052.21
32.88 -22.9949 -8861.22
32.89 -22.8022 -8668.5
32.9 -22.6077 -8474.08
32.91 -22.4116 -8277.97
32.92 -22.2139 -8080.24
32.93 -22.0146 -7880.93
32.94 -21.8138 -7680.11
32.95 -21.6115 -7477.87
32.96 -21.408 -7274.28
32.97 -21.2031 -7069.4
32.98 -20.997 -6863.32
32.99 -20.7898 -6656.1
33 -20.5815 -6447.81
33.01 -20.3722 -6238.5
33.02 -20.1619 -6028.21
33.03 -19.9507 -5817
33.04 -19.7386 -5604.91
33.05 -19.5257 -5391.99
33.06 -19.3119 -5178.28
33.07 -19.0975 -4963.8
33.08 -18.8823 -4748.62
33.09 -18.6664 -4532.76
33.1 -18.4499 -4316.27
33.11 -18.2329 -4099.19
33.12 -18.0152 -3881.54
33.13 -17.797 -3663.38
33.14 -17.5784 -3444.72
33.15 -17.3592 -3225.58
33.16 -17.1396 -3005.97
33.17 -16.9196 -2785.89
33.18 -16.699 -2565.36
33.19 -16.478 -2344.36
33.2 -16.2566 -2122.92
33.21 -16.0347 -1901.06
33.22 -15.8125 -1678.79
33.23 -15.5898 -1456.16
33.24 -15.3669 -1233.27
33.25 -15.1438 -1010.17
33.26 -14.9207 -786.98
33.27 -14.6975 -563.794
33.28 -14.4744 -340.738
33.29 -14.2516 -117.933
33.3 -14.0292 104.513
33.31 -13.8072 326.502
33.32 -13.5857 547.943
33.33 -13.3649 768.763
33.34 -13.1448 988.905
33.35 -12.9253 1208.34
33.36 -12.7066 1427.03
33.37 -12.4887 1644.99
33.38 -12.2715 1862.21
33.39 -12.055 2078.7
33.4 -11.8392 2294.48
33.41 -11.6241 2509.58
33.42 -11.4097 2724.01
33.43 -11.1959 2937.8
33.44 -10.9827 3150.97
33.45 -10.7701 3268.4
33.46 -10.5581 3374.39
33.47 -10.3467 3480.11
33.48 -10.1358 3585.54
33.49 -9.92551 3690.71
33.5 -9.71569 3795.62
33.51 -9.50637 3900.28
33.52 -9.29753 4004.7
33.53 -9.08916 4108.89
33.54 -8.88124 4212.85
33.55 -8.67376 4316.59
33.56 -8.46672 4420.11
33.57 -8.26012 4523.41
33.58 -8.05398 4626.48
33.59 -7.84833 4729.3
33.6 -7.64319 4831.87
33.61 -7.43862 4934.16
33.62 -7.23465 5036.14
33.63 -7.03133 5137.8
33.64 -6.82872 5239.11
33.65 -6.62685 5340.04
33.66 -6.42576 5440.59
33.67 -6.22549 5540.72
33.68 -6.02606 5640.44
33.69 -5.82751 5739.71
33.7 -5.62985 5838.54
33.71 -5.43311 5936.91
33.72 -5.2373 6034.82
33.73 -5.04244 6132.25
33.74 -4.84852 6229.21
33.75 -4.65556 6325.69
33.76 -4.46351 6421.71
33.77 -4.27237 6517.28
33.78 -4.08209 6612.42
33.79 -3.89264 6707.15
33.8 -3.70394 6801.5
33.81 -3.51593 6895.5
33.82 -3.32855 6989.19
33.83 -3.14173 7082.61
33.84 -2.95538 7175.78
33.85 -2.76944 7268.75
33.86 -2.58382 7361.56
33.87 -2.39847 7454.23
33.88 -2.2133 7546.82
33.89 -2.02825 7639.34
33.9 -1.84326 7731.84
33.91 -1.65827 7824.33
33.92 -1.47322 7916.86
33.93 -1.28808 8009.43
33.94 -1.1028 8102.07
33.95 -0.917345 8194.8
33.96 -0.731698 8287.62
33.97 -0.545837 8380.55
33.98 -0.35975 8473.59
33.99 -0.173439 8566.75
34 0.0130867 8660.01
34.01 0.199813 8753.37
34.02 0.386719 8846.83
34.03 0.573768 8940.35
34.04 0.760916 9033.93
34.05 0.948114 9127.53
34.06 1.13531 9221.12
34.07 1.32244 9314.69
34.08 1.50945 9408.19
34.09 1.69628 9501.61
34.1 1.88287 9594.9
34.11 2.06919 9688.06
34.12 2.25521 9781.07
34.13 2.44094 9873.94
34.14 2.62639 9966.66
34.15 2.8116 10059.3
34.16 2.99665 10151.8
34.17 3.18161 10244.3
34.18 3.36659 10336.8
34.19 3.55168 10429.3
34.2 3.73701 10522
34.21 3.92267 10614.8
34.22 4.10875 10707.8
34.23 4.29536 10801.2
34.24 4.48256 10894.7
34.25 4.6704 10988.7
34.26 4.85892 11082.9
34.27 5.04813 11177.5
34.28 5.23801 11272.5
34.29 5.42854 11367.7
34.3 5.61966 11463.3
34.31 5.81129 11559.1
34.32 6.00335 11655.1
34.33 6.19575 11751.3
34.34 6.38838 11847.7
34.35 6.58114 11944
34.36 6.77393 12040.4
34.37 6.96666 12136.8
34.38 7.15925 12233.1
34.39 7.35163 12329.3
34.4 7.54372 12425.3
34.41 7.73546 12521.2
34.42 7.9268 12616.9
34.43 8.1177 12712.3
34.44 8.30811 12807.5
34.45 8.49803 12902.5
34.46 8.68741 12997.2
34.47 8.87627 13091.6
34.48 9.06463 13177.4
34.49 9.2525 13208.7
34.5 9.43991 13240
34.51 9.62688 13271.1
34.52 9.81347 13302.2
34.53 9.99968 13333.3
34.54 10.1855 13364.3
34.55 10.371 13395.2
34.56 10.5562 13426
34.57 10.7409 13456.8
34.58 10.9253 13487.5
34.59 11.1092 13518.2
34.6 11.2927 13548.8
34.61 11.4757 13579.3
34.62 11.6581 13609.7
34.63 11.84 13640
34.64 12.0213 13670.2
34.65 12.2019 13700.3
34.66 12.3819 13730.3
34.67 12.5612 13760.2
34.68 12.7397 13790
34.69 12.9175 13819.6
34.7 13.0943 13849.1
34.71 13.2703 13878.4
34.72 13.4453 13907.5
34.73 13.6192 13936.5
34.74 13.792 13965.3
34.75 13.9635 13993.9
34.76 14.1337 14022.3
34.77 14.3025 14050.4
34.78 14.4698 14078.3
34.79 14.6355 14105.9
34.8 14.7996 14133.3
34.81 14.962 14160.3
34.82 15.1227 14187.1
34.83 15.2816 14213.6
34.84 15.4386 14239.8
34.85 15.5937 14265.6
34.86 15.7469 14291.2
34.87 15.8981 14316.4
34.88 16.0473 14341.2
34.89 16.1943 14365.7
34.9 16.3392 14389.9
34.91 16.4819 14413.7
34.92 16.6224 14437.1
34.93 16.7604 14460.1
34.94 16.8961 14482.7
34.95 17.0293 14504.9
34.96 17.16 14526.7
34.97 17.2881 14548
34.98 17.4136 14568.9
34.99 17.5364 14589.4
35 17.6565 14609.4
35.01 17.7739 14629
35.02 17.8884 14648.1
35.03 18.0002 14666.7
35.04 18.1091 14684.9
35.05 18.2152 14702.5
35.06 18.3184 14719.7
35.07 18.4187 14736.5
35.08 18.5162 14752.7
35.09 18.6108 14768.5
35.1 18.7025 14783.7
35.11 18.7913 14798.6
35.12 18.8774 14812.9
35.13 18.9606 14826.8
35.14 19.0412 14840.2
35.15 19.119 14853.2
35.16 19.1942 14865.7
35.17 19.2668 14877.8
35.18 19.3368 14889.5
35.19 19.4043 14900.7
35.2 19.4693 14911.5
35.21 19.5318 14922
35.22 19.592 14932
35.23 19.6498 14941.6
35.24 19.7053 14950.9
35.25 19.7585 14959.8
35.26 19.8096 14968.3
35.27 19.8585 14976.4
35.28 19.9053 14984.2
35.29 19.9502 14991.7
35.3 19.9931 14998.8
35.31 20.0341 15005.7
35.32 20.0734 15012.2
35.33 20.1109 15018.5
35.34 20.1468 15024.5
35.35 20.181 15030.2
35.36 20.2137 15035.6
35.37 20.2449 15040.8
35.38 20.2746 15045.8
35.39 20.3029 15050.5
35.4 20.3299 15055
35.41 20.3557 15059.3
35.42 20.3804 15063.4
35.43 20.404 15067.3
35.44 20.4267 15071.1
35.45 20.4486 15074.8
35.46 20.4697 15078.3
35.47 20.4903 15081.7
35.48 20.5105 15085.1
35.49 20.5302 15088.4
35.5 20.5497 15091.6
35.51 20.569 15094.8
35.52 20.5882 15098
35.53 20.6073 15101.2
35.54 20.6264 15104.4
35.55 20.6456 15107.6
35.56 20.6648 15110.8
35.57 20.684 15114
35.58 20.7033 15117.2
35.59 20.7227 15120.5
35.6 20.7422 15123.7
35.61 20.7617 15127
35.62 20.7813 15130.2
35.63 20.8008 15133.5
35.64 20.8203 15136.7
35.65 20.8398 15140
35.66 20.8592 15143.2
35.67 20.8784 15146.4
35.68 20.8975 15149.6
35.69 20.9163 15152.7
35.7 20.9349 15155.8
35.71 20.9532 15158.9
35.72 20.9712 15161.9
35.73 20.9889 15164.8
35.74 21.0063 15167.7
35.75 21.0233 15170.6
35.76 21.0401 15173.4
35.77 21.0566 15176.1
35.78 21.0729 15178.8
35.79 21.089 15181.5
35.8 21.1049 15184.2
35.81 21.1207 15186.8
35.82 21.1364 15189.4
35.83 21.152 15192
35.84 21.1675 15194.6
35.85 21.1829 15197.2
35.86 21.1982 15199.7
35.87 21.2132 15202.2
35.88 21.2281 15204.7
35.89 21.2426 15207.1
35.9 21.2569 15209.5
35.91 21.2707 15211.8
35.92 21.2841 15214
35.93 21.297 15216.2
35.94 21.3092 15218.2
35.95 21.3208 15220.1
35.96 21.3317 15221.9
35.97 21.3417 15223.6
35.98 21.3508 15225.1
35.99 21.359 15226.5
36 21.3661 15227.7
36.01 21.3721 15228.7
36.02 21.3769 15229.5
36.03 21.3805 15230.1
36.04 21.3828 15230.5
36.05 21.3838 15230.6
36.06 21.3833 15230.2
36.07 21.3814 15228.2
36.08 21.378 15224.8
36.09 21.373 15219.9
36.1 21.3664 15213.3
36.11 21.3582 15205
36.12 21.3482 15195.1
36.13 21.3365 15183.4
36.14 21.323 15169.8
36.15 21.3075 15154.4
36.16 21.2902 15137.1
36.17 21.2709 15117.7
36.18 21.2495 15096.4
36.19 21.2262 15073
36.2 21.2007 15047.6
36.21 21.1731 15020
36.22 21.1435 14990.4
36.23 21.1117 14958.6
36.24 21.0779 14924.8
36.25 21.0419 14888.8
36.26 21.0038 14850.6
36.27 20.9635 14810.4
36.28 20.9212 14768
36.29 20.8766 14723.5
36.3 20.83 14676.8
36.31 20.7812 14628.1
36.32 20.7303 14577.1
36.33 20.6772 14524.1
36.34 20.6221 14469
36.35 20.5648 14411.7
36.36 20.5055 14352.4
36.37 20.4441 14291
36.38 20.3806 14227.5
36.39 20.3152 14162
36.4 20.2477 14094.6
36.41 20.1783 14025.2
36.42 20.107 13953.9
36.43 20.0338 13880.7
36.44 19.9588 13805.7
36.45 19.882 13728.8
36.46 19.8034 13650.2
36.47 19.723 13569.9
36.48 19.6411 13487.9
36.49 19.5575 13404.3
36.5 19.4723 13319.2
36.51 19.3857 13232.6
36.52 19.2978 13144.6
36.53 19.2086 13055.5
36.54 19.1183 12965.1
36.55 19.0269 12873.8
36.56 18.9347 12781.6
36.57 18.8418 12688.6
36.58 18.7482 12595
36.59 18.654 12500.9
36.6 18.5594 12406.3
36.61 18.4645 12311.3
36.62 18.3692 12216
36.63 18.2736 12120.5
36.64 18.1778 12024.7
36.65 18.0819 11928.7
36.66 17.9858 11832.6
36.67 17.8895 11736.4
36.68 17.7932 11640.1
36.69 17.6969 11543.8
36.7 17.6006 11447.5
36.71 17.5045 11351.3
36.72 17.4085 11255.4
36.73 17.3128 11159.6
36.74 17.2174 11064.3
36.75 17.1224 10969.3
36.76 17.0278 10874.7
36.77 16.9337 10780.6
36.78 16.8401 10686.9
36.79 16.7469 10593.8
36.8 16.6542 10501.1
36.81 16.562 10408.9
36.82 16.4702 10317.1
36.83 16.3789 10225.8
36.84 16.288 10134.9
36.85 16.1975 10044.3
36.86 16.1073 9954.2
36.87 16.0176 9864.44
36.88 15.9282 9775.06
36.89 15.8392 9686.05
36.9 15.7505 9597.41
36.91 15.6623 9509.12
36.92 15.5743 9421.19
36.93 15.4867 9333.59
36.94 15.3994 9246.32
36.95 15.3125 9159.33
36.96 15.2257 9072.62
36.97 15.1393 8986.14
36.98 15.053 8899.87
36.99 14.9669 8813.75
37 14.8809 8727.77
37.01 14.795 8641.87
37.02 14.7092 8556.04
37.03 14.6234 8470.24
37.04 14.5376 8384.46
37.05 14.4518 8298.69
37.06 14.3661 8212.92
37.07 14.2803 8127.15
37.08 14.1945 8041.37
37.09 14.1087 7955.57
37.1 14.0229 7869.73
37.11 13.937 7783.85
37.12 13.851 7697.87
37.13 13.7649 7611.76
37.14 13.6786 7525.48
37.15 13.5921 7438.95
37.16 13.5052 7352.12
37.17 13.4181 7264.92
37.18 13.3304 7177.29
37.19 13.2423 7089.17
37.2 13.1536 7000.49
37.21 13.0643 6911.2
37.22 12.9744 6821.27
37.23 12.8838 6730.65
37.24 12.7924 6639.3
37.25 12.7003 6547.21
37.26 12.6075 6454.35
37.27 12.5138 6360.7
37.28 12.4194 6266.26
37.29 12.3241 6171.01
37.3 12.2281 6074.94
37.31 12.1312 5978.05
37.32 12.0335 5880.34
37.33 11.935 5781.82
37.34 11.8356 5682.48
37.35 11.7355 5582.33
37.36 11.6345 5481.39
37.37 11.5328 5379.67
37.38 11.4303 5277.21
37.39 11.3271 5174.02
37.4 11.2233 5070.13
37.41 11.1187 4965.58
37.42 11.0135 4860.4
37.43 10.9078 4754.63
37.44 10.8014 4648.31
37.45 10.6946 4541.47
37.46 10.5873 4434.14
37.47 10.4795 4326.34
37.48 10.3712 4218.11
37.49 10.2626 4109.44
37.5 10.1535 4000.34
37.51 10.0439 3890.8
37.52 9.93394 3780.81
37.53 9.82347 3670.34
37.54 9.7125 3559.36
37.55 9.60099 3447.85
37.56 9.48892 3335.78
37.57 9.37626 3223.12
37.58 9.26298 3109.85
37.59 9.14909 2995.95
37.6 9.03455 2881.41
37.61 8.91936 2766.23
37.62 8.80352 2650.39
37.63 8.68704 2533.91
37.64 8.56993 2416.79
37.65 8.45218 2299.04
37.66 8.33381 2180.67
37.67 8.21483 2061.7
37.68 8.09527 1942.14
37.69 7.97514 1822.01
37.7 7.85446 1701.33
37.71 7.73325 1580.12
37.72 7.61154 1458.41
37.73 7.48936 1336.22
37.74 7.36674 1213.6
37.75 7.24371 1090.58
37.76 7.12031 967.176
37.77 6.99658 843.45
37.78 6.87257 719.44
37.79 6.74833 595.193
37.8 6.62389 470.755
37.81 6.49931 346.177
37.82 6.37464 221.511
37.83 6.24994 96.8117
37.84 6.12526 -27.8769
37.85 6.00062 -152.511
37.86 5.87608 -277.05
37.87 5.75167 -401.461
37.88 5.62742 -525.716
37.89 5.50334 -649.795
37.9 5.37944 -773.688
37.91 5.25574 -897.388
37.92 5.13224 -1020.89
37.93 5.00893 -1144.2
37.94 4.88582 -1267.31
37.95 4.76289 -1390.24
37.96 4.64014 -1513
37.97 4.51756 -1635.58
37.98 4.39514 -1757.99
37.99 4.27289 -1880.24
38 4.15079 -2002.34
38.01 4.02884 -2124.29
38.02 3.90703 -2246.1
38.03 3.78537 -2367.77
38.04 3.66383 -2489.3
38.05 3.54244 -2610.7
38.06 3.42117 -2731.96
38.07 3.30004 -2853.09
38.08 3.17906 -2974.08
38.09 3.05822 -3094.92
38.1 2.93753 -3215.6
38.11 2.81701 -3336.12
38.12 2.69667 -3456.46
38.13 2.57652 -3576.62
38.14 2.45656 -3696.57
38.15 2.33682 -3816.31
38.16 2.2173 -3935.84
38.17 2.09801 -4055.13
38.18 1.97895 -4174.18
38.19 1.86014 -4292.99
38.2 1.74156 -4411.57
38.21 1.62322 -4529.92
38.22 1.5051 -4648.03
38.23 1.38719 -4765.94
38.24 1.26948 -4826.51
38.25 1.15194 -4885.28
38.26 1.03454 -4943.98
38.27 0.917259 -5002.62
38.28 0.800064 -5061.22
38.29 0.682929 -5119.79
38.3 0.565826 -5178.34
38.31 0.448731 -5236.89
38.32 0.331622 -5295.44
38.33 0.214483 -5354.01
38.34 0.0972981 -5412.6
38.35 -0.0199453 -5471.23
38.36 -0.137259 -5529.88
38.37 -0.25465 -5588.58
38.38 -0.372123 -5647.31
38.39 -0.489689 -5706.1
38.4 -0.607357 -5764.93
38.41 -0.725139 -5823.82
38.42 -0.843043 -5882.77
38.43 -0.96108 -5941.79
38.44 -1.07926 -6000.88
38.45 -1.1976 -6060.05
38.46 -1.31609 -6119.3
38.47 -1.43475 -6178.63
38.48 -1.55356 -6238.03
38.49 -1.67251 -6297.51
38.5 -1.7916 -6357.05
38.51 -1.91079 -6416.65
38.52 -2.03006 -6476.28
38.53 -2.14938 -6535.94
38.54 -2.2687 -6595.6
38.55 -2.38798 -6655.24
38.56 -2.50719 -6714.85
38.57 -2.62627 -6774.39
38.58 -2.74516 -6833.83
38.59 -2.86383 -6893.17
38.6 -2.98221 -6952.36
38.61 -3.10026 -7011.38
38.62 -3.21793 -7070.22
38.63 -3.33517 -7128.84
38.64 -3.45193 -7187.22
38.65 -3.56819 -7245.35
38.66 -3.6839 -7303.2
38.67 -3.79903 -7360.77
38.68 -3.91356 -7418.03
38.69 -4.02746 -7474.98
38.7 -4.1407 -7531.6
38.71 -4.25328 -7587.89
38.72 -4.36517 -7643.84
38.73 -4.47635 -7699.43
38.74 -4.58682 -7754.66
38.75 -4.69656 -7809.53
38.76 -4.80555 -7864.03
38.77 -4.91377 -7918.14
38.78 -5.02123 -7971.87
38.79 -5.12789 -8025.2
38.8 -5.23376 -8078.13
38.81 -5.3388 -8130.66
38.82 -5.44301 -8182.76
38.83 -5.54637 -8234.44
38.84 -5.64884 -8285.67
38.85 -5.75042 -8336.46
38.86 -5.85107 -8386.79
38.87 -5.95078 -8436.64
38.88 -6.04952 -8486.01
38.89 -6.14726 -8534.88
38.9 -6.24399 -8583.25
38.91 -6.33969 -8631.1
38.92 -6.43434 -8678.42
38.93 -6.52792 -8725.22
38.94 -6.62044 -8771.47
38.95 -6.71188 -8817.19
38.96 -6.80223 -8862.37
38.97 -6.89148 -8907
38.98 -6.97965 -8951.08
38.99 -7.06671 -8994.61
39 -7.15266 -9037.58
39.01 -7.2375 -9080
39.02 -7.32123 -9121.87
39.03 -7.40383 -9163.17
39.04 -7.4853 -9203.9
39.05 -7.56563 -9244.07
39.06 -7.64482 -9283.66
39.07 -7.72287 -9322.69
39.08 -7.79977 -9361.14
39.09 -7.87553 -9399.02
39.1 -7.95016 -9436.33
39.11 -8.02368 -9473.09
39.12 -8.0961 -9509.3
39.13 -8.16744 -9544.97
39.14 -8.23774 -9580.12
39.15 -8.30702 -9614.76
39.16 -8.37531 -9648.91
39.17 -8.44264 -9682.57
39.18 -8.50905 -9715.78
39.19 -8.57457 -9748.54
39.2 -8.63921 -9780.86
39.21 -8.70303 -9812.77
39.22 -8.76603 -9844.27
39.23 -8.82825 -9875.38
39.24 -8.88971 -9906.11
39.25 -8.95043 -9936.47
39.26 -9.01043 -9966.47
39.27 -9.06973 -9996.12
39.28 -9.12836 -10025.4
39.29 -9.18631 -10054.4
39.3 -9.24362 -10083.1
39.31 -9.3003 -10111.4
39.32 -9.35637 -10139.4
39.33 -9.41183 -10167.2
39.34 -9.4667 -10194.6
39.35 -9.52099 -10221.7
39.36 -9.57472 -10248.6
39.37 -9.62789 -10275.2
39.38 -9.68052 -10301.5
39.39 -9.73261 -10327.6
39.4 -9.78416 -10353.3
39.41 -9.83518 -10378.8
39.42 -9.88568 -10404.1
39.43 -9.93565 -10429.1
39.44 -9.98508 -10453.8
39.45 -10.034 -10478.2
39.46 -10.0824 -10502.4
39.47 -10.1302 -10526.4
39.48 -10.1775 -10550
39.49 -10.2242 -10573.4
39.5 -10.2705 -10596.5
39.51 -10.3161 -10619.3
39.52 -10.3612 -10641.9
39.53 -10.4058 -10664.2
39.54 -10.4499 -10686.2
39.55 -10.4934 -10708
39.56 -10.5364 -10729.5
39.57 -10.579 -10750.7
39.58 -10.6209 -10771.7
39.59 -10.6624 -10792.5
39.6 -10.7034 -10813
39.61 -10.7439 -10833.2
39.62 -10.7839 -10853.2
39.63 -10.8233 -10872.9
39.64 -10.8622 -10892.4
39.65 -10.9006 -10911.6
39.66 -10.9385 -10930.5
39.67 -10.9758 -10949.2
39.68 -11.0126 -10967.5
39.69 -11.0488 -10985.6
39.7 -11.0844 -11003.5
39.71 -11.1194 -11021
39.72 -11.1539 -11038.2
39.73 -11.1877 -11055.1
39.74 -11.2209 -11071.7
39.75 -11.2534 -11088
39.76 -11.2853 -11103.9
39.77 -11.3166 -11119.6
39.78 -11.3472 -11134.9
39.79 -11.3771 -11149.8
39.8 -11.4064 -11164.4
39.81 -11.4349 -11178.7
39.82 -11.4627 -11192.6
39.83 -11.4898 -11206.2
39.84 -11.5162 -11219.3
39.85 -11.5418 -11232.1
39.86 -11.5666 -11244.6
39.87 -11.5907 -11256.6
39.88 -11.614 -11268.3
39.89 -11.6366 -11279.5
39.9 -11.6584 -11290.4
39.91 -11.6793 -11300.9
39.92 -11.6995 -11311
39.93 -11.7189 -11320.7
39.94 -11.7376 -11330
39.95 -11.7554 -11339
39.96 -11.7725 -11347.5
39.97 -11.7887 -11355.6
39.98 -11.8042 -11363.4
39.99 -11.8189 -11370.7
40 -11.8328 -11377.6
