0.01 0
0.02 0.000658
0.03 0.000613722
0.04 0.000441468
0.05 0.000457451
0.06 0.00028777
0.07 -0.000879164
0.08 -0.00376697
0.09 -0.00877505
0.1 -0.0161283
0.11 -0.0260631
0.12 -0.0387679
0.13 -0.0541941
0.14 -0.0720243
0.15 -0.091868
0.16 -0.113461
0.17 -0.136673
0.18 -0.161384
0.19 -0.187449
0.2 -0.214783
0.21 -0.243466
0.22 -0.273691
0.23 -0.305647
0.24 -0.339483
0.25 -0.375387
0.26 -0.413664
0.27 -0.454714
0.28 -0.498935
0.29 -0.546702
0.3 -0.598425
0.31 -0.654597
0.32 -0.71574
0.33 -0.782314
0.34 -0.854681
0.35 -0.933157
0.36 -1.01804
0.37 -1.10956
0.38 -1.20783
0.39 -1.31278
0.4 -1.42429
0.41 -1.5422
0.42 -1.66631
0.43 -1.79631
0.44 -1.93184
0.45 -2.07254
0.46 -2.21813
0.47 -2.36838
0.48 -2.52303
0.49 -2.68182
0.5 -2.84456
0.51 -3.01112
0.52 -3.1814
0.53 -3.35528
0.54 -3.53259
0.55 -3.71325
0.56 -3.89723
0.57 -4.08454
0.58 -4.27515
0.59 -4.46899
0.6 -4.66606
0.61 -4.86635
0.62 -5.06979
0.63 -5.27613
0.64 -5.485
0.65 -5.69588
0.66 -5.90821
0.67 -6.12129
0.68 -6.33424
0.69 -6.54611
0.7 -6.75605
0.71 -6.9634
0.72 -7.16764
0.73 -7.3684
0.74 -7.56552
0.75 -7.7592
0.76 -7.94995
0.77 -8.1384
0.78 -8.32517
0.79 -8.51081
0.8 -8.69579
0.81 -8.88045
0.82 -9.06474
0.83 -9.24809
0.84 -9.42941
0.85 -9.60733
0.86 -9.78019
0.87 -9.94599
0.88 -10.1023
0.89 -10.245
0.9 -10.3717
0.91 -10.4802
0.92 -10.5687
0.93 -10.6354
0.94 -10.6788
0.95 -10.6986
0.96 -10.6957
0.97 -10.6709
0.98 -10.6255
0.99 -10.5615
1 -10.4816
1.01 -10.3887
1.02 -10.2846
1.03 -10.1707
1.04 -10.0484
1.05 -9.9186
1.06 -9.7814
1.07 -9.63587
1.08 -9.48107
1.09 -9.31666
1.1 -9.14246
1.11 -8.95818
1.12 -8.76405
1.13 -8.56104
1.14 -8.35062
1.15 -8.13457
1.16 -7.91493
1.17 -7.69387
1.18 -7.47346
1.19 -7.25574
1.2 -7.0427
1.21 -6.83585
1.22 -6.63588
1.23 -6.44266
1.24 -6.25551
1.25 -6.07353
1.26 -5.89498
1.27 -5.71715
1.28 -5.53716
1.29 -5.35278
1.3 -5.16219
1.31 -4.96322
1.32 -4.75363
1.33 -4.53236
1.34 -4.29919
1.35 -4.05366
1.36 -3.79531
1.37 -3.52452
1.38 -3.24239
1.39 -2.95045
1.4 -2.65055
1.41 -2.34496
1.42 -2.03645
1.43 -1.728
1.44 -1.42239
1.45 -1.12203
1.46 -0.828944
1.47 -0.544862
1.48 -0.271146
1.49 -0.00861977
1.5 0.241855
1.51 0.47875
1.52 0.70033
1.53 0.905155
1.54 1.09138
1.55 1.25618
1.56 1.39688
1.57 1.51207
1.58 1.60117
1.59 1.66357
1.6 1.6991
1.61 1.70922
1.62 1.69675
1.63 1.66439
1.64 1.61422
1.65 1.54854
1.66 1.47038
1.67 1.38241
1.68 1.28612
1.69 1.18261
1.7 1.07329
1.71 0.959454
1.72 0.841781
1.73 0.720477
1.74 0.595454
1.75 0.466225
1.76 0.332136
1.77 0.192433
1.78 0.0460198
1.79 -0.108467
1.8 -0.272034
1.81 -0.44488
1.82 -0.626798
1.83 -0.817773
1.84 -1.01758
1.85 -1.22514
1.86 -1.43892
1.87 -1.65769
1.88 -1.88044
1.89 -2.1057
1.9 -2.33109
1.91 -2.55381
1.92 -2.77111
1.93 -2.97977
1.94 -3.17562
1.95 -3.35444
1.96 -3.51297
1.97 -3.64885
1.98 -3.76028
1.99 -3.84667
2 -3.90899
2.01 -3.94918
2.02 -3.96961
2.03 -3.97327
2.04 -3.96338
2.05 -3.94324
2.06 -3.91666
2.07 -3.88783
2.08 -3.86101
2.09 -3.8408
2.1 -3.83207
2.11 -3.83939
2.12 -3.86609
2.13 -3.91366
2.14 -3.98162
2.15 -4.06738
2.16 -4.16604
2.17 -4.2705
2.18 -4.37237
2.19 -4.46308
2.2 -4.53466
2.21 -4.58019
2.22 -4.59415
2.23 -4.57261
2.24 -4.51352
2.25 -4.41675
2.26 -4.28365
2.27 -4.11634
2.28 -3.91762
2.29 -3.6917
2.3 -3.44395
2.31 -3.17959
2.32 -2.90338
2.33 -2.62014
2.34 -2.33488
2.35 -2.05221
2.36 -1.77558
2.37 -1.50762
2.38 -1.25109
2.39 -1.00909
2.4 -0.784447
2.41 -0.579599
2.42 -0.397044
2.43 -0.239549
2.44 -0.110091
2.45 -0.0114994
2.46 0.0539234
2.47 0.0841794
2.48 0.0771762
2.49 0.0306995
2.5 -0.0571671
2.51 -0.187517
2.52 -0.360555
2.53 -0.575817
2.54 -0.831827
2.55 -1.12531
2.56 -1.45077
2.57 -1.80081
2.58 -2.16709
2.59 -2.541
2.6 -2.91372
2.61 -3.2765
2.62 -3.6223
2.63 -3.94709
2.64 -4.24944
2.65 -4.52984
2.66 -4.79072
2.67 -5.03664
2.68 -5.27378
2.69 -5.50869
2.7 -5.74729
2.71 -5.99474
2.72 -6.2556
2.73 -6.53357
2.74 -6.83099
2.75 -7.1488
2.76 -7.48712
2.77 -7.84577
2.78 -8.22434
2.79 -8.62216
2.8 -9.03839
2.81 -9.47222
2.82 -9.92305
2.83 -10.3905
2.84 -10.8737
2.85 -11.3714
2.86 -11.8819
2.87 -12.4034
2.88 -12.9336
2.89 -13.4697
2.9 -14.0083
2.91 -14.546
2.92 -15.0793
2.93 -15.6047
2.94 -16.1183
2.95 -16.6167
2.96 -17.0969
2.97 -17.5563
2.98 -17.9927
2.99 -18.4044
3 -18.7905
3.01 -19.1502
3.02 -19.4829
3.03 -19.7882
3.04 -20.0652
3.05 -20.3128
3.06 -20.5292
3.07 -20.7128
3.08 -20.8616
3.09 -20.9737
3.1 -21.0485
3.11 -21.0863
3.12 -21.0888
3.13 -21.0594
3.14 -21.0034
3.15 -20.9269
3.16 -20.8365
3.17 -20.7389
3.18 -20.6405
3.19 -20.5458
3.2 -20.4578
3.21 -20.3775
3.22 -20.3049
3.23 -20.2384
3.24 -20.1749
3.25 -20.1112
3.26 -20.0449
3.27 -19.974
3.28 -19.8965
3.29 -19.8114
3.3 -19.7194
3.31 -19.6215
3.32 -19.5182
3.33 -19.41
3.34 -19.2979
3.35 -19.1827
3.36 -19.0644
3.37 -18.9427
3.38 -18.8175
3.39 -18.6889
3.4 -18.5567
3.41 -18.4206
3.42 -18.2803
3.43 -18.1358
3.44 -17.9867
3.45 -17.8333
3.46 -17.6765
3.47 -17.5181
3.48 -17.3608
3.49 -17.2089
3.5 -17.0675
3.51 -16.9424
3.52 -16.839
3.53 -16.7622
3.54 -16.7153
3.55 -16.6998
3.56 -16.7147
3.57 -16.757
3.58 -16.8215
3.59 -16.9021
3.6 -16.992
3.61 -17.0857
3.62 -17.1787
3.63 -17.2683
3.64 -17.354
3.65 -17.4379
3.66 -17.5241
3.67 -17.6174
3.68 -17.7221
3.69 -17.8429
3.7 -17.984
3.71 -18.1482
3.72 -18.3362
3.73 -18.5477
3.74 -18.7824
3.75 -19.0393
3.76 -19.317
3.77 -19.6143
3.78 -19.9305
3.79 -20.2651
3.8 -20.6182
3.81 -20.9896
3.82 -21.3789
3.83 -21.7844
3.84 -22.2046
3.85 -22.6382
3.86 -23.0829
3.87 -23.5358
3.88 -23.9948
3.89 -24.4588
3.9 -24.9278
3.91 -25.4017
3.92 -25.8811
3.93 -26.367
3.94 -26.8607
3.95 -27.3631
3.96 -27.8737
3.97 -28.3902
3.98 -28.9094
3.99 -29.427
4 -29.9378
4.01 -30.4352
4.02 -30.9123
4.03 -31.3633
4.04 -31.7832
4.05 -32.1679
4.06 -32.5142
4.07 -32.8195
4.08 -33.0827
4.09 -33.3028
4.1 -33.4792
4.11 -33.6108
4.12 -33.6964
4.13 -33.7349
4.14 -33.725
4.15 -33.6655
4.16 -33.5549
4.17 -33.3918
4.18 -33.1753
4.19 -32.9054
4.2 -32.5829
4.21 -32.2096
4.22 -31.7886
4.23 -31.3249
4.24 -30.8258
4.25 -30.3
4.26 -29.7566
4.27 -29.206
4.28 -28.6581
4.29 -28.1223
4.3 -27.6064
4.31 -27.1162
4.32 -26.6555
4.33 -26.227
4.34 -25.8318
4.35 -25.4705
4.36 -25.1437
4.37 -24.8522
4.38 -24.5972
4.39 -24.3808
4.4 -24.2058
4.41 -24.0748
4.42 -23.9894
4.43 -23.9503
4.44 -23.9567
4.45 -24.0061
4.46 -24.0939
4.47 -24.2134
4.48 -24.3565
4.49 -24.515
4.5 -24.6813
4.51 -24.8482
4.52 -25.009
4.53 -25.1588
4.54 -25.2948
4.55 -25.4147
4.56 -25.5161
4.57 -25.5963
4.58 -25.6526
4.59 -25.6823
4.6 -25.6818
4.61 -25.6477
4.62 -25.5771
4.63 -25.469
4.64 -25.3237
4.65 -25.1428
4.66 -24.9294
4.67 -24.6871
4.68 -24.4196
4.69 -24.13
4.7 -23.8208
4.71 -23.4931
4.72 -23.1466
4.73 -22.7803
4.74 -22.3936
4.75 -21.9859
4.76 -21.5574
4.77 -21.1086
4.78 -20.6405
4.79 -20.1554
4.8 -19.6562
4.81 -19.1454
4.82 -18.6254
4.83 -18.0984
4.84 -17.567
4.85 -17.0345
4.86 -16.504
4.87 -15.978
4.88 -15.4586
4.89 -14.9486
4.9 -14.4507
4.91 -13.9663
4.92 -13.4944
4.93 -13.0329
4.94 -12.5814
4.95 -12.1398
4.96 -11.706
4.97 -11.2779
4.98 -10.8576
4.99 -10.4497
5 -10.0581
5.01 -9.68646
5.02 -9.34026
5.03 -9.02536
5.04 -8.74633
5.05 -8.50573
5.06 -8.30449
5.07 -8.14261
5.08 -8.01966
5.09 -7.93484
5.1 -7.8868
5.11 -7.87415
5.12 -7.89647
5.13 -7.95449
5.14 -8.04929
5.15 -8.18152
5.16 -8.35124
5.17 -8.5579
5.18 -8.80007
5.19 -9.07502
5.2 -9.37833
5.21 -9.70432
5.22 -10.047
5.23 -10.4007
5.24 -10.7604
5.25 -11.1218
5.26 -11.4818
5.27 -11.8389
5.28 -12.1932
5.29 -12.5461
5.3 -12.8994
5.31 -13.2554
5.32 -13.6164
5.33 -13.9847
5.34 -14.3626
5.35 -14.7517
5.36 -15.1528
5.37 -15.5658
5.38 -15.9901
5.39 -16.4243
5.4 -16.8664
5.41 -17.3131
5.42 -17.7599
5.43 -18.2019
5.44 -18.634
5.45 -19.051
5.46 -19.4473
5.47 -19.8166
5.48 -20.1534
5.49 -20.4531
5.5 -20.7119
5.51 -20.9256
5.52 -21.0893
5.53 -21.1984
5.54 -21.2511
5.55 -21.2486
5.56 -21.1842
5.57 -21.0599
5.58 -20.8752
5.59 -20.6381
5.6 -20.3487
5.61 -20.0107
5.62 -19.6297
5.63 -19.2117
5.64 -18.7606
5.65 -18.2779
5.66 -17.7643
5.67 -17.2204
5.68 -16.6456
5.69 -16.0376
5.7 -15.3932
5.71 -14.7095
5.72 -13.9845
5.73 -13.2172
5.74 -12.4067
5.75 -11.5526
5.76 -10.6551
5.77 -9.71589
5.78 -8.73714
5.79 -7.72058
5.8 -6.66761
5.81 -5.57975
5.82 -4.45862
5.83 -3.30542
5.84 -2.12064
5.85 -0.904436
5.86 0.342996
5.87 1.6211
5.88 2.929
5.89 4.26568
5.9 5.62996
5.91 7.02034
5.92 8.43505
5.93 9.8725
5.94 11.3315
5.95 12.8117
5.96 14.3132
5.97 15.8363
5.98 17.3813
5.99 18.9489
6 20.5396
6.01 22.1534
6.02 23.7894
6.03 25.4451
6.04 27.118
6.05 28.8044
6.06 30.4994
6.07 32.1972
6.08 33.8914
6.09 35.5754
6.1 37.2429
6.11 38.8874
6.12 40.5031
6.13 42.0854
6.14 43.6307
6.15 45.1366
6.16 46.6021
6.17 48.027
6.18 49.4121
6.19 50.7589
6.2 52.0686
6.21 53.3427
6.22 54.5822
6.23 55.7873
6.24 56.9576
6.25 58.0925
6.26 59.1905
6.27 60.2504
6.28 61.2709
6.29 62.2505
6.3 63.1884
6.31 64.0838
6.32 64.9363
6.33 65.7454
6.34 66.5101
6.35 67.2297
6.36 67.9035
6.37 68.5307
6.38 69.1105
6.39 69.6426
6.4 70.1274
6.41 70.5663
6.42 70.9615
6.43 71.3158
6.44 71.6329
6.45 71.917
6.46 72.173
6.47 72.4053
6.48 72.6183
6.49 72.8158
6.5 73.0015
6.51 73.1778
6.52 73.3466
6.53 73.5089
6.54 73.6647
6.55 73.8135
6.56 73.9544
6.57 74.0862
6.58 74.2079
6.59 74.3186
6.6 74.4176
6.61 74.505
6.62 74.5816
6.63 74.6478
6.64 74.7045
6.65 74.752
6.66 74.7908
6.67 74.8209
6.68 74.8417
6.69 74.8523
6.7 74.852
6.71 74.8409
6.72 74.8193
6.73 74.7887
6.74 74.7514
6.75 74.7109
6.76 74.6717
6.77 74.6382
6.78 74.615
6.79 74.6057
6.8 74.6136
6.81 74.6404
6.82 74.687
6.83 74.7528
6.84 74.8367
6.85 74.9372
6.86 75.053
6.87 75.1826
6.88 75.3251
6.89 75.4802
6.9 75.6478
6.91 75.8285
6.92 76.0228
6.93 76.2321
6.94 76.4579
6.95 76.7014
6.96 76.9643
6.97 77.2479
6.98 77.5536
6.99 77.8815
7 78.2305
7.01 78.5987
7.02 78.9831
7.03 79.3794
7.04 79.7827
7.05 80.1877
7.06 80.5894
7.07 80.9837
7.08 81.3672
7.09 81.7369
7.1 82.0908
7.11 82.4271
7.12 82.7443
7.13 83.0405
7.14 83.313
7.15 83.5588
7.16 83.7744
7.17 83.9566
7.18 84.1025
7.19 84.2093
7.2 84.2753
7.21 84.3001
7.22 84.2853
7.23 84.2331
7.24 84.1469
7.25 84.031
7.26 83.8905
7.27 83.7312
7.28 83.5586
7.29 83.3775
7.3 83.1927
7.31 83.0085
7.32 82.8289
7.33 82.6567
7.34 82.4937
7.35 82.3411
7.36 82.1992
7.37 82.0678
7.38 81.9456
7.39 81.8305
7.4 81.72
7.41 81.6116
7.42 81.5029
7.43 81.3913
7.44 81.2741
7.45 81.1489
7.46 81.0139
7.47 80.8674
7.48 80.7081
7.49 80.5346
7.5 80.3458
7.51 80.1413
7.52 79.9212
7.53 79.6856
7.54 79.4349
7.55 79.1698
7.56 78.891
7.57 78.6001
7.58 78.2983
7.59 77.9865
7.6 77.6652
7.61 77.3353
7.62 76.9977
7.63 76.6534
7.64 76.3029
7.65 75.9471
7.66 75.5879
7.67 75.229
7.68 74.8748
7.69 74.5309
7.7 74.2027
7.71 73.8976
7.72 73.6244
7.73 73.392
7.74 73.2059
7.75 73.0677
7.76 72.9855
7.77 72.9588
7.78 72.9881
7.79 73.065
7.8 73.1883
7.81 73.3538
7.82 73.5549
7.83 73.7853
7.84 74.0403
7.85 74.3167
7.86 74.6116
7.87 74.9223
7.88 75.2462
7.89 75.5816
7.9 75.9277
7.91 76.2838
7.92 76.6487
7.93 77.0214
7.94 77.401
7.95 77.7875
7.96 78.1805
7.97 78.5791
7.98 78.9826
7.99 79.3901
8 79.8016
8.01 80.2166
8.02 80.635
8.03 81.0565
8.04 81.4814
8.05 81.9105
8.06 82.3445
8.07 82.7836
8.08 83.2278
8.09 83.6767
8.1 84.1299
8.11 84.5861
8.12 85.0437
8.13 85.5009
8.14 85.956
8.15 86.4075
8.16 86.8541
8.17 87.2951
8.18 87.7302
8.19 88.1596
8.2 88.5836
8.21 89.0027
8.22 89.418
8.23 89.83
8.24 90.239
8.25 90.645
8.26 91.0474
8.27 91.4459
8.28 91.8394
8.29 92.226
8.3 92.6036
8.31 92.97
8.32 93.3232
8.33 93.6608
8.34 93.9799
8.35 94.2776
8.36 94.5511
8.37 94.7975
8.38 95.0139
8.39 95.196
8.4 95.3385
8.41 95.4359
8.42 95.4836
8.43 95.4788
8.44 95.4103
8.45 95.2757
8.46 95.0728
8.47 94.7999
8.48 94.4563
8.49 94.0428
8.5 93.56
8.51 93.0179
8.52 92.4174
8.53 91.7617
8.54 91.0553
8.55 90.3032
8.56 89.5086
8.57 88.6741
8.58 87.8022
8.59 86.8966
8.6 85.9619
8.61 85.0028
8.62 84.0242
8.63 83.0313
8.64 82.0302
8.65 81.0268
8.66 80.0265
8.67 79.0333
8.68 78.0503
8.69 77.0796
8.7 76.1226
8.71 75.1797
8.72 74.25
8.73 73.3323
8.74 72.4249
8.75 71.527
8.76 70.6377
8.77 69.7564
8.78 68.8821
8.79 68.015
8.8 67.1556
8.81 66.3051
8.82 65.4638
8.83 64.632
8.84 63.8103
8.85 62.9992
8.86 62.1991
8.87 61.4092
8.88 60.6283
8.89 59.8552
8.9 59.0891
8.91 58.3286
8.92 57.5724
8.93 56.8196
8.94 56.0703
8.95 55.3257
8.96 54.5874
8.97 53.8576
8.98 53.1388
8.99 52.434
9 51.7463
9.01 51.0783
9.02 50.4317
9.03 49.8076
9.04 49.2067
9.05 48.6288
9.06 48.0734
9.07 47.5392
9.08 47.0242
9.09 46.5262
9.1 46.043
9.11 45.572
9.12 45.1107
9.13 44.6561
9.14 44.2062
9.15 43.7595
9.16 43.3153
9.17 42.8731
9.18 42.433
9.19 41.996
9.2 41.5634
9.21 41.1366
9.22 40.7163
9.23 40.303
9.24 39.8968
9.25 39.4978
9.26 39.1055
9.27 38.7192
9.28 38.3382
9.29 37.9625
9.3 37.5925
9.31 37.2285
9.32 36.8713
9.33 36.5213
9.34 36.1791
9.35 35.8448
9.36 35.5179
9.37 35.1974
9.38 34.8818
9.39 34.5693
9.4 34.2581
9.41 33.9463
9.42 33.6321
9.43 33.3139
9.44 32.9902
9.45 32.6602
9.46 32.323
9.47 31.9779
9.48 31.6243
9.49 31.2617
9.5 30.8899
9.51 30.5086
9.52 30.1177
9.53 29.7167
9.54 29.3056
9.55 28.8844
9.56 28.4535
9.57 28.0128
9.58 27.562
9.59 27.101
9.6 26.6297
9.61 26.1475
9.62 25.6539
9.63 25.1479
9.64 24.6287
9.65 24.0958
9.66 23.5487
9.67 22.9869
9.68 22.4099
9.69 21.8173
9.7 21.2093
9.71 20.5862
9.72 19.9485
9.73 19.2971
9.74 18.6333
9.75 17.9591
9.76 17.2773
9.77 16.5905
9.78 15.9011
9.79 15.212
9.8 14.5261
9.81 13.8457
9.82 13.1727
9.83 12.5085
9.84 11.8545
9.85 11.2121
9.86 10.5828
9.87 9.96753
9.88 9.36778
9.89 8.78516
9.9 8.22161
9.91 7.67898
9.92 7.15899
9.93 6.66306
9.94 6.1924
9.95 5.74788
9.96 5.32967
9.97 4.93705
9.98 4.56859
9.99 4.22257
10 3.89704
10.01 3.58962
10.02 3.29775
10.03 3.01912
10.04 2.7519
10.05 2.49466
10.06 2.24621
10.07 2.0057
10.08 1.77274
10.09 1.5474
10.1 1.33008
10.11 1.12137
10.12 0.921966
10.13 0.732557
10.14 0.5539
10.15 0.386662
10.16 0.231203
10.17 0.0874986
10.18 -0.044681
10.19 -0.16557
10.2 -0.275335
10.21 -0.374047
10.22 -0.461556
10.23 -0.53732
10.24 -0.600152
10.25 -0.648309
10.26 -0.679784
10.27 -0.692468
10.28 -0.684148
10.29 -0.652715
10.3 -0.596581
10.31 -0.514981
10.32 -0.408011
10.33 -0.276657
10.34 -0.122798
10.35 0.0509198
10.36 0.241259
10.37 0.444617
10.38 0.657333
10.39 0.875895
10.4 1.09715
10.41 1.31846
10.42 1.53766
10.43 1.753
10.44 1.96326
10.45 2.16781
10.46 2.36641
10.47 2.55894
10.48 2.74547
10.49 2.92634
10.5 3.10207
10.51 3.27313
10.52 3.43979
10.53 3.60221
10.54 3.76068
10.55 3.9155
10.56 4.0669
10.57 4.21501
10.58 4.36018
10.59 4.50306
10.6 4.64441
10.61 4.78494
10.62 4.9253
10.63 5.06615
10.64 5.20799
10.65 5.35108
10.66 5.49524
10.67 5.63999
10.68 5.78461
10.69 5.92822
10.7 6.06975
10.71 6.20801
10.72 6.34188
10.73 6.47041
10.74 6.5929
10.75 6.70881
10.76 6.81783
10.77 6.91994
10.78 7.01532
10.79 7.10438
10.8 7.18765
10.81 7.26586
10.82 7.34
10.83 7.41122
10.84 7.48085
10.85 7.55039
10.86 7.62149
10.87 7.69587
10.88 7.77522
10.89 7.8611
10.9 7.95495
10.91 8.05814
10.92 8.1719
10.93 8.2972
10.94 8.43484
10.95 8.58565
10.96 8.75044
10.97 8.92978
10.98 9.12409
10.99 9.3338
11 9.55932
11.01 9.80085
11.02 10.0583
11.03 10.3315
11.04 10.6198
11.05 10.9227
11.06 11.2389
11.07 11.5669
11.08 11.9048
11.09 12.2504
11.1 12.6015
11.11 12.9552
11.12 13.3091
11.13 13.6606
11.14 14.0071
11.15 14.3463
11.16 14.6759
11.17 14.9937
11.18 15.2977
11.19 15.5858
11.2 15.8558
11.21 16.1055
11.22 16.3327
11.23 16.5351
11.24 16.7102
11.25 16.8554
11.26 16.9682
11.27 17.0463
11.28 17.0875
11.29 17.0899
11.3 17.0522
11.31 16.9736
11.32 16.8544
11.33 16.6952
11.34 16.4975
11.35 16.2633
11.36 15.9951
11.37 15.6958
11.38 15.3684
11.39 15.0155
11.4 14.6397
11.41 14.2433
11.42 13.8283
11.43 13.396
11.44 12.9471
11.45 12.4823
11.46 12.0017
11.47 11.5052
11.48 10.9927
11.49 10.4635
11.5 9.91755
11.51 9.35462
11.52 8.7747
11.53 8.1778
11.54 7.5641
11.55 6.93404
11.56 6.28822
11.57 5.62726
11.58 4.9517
11.59 4.2621
11.6 3.55909
11.61 2.84329
11.62 2.11516
11.63 1.37507
11.64 0.623424
11.65 -0.139301
11.66 -0.91262
11.67 -1.69611
11.68 -2.48939
11.69 -3.29213
11.7 -4.10398
11.71 -4.92465
11.72 -5.75381
11.73 -6.59117
11.74 -7.43639
11.75 -8.28895
11.76 -9.14801
11.77 -10.0125
11.78 -10.8812
11.79 -11.7528
11.8 -12.6257
11.81 -13.498
11.82 -14.3679
11.83 -15.2337
11.84 -16.0936
11.85 -16.9456
11.86 -17.7877
11.87 -18.6178
11.88 -19.4337
11.89 -20.2333
11.9 -21.0137
11.91 -21.7723
11.92 -22.5063
11.93 -23.2129
11.94 -23.8894
11.95 -24.5334
11.96 -25.1426
11.97 -25.7153
11.98 -26.2505
11.99 -26.7476
12 -27.2065
12.01 -27.628
12.02 -28.0135
12.03 -28.3648
12.04 -28.6841
12.05 -28.9739
12.06 -29.237
12.07 -29.4759
12.08 -29.6933
12.09 -29.8912
12.1 -30.0715
12.11 -30.2356
12.12 -30.3846
12.13 -30.5192
12.14 -30.6399
12.15 -30.7471
12.16 -30.8409
12.17 -30.9219
12.18 -30.9903
12.19 -31.0467
12.2 -31.0918
12.21 -31.1263
12.22 -31.1508
12.23 -31.1662
12.24 -31.1728
12.25 -31.1711
12.26 -31.161
12.27 -31.1424
12.28 -31.115
12.29 -31.0785
12.3 -31.0327
12.31 -30.9772
12.32 -30.9121
12.33 -30.8376
12.34 -30.7545
12.35 -30.6636
12.36 -30.566
12.37 -30.4634
12.38 -30.3575
12.39 -30.2504
12.4 -30.1443
12.41 -30.0415
12.42 -29.9444
12.43 -29.8557
12.44 -29.778
12.45 -29.7144
12.46 -29.6679
12.47 -29.6421
12.48 -29.6407
12.49 -29.6678
12.5 -29.7275
12.51 -29.8237
12.52 -29.9599
12.53 -30.139
12.54 -30.3628
12.55 -30.6319
12.56 -30.9455
12.57 -31.3017
12.58 -31.6973
12.59 -32.1281
12.6 -32.5891
12.61 -33.0748
12.62 -33.5795
12.63 -34.0973
12.64 -34.6231
12.65 -35.1516
12.66 -35.6783
12.67 -36.1995
12.68 -36.712
12.69 -37.2139
12.7 -37.7034
12.71 -38.1798
12.72 -38.643
12.73 -39.0934
12.74 -39.5322
12.75 -39.9601
12.76 -40.3785
12.77 -40.7888
12.78 -41.1921
12.79 -41.5894
12.8 -41.9813
12.81 -42.3683
12.82 -42.7505
12.83 -43.1277
12.84 -43.4994
12.85 -43.8649
12.86 -44.2231
12.87 -44.573
12.88 -44.9135
12.89 -45.2434
12.9 -45.5613
12.91 -45.8663
12.92 -46.1572
12.93 -46.4336
12.94 -46.6947
12.95 -46.9403
12.96 -47.1701
12.97 -47.3843
12.98 -47.5829
12.99 -47.766
13 -47.9337
13.01 -48.0859
13.02 -48.2223
13.03 -48.3426
13.04 -48.4463
13.05 -48.5326
13.06 -48.6007
13.07 -48.6496
13.08 -48.6782
13.09 -48.6851
13.1 -48.6689
13.11 -48.6277
13.12 -48.5596
13.13 -48.4619
13.14 -48.3319
13.15 -48.1666
13.16 -47.9627
13.17 -47.7175
13.18 -47.4281
13.19 -47.0924
13.2 -46.7092
13.21 -46.278
13.22 -45.7991
13.23 -45.2739
13.24 -44.7041
13.25 -44.0924
13.26 -43.4418
13.27 -42.7554
13.28 -42.0368
13.29 -41.2897
13.3 -40.5179
13.31 -39.7253
13.32 -38.9158
13.33 -38.0932
13.34 -37.2611
13.35 -36.423
13.36 -35.5819
13.37 -34.7401
13.38 -33.8997
13.39 -33.0623
13.4 -32.229
13.41 -31.4008
13.42 -30.5784
13.43 -29.7626
13.44 -28.9543
13.45 -28.1546
13.46 -27.3643
13.47 -26.5846
13.48 -25.8166
13.49 -25.0612
13.5 -24.319
13.51 -23.5905
13.52 -22.876
13.53 -22.1753
13.54 -21.4885
13.55 -20.8154
13.56 -20.1558
13.57 -19.5095
13.58 -18.8766
13.59 -18.2571
13.6 -17.6511
13.61 -17.0586
13.62 -16.4796
13.63 -15.9138
13.64 -15.3612
13.65 -14.8214
13.66 -14.2938
13.67 -13.7781
13.68 -13.2739
13.69 -12.7807
13.7 -12.2982
13.71 -11.8259
13.72 -11.3637
13.73 -10.9113
13.74 -10.4687
13.75 -10.036
13.76 -9.61325
13.77 -9.20077
13.78 -8.79903
13.79 -8.40866
13.8 -8.0303
13.81 -7.6645
13.82 -7.31173
13.83 -6.9724
13.84 -6.64669
13.85 -6.33442
13.86 -6.03495
13.87 -5.74727
13.88 -5.47016
13.89 -5.20205
13.9 -4.94093
13.91 -4.6845
13.92 -4.43044
13.93 -4.17653
13.94 -3.92054
13.95 -3.66024
13.96 -3.39364
13.97 -3.11919
13.98 -2.83575
13.99 -2.54238
14 -2.23843
14.01 -1.92361
14.02 -1.59803
14.03 -1.26197
14.04 -0.915717
14.05 -0.559519
14.06 -0.193651
14.07 0.181664
14.08 0.566415
14.09 0.960824
14.1 1.36525
14.11 1.78006
14.12 2.20558
14.13 2.64207
14.14 3.08973
14.15 3.54855
14.16 4.01822
14.17 4.49814
14.18 4.98761
14.19 5.48578
14.2 5.99159
14.21 6.50384
14.22 7.02128
14.23 7.5427
14.24 8.06692
14.25 8.59275
14.26 9.11908
14.27 9.64495
14.28 10.1695
14.29 10.6919
14.3 11.2115
14.31 11.7276
14.32 12.2396
14.33 12.7466
14.34 13.2481
14.35 13.7432
14.36 14.231
14.37 14.7109
14.38 15.1819
14.39 15.6431
14.4 16.0937
14.41 16.533
14.42 16.9601
14.43 17.3742
14.44 17.7747
14.45 18.1609
14.46 18.5324
14.47 18.8884
14.48 19.2287
14.49 19.5531
14.5 19.8615
14.51 20.1538
14.52 20.43
14.53 20.6902
14.54 20.9345
14.55 21.1627
14.56 21.375
14.57 21.571
14.58 21.7509
14.59 21.9143
14.6 22.0611
14.61 22.1912
14.62 22.3043
14.63 22.4001
14.64 22.4785
14.65 22.5391
14.66 22.5814
14.67 22.6049
14.68 22.6094
14.69 22.5944
14.7 22.5596
14.71 22.5051
14.72 22.4307
14.73 22.3369
14.74 22.224
14.75 22.0924
14.76 21.9427
14.77 21.7755
14.78 21.5913
14.79 21.3909
14.8 21.1749
14.81 20.9439
14.82 20.6987
14.83 20.4401
14.84 20.1691
14.85 19.8863
14.86 19.5925
14.87 19.2882
14.88 18.9737
14.89 18.6491
14.9 18.3138
14.91 17.9672
14.92 17.6083
14.93 17.236
14.94 16.8493
14.95 16.4472
14.96 16.0293
14.97 15.5958
14.98 15.1472
14.99 14.685
15 14.2107
15.01 13.7267
15.02 13.2352
15.03 12.7389
15.04 12.2401
15.05 11.7412
15.06 11.2444
15.07 10.7519
15.08 10.2657
15.09 9.7878
15.1 9.32002
15.11 8.86416
15.12 8.42188
15.13 7.9945
15.14 7.58308
15.15 7.18844
15.16 6.81121
15.17 6.45183
15.18 6.11053
15.19 5.78742
15.2 5.4826
15.21 5.19613
15.22 4.92804
15.23 4.67822
15.24 4.44647
15.25 4.23256
15.26 4.03615
15.27 3.85686
15.28 3.69424
15.29 3.54782
15.3 3.41715
15.31 3.30184
15.32 3.20158
15.33 3.11603
15.34 3.04486
15.35 2.98773
15.36 2.94429
15.37 2.91418
15.38 2.89698
15.39 2.89216
15.4 2.89923
15.41 2.91778
15.42 2.94746
15.43 2.98801
15.44 3.03924
15.45 3.10111
15.46 3.1737
15.47 3.25723
15.48 3.35188
15.49 3.45772
15.5 3.57482
15.51 3.70321
15.52 3.84279
15.53 3.99323
15.54 4.15418
15.55 4.32523
15.56 4.50601
15.57 4.69611
15.58 4.89516
15.59 5.10278
15.6 5.3186
15.61 5.54217
15.62 5.77287
15.63 6.0099
15.64 6.25212
15.65 6.49809
15.66 6.74614
15.67 6.99438
15.68 7.24075
15.69 7.48311
15.7 7.71942
15.71 7.94784
15.72 8.16677
15.73 8.37488
15.74 8.57118
15.75 8.75498
15.76 8.92603
15.77 9.08445
15.78 9.23067
15.79 9.36543
15.8 9.48976
15.81 9.60502
15.82 9.71269
15.83 9.81425
15.84 9.91107
15.85 10.0044
15.86 10.0954
15.87 10.1847
15.88 10.2727
15.89 10.3595
15.9 10.445
15.91 10.5286
15.92 10.6099
15.93 10.688
15.94 10.762
15.95 10.8313
15.96 10.8951
15.97 10.9529
15.98 11.0042
15.99 11.0487
16 11.0862
16.01 11.1167
16.02 11.1404
16.03 11.1576
16.04 11.1685
16.05 11.1738
16.06 11.174
16.07 11.1701
16.08 11.1629
16.09 11.1534
16.1 11.1424
16.11 11.131
16.12 11.1199
16.13 11.1097
16.14 11.1007
16.15 11.093
16.16 11.0865
16.17 11.0808
16.18 11.0753
16.19 11.0693
16.2 11.062
16.21 11.0525
16.22 11.0401
16.23 11.0242
16.24 11.004
16.25 10.9792
16.26 10.9496
16.27 10.9149
16.28 10.8754
16.29 10.8311
16.3 10.7826
16.31 10.7305
16.32 10.6753
16.33 10.6179
16.34 10.559
16.35 10.4994
16.36 10.4399
16.37 10.381
16.38 10.3233
16.39 10.2673
16.4 10.2133
16.41 10.1613
16.42 10.1116
16.43 10.0642
16.44 10.0188
16.45 9.97552
16.46 9.93408
16.47 9.89438
16.48 9.8563
16.49 9.81969
16.5 9.78453
16.51 9.75085
16.52 9.71872
16.53 9.68821
16.54 9.65947
16.55 9.63271
16.56 9.60814
16.57 9.58587
16.58 9.56607
16.59 9.54884
16.6 9.53418
16.61 9.52193
16.62 9.5119
16.63 9.50376
16.64 9.49707
16.65 9.49122
16.66 9.48559
16.67 9.47957
16.68 9.47252
16.69 9.46381
16.7 9.45287
16.71 9.43926
16.72 9.42266
16.73 9.40277
16.74 9.3794
16.75 9.35242
16.76 9.32184
16.77 9.28774
16.78 9.25024
16.79 9.20954
16.8 9.16595
16.81 9.1199
16.82 9.07185
16.83 9.02234
16.84 8.97195
16.85 8.92135
16.86 8.87125
16.87 8.82233
16.88 8.77526
16.89 8.73067
16.9 8.68918
16.91 8.65125
16.92 8.61718
16.93 8.58715
16.94 8.56111
16.95 8.53878
16.96 8.51969
16.97 8.50314
16.98 8.48832
16.99 8.4743
17 8.46016
17.01 8.44501
17.02 8.42814
17.03 8.40902
17.04 8.38735
17.05 8.36307
17.06 8.33636
17.07 8.30762
17.08 8.27746
17.09 8.24658
17.1 8.21578
17.11 8.18596
17.12 8.15803
17.13 8.13282
17.14 8.11111
17.15 8.09352
17.16 8.08051
17.17 8.0723
17.18 8.06895
17.19 8.07032
17.2 8.07603
17.21 8.08563
17.22 8.09863
17.23 8.11451
17.24 8.13276
17.25 8.15288
17.26 8.17449
17.27 8.19726
17.28 8.2209
17.29 8.24517
17.3 8.26986
17.31 8.2948
17.32 8.31989
17.33 8.34504
17.34 8.3702
17.35 8.3953
17.36 8.4203
17.37 8.44513
17.38 8.4697
17.39 8.49384
17.4 8.51725
17.41 8.53963
17.42 8.56062
17.43 8.57981
17.44 8.59671
17.45 8.61083
17.46 8.62167
17.47 8.62876
17.48 8.63157
17.49 8.6296
17.5 8.62231
17.51 8.60921
17.52 8.58983
17.53 8.56375
17.54 8.53063
17.55 8.49021
17.56 8.44234
17.57 8.38706
17.58 8.32451
17.59 8.25485
17.6 8.17837
17.61 8.09538
17.62 8.00626
17.63 7.91127
17.64 7.81065
17.65 7.70459
17.66 7.59323
17.67 7.4766
17.68 7.35467
17.69 7.22736
17.7 7.09455
17.71 6.95608
17.72 6.81176
17.73 6.66141
17.74 6.50488
17.75 6.34203
17.76 6.17273
17.77 5.99692
17.78 5.81465
17.79 5.62609
17.8 5.43146
17.81 5.2311
17.82 5.02554
17.83 4.81547
17.84 4.60165
17.85 4.38485
17.86 4.16596
17.87 3.94595
17.88 3.72576
17.89 3.50622
17.9 3.28808
17.91 3.07206
17.92 2.85878
17.93 2.6487
17.94 2.44208
17.95 2.23905
17.96 2.03969
17.97 1.84394
17.98 1.65167
17.99 1.46265
18 1.27665
18.01 1.09348
18.02 0.91292
18.03 0.734765
18.04 0.558791
18.05 0.384803
18.06 0.212642
18.07 0.0421496
18.08 -0.126825
18.09 -0.294437
18.1 -0.460829
18.11 -0.626125
18.12 -0.790397
18.13 -0.953683
18.14 -1.11596
18.15 -1.27711
18.16 -1.43684
18.17 -1.59463
18.18 -1.74984
18.19 -1.90167
18.2 -2.04914
18.21 -2.19116
18.22 -2.32659
18.23 -2.45436
18.24 -2.57349
18.25 -2.68316
18.26 -2.7827
18.27 -2.87167
18.28 -2.94989
18.29 -3.01738
18.3 -3.07434
18.31 -3.12111
18.32 -3.15816
18.33 -3.18598
18.34 -3.20512
18.35 -3.21607
18.36 -3.21924
18.37 -3.21497
18.38 -3.20351
18.39 -3.18507
18.4 -3.15982
18.41 -3.1279
18.42 -3.08948
18.43 -3.04482
18.44 -2.99424
18.45 -2.93812
18.46 -2.87693
18.47 -2.81117
18.48 -2.74138
18.49 -2.66809
18.5 -2.59185
18.51 -2.51312
18.52 -2.43233
18.53 -2.34979
18.54 -2.26575
18.55 -2.18039
18.56 -2.09377
18.57 -2.00584
18.58 -1.91646
18.59 -1.82554
18.6 -1.73288
18.61 -1.63829
18.62 -1.54155
18.63 -1.44257
18.64 -1.34126
18.65 -1.2376
18.66 -1.13162
18.67 -1.02343
18.68 -0.91319
18.69 -0.801136
18.7 -0.687534
18.71 -0.572679
18.72 -0.456896
18.73 -0.340544
18.74 -0.224007
18.75 -0.107699
18.76 0.0079953
18.77 0.122734
18.78 0.236206
18.79 0.348135
18.8 0.45836
18.81 0.566888
18.82 0.67387
18.83 0.779544
18.84 0.884293
18.85 0.988681
18.86 1.09343
18.87 1.19931
18.88 1.30716
18.89 1.41788
18.9 1.53241
18.91 1.65169
18.92 1.77656
18.93 1.90777
18.94 2.04597
18.95 2.1917
18.96 2.34527
18.97 2.50683
18.98 2.67633
18.99 2.85355
19 3.03812
19.01 3.22955
19.02 3.42726
19.03 3.63061
19.04 3.83893
19.05 4.0516
19.06 4.26798
19.07 4.48746
19.08 4.70941
19.09 4.93328
19.1 5.15858
19.11 5.38489
19.12 5.61181
19.13 5.83909
19.14 6.06663
19.15 6.29442
19.16 6.52252
19.17 6.75102
19.18 6.98008
19.19 7.20986
19.2 7.44045
19.21 7.67185
19.22 7.90403
19.23 8.13689
19.24 8.37031
19.25 8.60408
19.26 8.83797
19.27 9.07177
19.28 9.30524
19.29 9.53822
19.3 9.77054
19.31 10.002
19.32 10.2325
19.33 10.462
19.34 10.6904
19.35 10.9177
19.36 11.1436
19.37 11.3681
19.38 11.5909
19.39 11.8119
19.4 12.0306
19.41 12.2466
19.42 12.4596
19.43 12.6691
19.44 12.8745
19.45 13.0753
19.46 13.2711
19.47 13.4612
19.48 13.645
19.49 13.8219
19.5 13.9913
19.51 14.1524
19.52 14.3046
19.53 14.4474
19.54 14.5802
19.55 14.7026
19.56 14.8143
19.57 14.9151
19.58 15.0052
19.59 15.0847
19.6 15.1536
19.61 15.2124
19.62 15.2612
19.63 15.3003
19.64 15.3298
19.65 15.3499
19.66 15.3606
19.67 15.3623
19.68 15.3549
19.69 15.339
19.7 15.3149
19.71 15.2832
19.72 15.2443
19.73 15.1991
19.74 15.1483
19.75 15.0925
19.76 15.0327
19.77 14.9693
19.78 14.9032
19.79 14.8349
19.8 14.7649
19.81 14.6938
19.82 14.6219
19.83 14.5495
19.84 14.4769
19.85 14.4043
19.86 14.3319
19.87 14.2599
19.88 14.1884
19.89 14.1179
19.9 14.0486
19.91 13.9808
19.92 13.9149
19.93 13.8513
19.94 13.7906
19.95 13.733
19.96 13.679
19.97 13.629
19.98 13.5833
19.99 13.5424
20 13.5067
20.01 13.4764
20.02 13.4519
20.03 13.4336
20.04 13.4218
20.05 13.4169
20.06 13.4193
20.07 13.4292
20.08 13.4471
20.09 13.4734
20.1 13.5084
20.11 13.5525
20.12 13.6061
20.13 13.6696
20.14 13.7435
20.15 13.8279
20.16 13.9232
20.17 14.0293
20.18 14.1462
20.19 14.2737
20.2 14.4113
20.21 14.5586
20.22 14.7151
20.23 14.8799
20.24 15.0526
20.25 15.2325
20.26 15.419
20.27 15.6114
20.28 15.8093
20.29 16.012
20.3 16.219
20.31 16.4296
20.32 16.6433
20.33 16.8592
20.34 17.0767
20.35 17.295
20.36 17.5134
20.37 17.7312
20.38 17.9477
20.39 18.1621
20.4 18.3738
20.41 18.582
20.42 18.786
20.43 18.9851
20.44 19.1787
20.45 19.366
20.46 19.5463
20.47 19.7191
20.48 19.8837
20.49 20.0397
20.5 20.1864
20.51 20.3235
20.52 20.4504
20.53 20.5667
20.54 20.6721
20.55 20.766
20.56 20.8479
20.57 20.9175
20.58 20.9745
20.59 21.0184
20.6 21.049
20.61 21.0663
20.62 21.0701
20.63 21.0604
20.64 21.0373
20.65 21.001
20.66 20.9516
20.67 20.8893
20.68 20.8142
20.69 20.7266
20.7 20.6265
20.71 20.5142
20.72 20.3897
20.73 20.2531
20.74 20.1044
20.75 19.9438
20.76 19.7712
20.77 19.5865
20.78 19.39
20.79 19.1814
20.8 18.961
20.81 18.7287
20.82 18.4845
20.83 18.2288
20.84 17.9615
20.85 17.6829
20.86 17.3931
20.87 17.0925
20.88 16.7813
20.89 16.4599
20.9 16.1285
20.91 15.7878
20.92 15.4382
20.93 15.0803
20.94 14.7149
20.95 14.3427
20.96 13.9646
20.97 13.5816
20.98 13.1945
20.99 12.8044
21 12.4122
21.01 12.0188
21.02 11.625
21.03 11.2317
21.04 10.8394
21.05 10.4488
21.06 10.0605
21.07 9.67502
21.08 9.29274
21.09 8.91405
21.1 8.53927
21.11 8.16865
21.12 7.8023
21.13 7.44028
21.14 7.08259
21.15 6.72912
21.16 6.37965
21.17 6.03392
21.18 5.69165
21.19 5.35251
21.2 5.01614
21.21 4.68219
21.22 4.35036
21.23 4.02042
21.24 3.69222
21.25 3.36564
21.26 3.04068
21.27 2.71741
21.28 2.39596
21.29 2.07649
21.3 1.75916
21.31 1.4441
21.32 1.13138
21.33 0.821089
21.34 0.513213
21.35 0.207647
21.36 -0.0957456
21.37 -0.397091
21.38 -0.696525
21.39 -0.994205
21.4 -1.29029
21.41 -1.58492
21.42 -1.8782
21.43 -2.17027
21.44 -2.46132
21.45 -2.75154
21.46 -3.04118
21.47 -3.33051
21.48 -3.61987
21.49 -3.90957
21.5 -4.19998
21.51 -4.49148
21.52 -4.7844
21.53 -5.07903
21.54 -5.37564
21.55 -5.67446
21.56 -5.97563
21.57 -6.27924
21.58 -6.58529
21.59 -6.89371
21.6 -7.20442
21.61 -7.51727
21.62 -7.83207
21.63 -8.1486
21.64 -8.46669
21.65 -8.78618
21.66 -9.10693
21.67 -9.42884
21.68 -9.75187
21.69 -10.076
21.7 -10.4013
21.71 -10.7278
21.72 -11.0555
21.73 -11.3844
21.74 -11.7146
21.75 -12.046
21.76 -12.3786
21.77 -12.7121
21.78 -13.0466
21.79 -13.3818
21.8 -13.7175
21.81 -14.0535
21.82 -14.3896
21.83 -14.7255
21.84 -15.0609
21.85 -15.3956
21.86 -15.7291
21.87 -16.0613
21.88 -16.3917
21.89 -16.72
21.9 -17.0459
21.91 -17.3691
21.92 -17.6894
21.93 -18.0064
21.94 -18.32
21.95 -18.6301
21.96 -18.9367
21.97 -19.2395
21.98 -19.5387
21.99 -19.8341
22 -20.1257
22.01 -20.4134
22.02 -20.6972
22.03 -20.9768
22.04 -21.2523
22.05 -21.5232
22.06 -21.7895
22.07 -22.0509
22.08 -22.3071
22.09 -22.5579
22.1 -22.8029
22.11 -23.042
22.12 -23.2749
22.13 -23.5012
22.14 -23.7208
22.15 -23.9333
22.16 -24.1386
22.17 -24.3365
22.18 -24.5266
22.19 -24.7088
22.2 -24.883
22.21 -25.0489
22.22 -25.2065
22.23 -25.3557
22.24 -25.4964
22.25 -25.6287
22.26 -25.7526
22.27 -25.8682
22.28 -25.9759
22.29 -26.0759
22.3 -26.1686
22.31 -26.2544
22.32 -26.3338
22.33 -26.4074
22.34 -26.4755
22.35 -26.5387
22.36 -26.5976
22.37 -26.6525
22.38 -26.7038
22.39 -26.7521
22.4 -26.7975
22.41 -26.8405
22.42 -26.8815
22.43 -26.9209
22.44 -26.959
22.45 -26.9963
22.46 -27.0331
22.47 -27.07
22.48 -27.1073
22.49 -27.1455
22.5 -27.1849
22.51 -27.2258
22.52 -27.2685
22.53 -27.3133
22.54 -27.3603
22.55 -27.4097
22.56 -27.4614
22.57 -27.5157
22.58 -27.5724
22.59 -27.6317
22.6 -27.6936
22.61 -27.7581
22.62 -27.8252
22.63 -27.8949
22.64 -27.9674
22.65 -28.0426
22.66 -28.1206
22.67 -28.2014
22.68 -28.2851
22.69 -28.3716
22.7 -28.4609
22.71 -28.5531
22.72 -28.648
22.73 -28.7455
22.74 -28.8457
22.75 -28.9483
22.76 -29.0533
22.77 -29.1605
22.78 -29.2698
22.79 -29.3811
22.8 -29.4942
22.81 -29.6091
22.82 -29.7257
22.83 -29.8439
22.84 -29.9637
22.85 -30.085
22.86 -30.2078
22.87 -30.3321
22.88 -30.4577
22.89 -30.5845
22.9 -30.7125
22.91 -30.8413
22.92 -30.9708
22.93 -31.1007
22.94 -31.231
22.95 -31.3612
22.96 -31.4913
22.97 -31.621
22.98 -31.7501
22.99 -31.8784
23 -32.0056
23.01 -32.1316
23.02 -32.256
23.03 -32.3784
23.04 -32.4986
23.05 -32.6161
23.06 -32.7303
23.07 -32.8409
23.08 -32.9472
23.09 -33.0486
23.1 -33.1447
23.11 -33.2348
23.12 -33.3185
23.13 -33.3954
23.14 -33.465
23.15 -33.5272
23.16 -33.5818
23.17 -33.6288
23.18 -33.6681
23.19 -33.6999
23.2 -33.7244
23.21 -33.7418
23.22 -33.7523
23.23 -33.7564
23.24 -33.7542
23.25 -33.7461
23.26 -33.7323
23.27 -33.7132
23.28 -33.6888
23.29 -33.6594
23.3 -33.625
23.31 -33.5857
23.32 -33.5414
23.33 -33.492
23.34 -33.4375
23.35 -33.3776
23.36 -33.3121
23.37 -33.241
23.38 -33.1639
23.39 -33.0807
23.4 -32.9914
23.41 -32.8958
23.42 -32.7941
23.43 -32.6862
23.44 -32.5723
23.45 -32.4526
23.46 -32.3272
23.47 -32.1964
23.48 -32.0605
23.49 -31.9197
23.5 -31.7744
23.51 -31.6248
23.52 -31.4713
23.53 -31.3143
23.54 -31.1541
23.55 -30.9911
23.56 -30.8256
23.57 -30.658
23.58 -30.4887
23.59 -30.3178
23.6 -30.1457
23.61 -29.9726
23.62 -29.7989
23.63 -29.6246
23.64 -29.4502
23.65 -29.2758
23.66 -29.1018
23.67 -28.9285
23.68 -28.7563
23.69 -28.5855
23.7 -28.4165
23.71 -28.2498
23.72 -28.0858
23.73 -27.9248
23.74 -27.7672
23.75 -27.6133
23.76 -27.4635
23.77 -27.3179
23.78 -27.1767
23.79 -27.0401
23.8 -26.908
23.81 -26.7805
23.82 -26.6575
23.83 -26.5389
23.84 -26.4244
23.85 -26.3139
23.86 -26.2072
23.87 -26.1041
23.88 -26.0044
23.89 -25.9079
23.9 -25.8146
23.91 -25.7244
23.92 -25.6372
23.93 -25.5532
23.94 -25.4724
23.95 -25.3948
23.96 -25.3206
23.97 -25.2497
23.98 -25.1824
23.99 -25.1184
24 -25.0578
24.01 -25.0005
24.02 -24.9461
24.03 -24.8947
24.04 -24.8457
24.05 -24.799
24.06 -24.7543
24.07 -24.7112
24.08 -24.6694
24.09 -24.6285
24.1 -24.5881
24.11 -24.548
24.12 -24.5078
24.13 -24.4672
24.14 -24.4259
24.15 -24.3836
24.16 -24.3403
24.17 -24.2956
24.18 -24.2494
24.19 -24.2016
24.2 -24.1519
24.21 -24.1002
24.22 -24.0462
24.23 -23.9899
24.24 -23.9308
24.25 -23.8689
24.26 -23.8039
24.27 -23.7356
24.28 -23.6638
24.29 -23.5885
24.3 -23.5094
24.31 -23.4266
24.32 -23.3399
24.33 -23.2494
24.34 -23.1549
24.35 -23.0565
24.36 -22.954
24.37 -22.8473
24.38 -22.7363
24.39 -22.621
24.4 -22.5011
24.41 -22.3767
24.42 -22.2475
24.43 -22.1136
24.44 -21.975
24.45 -21.8316
24.46 -21.6836
24.47 -21.5311
24.48 -21.3743
24.49 -21.2134
24.5 -21.0486
24.51 -20.8801
24.52 -20.7082
24.53 -20.5331
24.54 -20.3549
24.55 -20.1738
24.56 -19.9899
24.57 -19.8032
24.58 -19.6138
24.59 -19.4214
24.6 -19.2261
24.61 -19.0276
24.62 -18.8256
24.63 -18.62
24.64 -18.4104
24.65 -18.1965
24.66 -17.9782
24.67 -17.7553
24.68 -17.5276
24.69 -17.2953
24.7 -17.0583
24.71 -16.8168
24.72 -16.5712
24.73 -16.3217
24.74 -16.0687
24.75 -15.8126
24.76 -15.5538
24.77 -15.2927
24.78 -15.0297
24.79 -14.7651
24.8 -14.4993
24.81 -14.2326
24.82 -13.9652
24.83 -13.6974
24.84 -13.4295
24.85 -13.1617
24.86 -12.8943
24.87 -12.6272
24.88 -12.3608
24.89 -12.0951
24.9 -11.83
24.91 -11.5656
24.92 -11.3018
24.93 -11.0385
24.94 -10.7754
24.95 -10.5125
24.96 -10.2496
24.97 -9.98667
24.98 -9.72356
24.99 -9.46025
25 -9.19674
25.01 -8.93304
25.02 -8.66919
25.03 -8.40528
25.04 -8.14136
25.05 -7.87747
25.06 -7.61366
25.07 -7.34998
25.08 -7.08643
25.09 -6.82298
25.1 -6.55956
25.11 -6.2961
25.12 -6.03251
25.13 -5.76864
25.14 -5.5043
25.15 -5.23932
25.16 -4.97353
25.17 -4.70674
25.18 -4.43879
25.19 -4.16956
25.2 -3.89896
25.21 -3.62696
25.22 -3.35359
25.23 -3.07894
25.24 -2.80315
25.25 -2.52638
25.26 -2.24888
25.27 -1.9709
25.28 -1.69272
25.29 -1.41457
25.3 -1.13671
25.31 -0.85938
25.32 -0.582794
25.33 -0.307103
25.34 -0.0324265
25.35 0.241145
25.36 0.513544
25.37 0.784742
25.38 1.05474
25.39 1.32354
25.4 1.59115
25.41 1.85759
25.42 2.12286
25.43 2.38695
25.44 2.64989
25.45 2.91166
25.46 3.17224
25.47 3.43161
25.48 3.68973
25.49 3.94655
25.5 4.20203
25.51 4.45605
25.52 4.70851
25.53 4.95929
25.54 5.20826
25.55 5.45526
25.56 5.70011
25.57 5.94261
25.58 6.18255
25.59 6.41972
25.6 6.6539
25.61 6.8848
25.62 7.11214
25.63 7.33567
25.64 7.5551
25.65 7.77015
25.66 7.98054
25.67 8.18604
25.68 8.38644
25.69 8.58158
25.7 8.77136
25.71 8.9557
25.72 9.13458
25.73 9.30801
25.74 9.47605
25.75 9.63877
25.76 9.79623
25.77 9.94853
25.78 10.0958
25.79 10.2381
25.8 10.3756
25.81 10.5084
25.82 10.6367
25.83 10.7607
25.84 10.8805
25.85 10.9964
25.86 11.1085
25.87 11.2171
25.88 11.3224
25.89 11.4245
25.9 11.5236
25.91 11.6198
25.92 11.7133
25.93 11.804
25.94 11.8921
25.95 11.9775
25.96 12.0602
25.97 12.1401
25.98 12.2172
25.99 12.2913
26 12.3624
26.01 12.4303
26.02 12.4949
26.03 12.5562
26.04 12.6141
26.05 12.6687
26.06 12.7199
26.07 12.7678
26.08 12.8125
26.09 12.8541
26.1 12.8927
26.11 12.9284
26.12 12.9615
26.13 12.9922
26.14 13.0206
26.15 13.0469
26.16 13.0715
26.17 13.0947
26.18 13.1166
26.19 13.1375
26.2 13.1577
26.21 13.1775
26.22 13.1969
26.23 13.2162
26.24 13.2354
26.25 13.2547
26.26 13.2742
26.27 13.2939
26.28 13.314
26.29 13.3345
26.3 13.3556
26.31 13.3773
26.32 13.4
26.33 13.4236
26.34 13.4486
26.35 13.475
26.36 13.503
26.37 13.533
26.38 13.565
26.39 13.5993
26.4 13.6359
26.41 13.6751
26.42 13.7168
26.43 13.761
26.44 13.8078
26.45 13.8571
26.46 13.9087
26.47 13.9625
26.48 14.0185
26.49 14.0763
26.5 14.136
26.51 14.1973
26.52 14.2602
26.53 14.3244
26.54 14.3899
26.55 14.4565
26.56 14.5241
26.57 14.5926
26.58 14.6617
26.59 14.7313
26.6 14.8011
26.61 14.8711
26.62 14.941
26.63 15.0107
26.64 15.0801
26.65 15.1492
26.66 15.2179
26.67 15.2863
26.68 15.3542
26.69 15.4217
26.7 15.4887
26.71 15.5552
26.72 15.6211
26.73 15.6862
26.74 15.7504
26.75 15.8134
26.76 15.875
26.77 15.935
26.78 15.9931
26.79 16.0491
26.8 16.1029
26.81 16.1541
26.82 16.2027
26.83 16.2485
26.84 16.2912
26.85 16.3309
26.86 16.3674
26.87 16.4004
26.88 16.4299
26.89 16.4557
26.9 16.4777
26.91 16.4955
26.92 16.509
26.93 16.518
26.94 16.5223
26.95 16.5218
26.96 16.5161
26.97 16.5054
26.98 16.4893
26.99 16.4681
27 16.4415
27.01 16.4098
27.02 16.373
27.03 16.3311
27.04 16.2843
27.05 16.2328
27.06 16.1766
27.07 16.1159
27.08 16.0508
27.09 15.9814
27.1 15.9079
27.11 15.8304
27.12 15.749
27.13 15.6641
27.14 15.5758
27.15 15.4844
27.16 15.3903
27.17 15.2937
27.18 15.1949
27.19 15.0945
27.2 14.9926
27.21 14.8896
27.22 14.7859
27.23 14.6816
27.24 14.5769
27.25 14.4721
27.26 14.3673
27.27 14.2624
27.28 14.1575
27.29 14.0527
27.3 13.9479
27.31 13.8432
27.32 13.7386
27.33 13.6341
27.34 13.5299
27.35 13.426
27.36 13.3227
27.37 13.2202
27.38 13.1186
27.39 13.0182
27.4 12.9193
27.41 12.822
27.42 12.7267
27.43 12.6335
27.44 12.5427
27.45 12.4544
27.46 12.3687
27.47 12.2858
27.48 12.2058
27.49 12.1288
27.5 12.0547
27.51 11.9836
27.52 11.9154
27.53 11.85
27.54 11.7874
27.55 11.7274
27.56 11.6699
27.57 11.6149
27.58 11.5621
27.59 11.5116
27.6 11.4633
27.61 11.4171
27.62 11.3731
27.63 11.3313
27.64 11.2915
27.65 11.254
27.66 11.2186
27.67 11.1853
27.68 11.1542
27.69 11.125
27.7 11.0979
27.71 11.0727
27.72 11.0494
27.73 11.0278
27.74 11.0079
27.75 10.9897
27.76 10.9731
27.77 10.958
27.78 10.9444
27.79 10.9322
27.8 10.9213
27.81 10.9118
27.82 10.9035
27.83 10.8964
27.84 10.8905
27.85 10.8857
27.86 10.8819
27.87 10.879
27.88 10.8769
27.89 10.8754
27.9 10.8743
27.91 10.8735
27.92 10.8726
27.93 10.8715
27.94 10.8698
27.95 10.8673
27.96 10.8638
27.97 10.8589
27.98 10.8524
27.99 10.844
28 10.8335
28.01 10.8207
28.02 10.8051
28.03 10.7867
28.04 10.7652
28.05 10.7404
28.06 10.7121
28.07 10.6803
28.08 10.6449
28.09 10.6059
28.1 10.5633
28.11 10.5172
28.12 10.4677
28.13 10.4149
28.14 10.3587
28.15 10.2994
28.16 10.237
28.17 10.1716
28.18 10.1032
28.19 10.0318
28.2 9.95754
28.21 9.88042
28.22 9.80047
28.23 9.7177
28.24 9.63217
28.25 9.54388
28.26 9.45286
28.27 9.35913
28.28 9.26273
28.29 9.16372
28.3 9.06216
28.31 8.95815
28.32 8.85179
28.33 8.74322
28.34 8.63257
28.35 8.51999
28.36 8.40559
28.37 8.2895
28.38 8.17181
28.39 8.05262
28.4 7.932
28.41 7.81003
28.42 7.68677
28.43 7.56234
28.44 7.43686
28.45 7.31051
28.46 7.18347
28.47 7.05599
28.48 6.92835
28.49 6.80085
28.5 6.67379
28.51 6.54752
28.52 6.42233
28.53 6.29852
28.54 6.17636
28.55 6.05606
28.56 5.93781
28.57 5.82176
28.58 5.70798
28.59 5.59648
28.6 5.48728
28.61 5.38035
28.62 5.27559
28.63 5.17292
28.64 5.07227
28.65 4.97356
28.66 4.87675
28.67 4.78178
28.68 4.68864
28.69 4.59731
28.7 4.50778
28.71 4.42003
28.72 4.334
28.73 4.2496
28.74 4.1667
28.75 4.08516
28.76 4.00478
28.77 3.92533
28.78 3.84655
28.79 3.7682
28.8 3.69002
28.81 3.61178
28.82 3.53324
28.83 3.4542
28.84 3.37448
28.85 3.29393
28.86 3.21245
28.87 3.1299
28.88 3.0462
28.89 2.96125
28.9 2.875
28.91 2.78736
28.92 2.69824
28.93 2.60752
28.94 2.51512
28.95 2.42093
28.96 2.32486
28.97 2.22679
28.98 2.12661
28.99 2.02425
29 1.91963
29.01 1.81267
29.02 1.70328
29.03 1.59139
29.04 1.47693
29.05 1.35984
29.06 1.24003
29.07 1.11743
29.08 0.991963
29.09 0.863568
29.1 0.732183
29.11 0.59776
29.12 0.460245
29.13 0.319598
29.14 0.175795
29.15 0.0288244
29.16 -0.121331
29.17 -0.274682
29.18 -0.431236
29.19 -0.590984
29.2 -0.753909
29.21 -0.919994
29.22 -1.08922
29.23 -1.26156
29.24 -1.43696
29.25 -1.61535
29.26 -1.79665
29.27 -1.98079
29.28 -2.16765
29.29 -2.35709
29.3 -2.54895
29.31 -2.74306
29.32 -2.93925
29.33 -3.13732
29.34 -3.33709
29.35 -3.53835
29.36 -3.74092
29.37 -3.94464
29.38 -4.14933
29.39 -4.35481
29.4 -4.56088
29.41 -4.76732
29.42 -4.9739
29.43 -5.18034
29.44 -5.38633
29.45 -5.59155
29.46 -5.79567
29.47 -5.99835
29.48 -6.19928
29.49 -6.39813
29.5 -6.59462
29.51 -6.7885
29.52 -6.97955
29.53 -7.16758
29.54 -7.35243
29.55 -7.53396
29.56 -7.71208
29.57 -7.8867
29.58 -8.05778
29.59 -8.22524
29.6 -8.38905
29.61 -8.54916
29.62 -8.70555
29.63 -8.85819
29.64 -9.00707
29.65 -9.15221
29.66 -9.29365
29.67 -9.4315
29.68 -9.56589
29.69 -9.69699
29.7 -9.82502
29.71 -9.9502
29.72 -10.0728
29.73 -10.1929
29.74 -10.3108
29.75 -10.4267
29.76 -10.5404
29.77 -10.6521
29.78 -10.7617
29.79 -10.8692
29.8 -10.9745
29.81 -11.0774
29.82 -11.1779
29.83 -11.276
29.84 -11.3716
29.85 -11.4647
29.86 -11.5554
29.87 -11.6438
29.88 -11.73
29.89 -11.814
29.9 -11.8959
29.91 -11.976
29.92 -12.0544
29.93 -12.1313
29.94 -12.2067
29.95 -12.2809
29.96 -12.354
29.97 -12.4262
29.98 -12.4977
29.99 -12.5685
30 -12.639
30.01 -12.7092
30.02 -12.7795
30.03 -12.85
30.04 -12.921
30.05 -12.9927
30.06 -13.0654
30.07 -13.1392
30.08 -13.2144
30.09 -13.2912
30.1 -13.3698
30.11 -13.4504
30.12 -13.5331
30.13 -13.618
30.14 -13.7054
30.15 -13.7953
30.16 -13.8878
30.17 -13.9831
30.18 -14.0813
30.19 -14.1823
30.2 -14.2863
30.21 -14.3933
30.22 -14.5034
30.23 -14.6164
30.24 -14.7326
30.25 -14.8517
30.26 -14.9739
30.27 -15.0992
30.28 -15.2274
30.29 -15.3588
30.3 -15.4931
30.31 -15.6305
30.32 -15.7708
30.33 -15.9141
30.34 -16.0603
30.35 -16.2095
30.36 -16.3615
30.37 -16.5165
30.38 -16.6743
30.39 -16.8349
30.4 -16.9983
30.41 -17.1643
30.42 -17.333
30.43 -17.5041
30.44 -17.6777
30.45 -17.8535
30.46 -18.0316
30.47 -18.2118
30.48 -18.394
30.49 -18.5783
30.5 -18.7643
30.51 -18.9521
30.52 -19.1415
30.53 -19.3323
30.54 -19.5244
30.55 -19.7173
30.56 -19.911
30.57 -20.1051
30.58 -20.2994
30.59 -20.4934
30.6 -20.687
30.61 -20.8798
30.62 -21.0716
30.63 -21.2621
30.64 -21.4511
30.65 -21.6384
30.66 -21.8238
30.67 -22.0071
30.68 -22.1883
30.69 -22.3672
30.7 -22.5437
30.71 -22.7177
30.72 -22.889
30.73 -23.0577
30.74 -23.2235
30.75 -23.3865
30.76 -23.5465
30.77 -23.7035
30.78 -23.8574
30.79 -24.0082
30.8 -24.1558
30.81 -24.3002
30.82 -24.4414
30.83 -24.5793
30.84 -24.7138
30.85 -24.8449
30.86 -24.9725
30.87 -25.0967
30.88 -25.2173
30.89 -25.3342
30.9 -25.4475
30.91 -25.5572
30.92 -25.6632
30.93 -25.7656
30.94 -25.8643
30.95 -25.9596
30.96 -26.0514
30.97 -26.1399
30.98 -26.2252
30.99 -26.3074
31 -26.3867
31.01 -26.4632
31.02 -26.5371
31.03 -26.6084
31.04 -26.6774
31.05 -26.7441
31.06 -26.8086
31.07 -26.871
31.08 -26.9313
31.09 -26.9895
31.1 -27.0458
31.11 -27.1
31.12 -27.1522
31.13 -27.2025
31.14 -27.2508
31.15 -27.2974
31.16 -27.3421
31.17 -27.3853
31.18 -27.427
31.19 -27.4674
31.2 -27.5068
31.21 -27.5453
31.22 -27.5831
31.23 -27.6204
31.24 -27.6575
31.25 -27.6945
31.26 -27.7315
31.27 -27.7688
31.28 -27.8064
31.29 -27.8444
31.3 -27.8829
31.31 -27.922
31.32 -27.9615
31.33 -28.0016
31.34 -28.0423
31.35 -28.0834
31.36 -28.125
31.37 -28.1671
31.38 -28.2096
31.39 -28.2525
31.4 -28.2958
31.41 -28.3395
31.42 -28.3836
31.43 -28.428
31.44 -28.4728
31.45 -28.5181
31.46 -28.5637
31.47 -28.6098
31.48 -28.6563
31.49 -28.7033
31.5 -28.7508
31.51 -28.7989
31.52 -28.8474
31.53 -28.8965
31.54 -28.9461
31.55 -28.9961
31.56 -29.0467
31.57 -29.0976
31.58 -29.149
31.59 -29.2006
31.6 -29.2526
31.61 -29.3047
31.62 -29.357
31.63 -29.4094
31.64 -29.4619
31.65 -29.5144
31.66 -29.5668
31.67 -29.6192
31.68 -29.6716
31.69 -29.7239
31.7 -29.7761
31.71 -29.8283
31.72 -29.8804
31.73 -29.9324
31.74 -29.9843
31.75 -30.036
31.76 -30.0876
31.77 -30.139
31.78 -30.19
31.79 -30.2406
31.8 -30.2906
31.81 -30.34
31.82 -30.3885
31.83 -30.4359
31.84 -30.4821
31.85 -30.5269
31.86 -30.5702
31.87 -30.6117
31.88 -30.6513
31.89 -30.6888
31.9 -30.7241
31.91 -30.7572
31.92 -30.7878
31.93 -30.816
31.94 -30.8416
31.95 -30.8647
31.96 -30.8852
31.97 -30.9032
31.98 -30.9186
31.99 -30.9315
32 -30.942
32.01 -30.9501
32.02 -30.9558
32.03 -30.9592
32.04 -30.9604
32.05 -30.9593
32.06 -30.956
32.07 -30.9503
32.08 -30.9423
32.09 -30.932
32.1 -30.9193
32.11 -30.9041
32.12 -30.8864
32.13 -30.8662
32.14 -30.8434
32.15 -30.8182
32.16 -30.7904
32.17 -30.7601
32.18 -30.7273
32.19 -30.6921
32.2 -30.6545
32.21 -30.6144
32.22 -30.5718
32.23 -30.5269
32.24 -30.4795
32.25 -30.4297
32.26 -30.3775
32.27 -30.3228
32.28 -30.2658
32.29 -30.2064
32.3 -30.1446
32.31 -30.0806
32.32 -30.0144
32.33 -29.946
32.34 -29.8753
32.35 -29.8026
32.36 -29.7277
32.37 -29.6507
32.38 -29.5715
32.39 -29.4902
32.4 -29.4068
32.41 -29.3213
32.42 -29.2337
32.43 -29.1441
32.44 -29.0525
32.45 -28.959
32.46 -28.8637
32.47 -28.7666
32.48 -28.6679
32.49 -28.5676
32.5 -28.4657
32.51 -28.3624
32.52 -28.2577
32.53 -28.1515
32.54 -28.044
32.55 -27.9351
32.56 -27.8248
32.57 -27.7129
32.58 -27.5996
32.59 -27.4845
32.6 -27.3678
32.61 -27.2492
32.62 -27.1286
32.63 -27.0059
32.64 -26.8809
32.65 -26.7535
32.66 -26.6235
32.67 -26.4908
32.68 -26.3551
32.69 -26.2164
32.7 -26.0745
32.71 -25.9292
32.72 -25.7805
32.73 -25.6284
32.74 -25.4727
32.75 -25.3136
32.76 -25.1511
32.77 -24.9853
32.78 -24.8164
32.79 -24.6445
32.8 -24.4699
32.81 -24.2928
32.82 -24.1134
32.83 -23.9317
32.84 -23.7481
32.85 -23.5625
32.86 -23.3751
32.87 -23.1859
32.88 -22.9949
32.89 -22.8022
32.9 -22.6077
32.91 -22.4116
32.92 -22.2139
32.93 -22.0146
32.94 -21.8138
32.95 -21.6115
32.96 -21.408
32.97 -21.2031
32.98 -20.997
32.99 -20.7898
33 -20.5815
33.01 -20.3722
33.02 -20.1619
33.03 -19.9507
33.04 -19.7386
33.05 -19.5257
33.06 -19.3119
33.07 -19.0975
33.08 -18.8823
33.09 -18.6664
33.1 -18.4499
33.11 -18.2329
33.12 -18.0152
33.13 -17.797
33.14 -17.5784
33.15 -17.3592
33.16 -17.1396
33.17 -16.9196
33.18 -16.699
33.19 -16.478
33.2 -16.2566
33.21 -16.0347
33.22 -15.8125
33.23 -15.5898
33.24 -15.3669
33.25 -15.1438
33.26 -14.9207
33.27 -14.6975
33.28 -14.4744
33.29 -14.2516
33.3 -14.0292
33.31 -13.8072
33.32 -13.5857
33.33 -13.3649
33.34 -13.1448
33.35 -12.9253
33.36 -12.7066
33.37 -12.4887
33.38 -12.2715
33.39 -12.055
33.4 -11.8392
33.41 -11.6241
33.42 -11.4097
33.43 -11.1959
33.44 -10.9827
33.45 -10.7701
33.46 -10.5581
33.47 -10.3467
33.48 -10.1358
33.49 -9.92551
33.5 -9.71569
33.51 -9.50637
33.52 -9.29753
33.53 -9.08916
33.54 -8.88124
33.55 -8.67376
33.56 -8.46672
33.57 -8.26012
33.58 -8.05398
33.59 -7.84833
33.6 -7.64319
33.61 -7.43862
33.62 -7.23465
33.63 -7.03133
33.64 -6.82872
33.65 -6.62685
33.66 -6.42576
33.67 -6.22549
33.68 -6.02606
33.69 -5.82751
33.7 -5.62985
33.71 -5.43311
33.72 -5.2373
33.73 -5.04244
33.74 -4.84852
33.75 -4.65556
33.76 -4.46351
33.77 -4.27237
33.78 -4.08209
33.79 -3.89264
33.8 -3.70394
33.81 -3.51593
33.82 -3.32855
33.83 -3.14173
33.84 -2.95538
33.85 -2.76944
33.86 -2.58382
33.87 -2.39847
33.88 -2.2133
33.89 -2.02825
33.9 -1.84326
33.91 -1.65827
33.92 -1.47322
33.93 -1.28808
33.94 -1.1028
33.95 -0.917345
33.96 -0.731698
33.97 -0.545837
33.98 -0.35975
33.99 -0.173439
34 0.0130867
34.01 0.199813
34.02 0.386719
34.03 0.573768
34.04 0.760916
34.05 0.948114
34.06 1.13531
34.07 1.32244
34.08 1.50945
34.09 1.69628
34.1 1.88287
34.11 2.06919
34.12 2.25521
34.13 2.44094
34.14 2.62639
34.15 2.8116
34.16 2.99665
34.17 3.18161
34.18 3.36659
34.19 3.55168
34.2 3.73701
34.21 3.92267
34.22 4.10875
34.23 4.29536
34.24 4.48256
34.25 4.6704
34.26 4.85892
34.27 5.04813
34.28 5.23801
34.29 5.42854
34.3 5.61966
34.31 5.81129
34.32 6.00335
34.33 6.19575
34.34 6.38838
34.35 6.58114
34.36 6.77393
34.37 6.96666
34.38 7.15925
34.39 7.35163
34.4 7.54372
34.41 7.73546
34.42 7.9268
34.43 8.1177
34.44 8.30811
34.45 8.49803
34.46 8.68741
34.47 8.87627
34.48 9.06463
34.49 9.2525
34.5 9.43991
34.51 9.62688
34.52 9.81347
34.53 9.99968
34.54 10.1855
34.55 10.371
34.56 10.5562
34.57 10.7409
34.58 10.9253
34.59 11.1092
34.6 11.2927
34.61 11.4757
34.62 11.6581
34.63 11.84
34.64 12.0213
34.65 12.2019
34.66 12.3819
34.67 12.5612
34.68 12.7397
34.69 12.9175
34.7 13.0943
34.71 13.2703
34.72 13.4453
34.73 13.6192
34.74 13.792
34.75 13.9635
34.76 14.1337
34.77 14.3025
34.78 14.4698
34.79 14.6355
34.8 14.7996
34.81 14.962
34.82 15.1227
34.83 15.2816
34.84 15.4386
34.85 15.5937
34.86 15.7469
34.87 15.8981
34.88 16.0473
34.89 16.1943
34.9 16.3392
34.91 16.4819
34.92 16.6224
34.93 16.7604
34.94 16.8961
34.95 17.0293
34.96 17.16
34.97 17.2881
34.98 17.4136
34.99 17.5364
35 17.6565
35.01 17.7739
35.02 17.8884
35.03 18.0002
35.04 18.1091
35.05 18.2152
35.06 18.3184
35.07 18.4187
35.08 18.5162
35.09 18.6108
35.1 18.7025
35.11 18.7913
35.12 18.8774
35.13 18.9606
35.14 19.0412
35.15 19.119
35.16 19.1942
35.17 19.2668
35.18 19.3368
35.19 19.4043
35.2 19.4693
35.21 19.5318
35.22 19.592
35.23 19.6498
35.24 19.7053
35.25 19.7585
35.26 19.8096
35.27 19.8585
35.28 19.9053
35.29 19.9502
35.3 19.9931
35.31 20.0341
35.32 20.0734
35.33 20.1109
35.34 20.1468
35.35 20.181
35.36 20.2137
35.37 20.2449
35.38 20.2746
35.39 20.3029
35.4 20.3299
35.41 20.3557
35.42 20.3804
35.43 20.404
35.44 20.4267
35.45 20.4486
35.46 20.4697
35.47 20.4903
35.48 20.5105
35.49 20.5302
35.5 20.5497
35.51 20.569
35.52 20.5882
35.53 20.6073
35.54 20.6264
35.55 20.6456
35.56 20.6648
35.57 20.684
35.58 20.7033
35.59 20.7227
35.6 20.7422
35.61 20.7617
35.62 20.7813
35.63 20.8008
35.64 20.8203
35.65 20.8398
35.66 20.8592
35.67 20.8784
35.68 20.8975
35.69 20.9163
35.7 20.9349
35.71 20.9532
35.72 20.9712
35.73 20.9889
35.74 21.0063
35.75 21.0233
35.76 21.0401
35.77 21.0566
35.78 21.0729
35.79 21.089
35.8 21.1049
35.81 21.1207
35.82 21.1364
35.83 21.152
35.84 21.1675
35.85 21.1829
35.86 21.1982
35.87 21.2132
35.88 21.2281
35.89 21.2426
35.9 21.2569
35.91 21.2707
35.92 21.2841
35.93 21.297
35.94 21.3092
35.95 21.3208
35.96 21.3317
35.97 21.3417
35.98 21.3508
35.99 21.359
36 21.3661
36.01 21.3721
36.02 21.3769
36.03 21.3805
36.04 21.3828
36.05 21.3838
36.06 21.3833
36.07 21.3814
36.08 21.378
36.09 21.373
36.1 21.3664
36.11 21.3582
36.12 21.3482
36.13 21.3365
36.14 21.323
36.15 21.3075
36.16 21.2902
36.17 21.2709
36.18 21.2495
36.19 21.2262
36.2 21.2007
36.21 21.1731
36.22 21.1435
36.23 21.1117
36.24 21.0779
36.25 21.0419
36.26 21.0038
36.27 20.9635
36.28 20.9212
36.29 20.8766
36.3 20.83
36.31 20.7812
36.32 20.7303
36.33 20.6772
36.34 20.6221
36.35 20.5648
36.36 20.5055
36.37 20.4441
36.38 20.3806
36.39 20.3152
36.4 20.2477
36.41 20.1783
36.42 20.107
36.43 20.0338
36.44 19.9588
36.45 19.882
36.46 19.8034
36.47 19.723
36.48 19.6411
36.49 19.5575
36.5 19.4723
36.51 19.3857
36.52 19.2978
36.53 19.2086
36.54 19.1183
36.55 19.0269
36.56 18.9347
36.57 18.8418
36.58 18.7482
36.59 18.654
36.6 18.5594
36.61 18.4645
36.62 18.3692
36.63 18.2736
36.64 18.1778
36.65 18.0819
36.66 17.9858
36.67 17.8895
36.68 17.7932
36.69 17.6969
36.7 17.6006
36.71 17.5045
36.72 17.4085
36.73 17.3128
36.74 17.2174
36.75 17.1224
36.76 17.0278
36.77 16.9337
36.78 16.8401
36.79 16.7469
36.8 16.6542
36.81 16.562
36.82 16.4702
36.83 16.3789
36.84 16.288
36.85 16.1975
36.86 16.1073
36.87 16.0176
36.88 15.9282
36.89 15.8392
36.9 15.7505
36.91 15.6623
36.92 15.5743
36.93 15.4867
36.94 15.3994
36.95 15.3125
36.96 15.2257
36.97 15.1393
36.98 15.053
36.99 14.9669
37 14.8809
37.01 14.795
37.02 14.7092
37.03 14.6234
37.04 14.5376
37.05 14.4518
37.06 14.3661
37.07 14.2803
37.08 14.1945
37.09 14.1087
37.1 14.0229
37.11 13.937
37.12 13.851
37.13 13.7649
37.14 13.6786
37.15 13.5921
37.16 13.5052
37.17 13.4181
37.18 13.3304
37.19 13.2423
37.2 13.1536
37.21 13.0643
37.22 12.9744
37.23 12.8838
37.24 12.7924
37.25 12.7003
37.26 12.6075
37.27 12.5138
37.28 12.4194
37.29 12.3241
37.3 12.2281
37.31 12.1312
37.32 12.0335
37.33 11.935
37.34 11.8356
37.35 11.7355
37.36 11.6345
37.37 11.5328
37.38 11.4303
37.39 11.3271
37.4 11.2233
37.41 11.1187
37.42 11.0135
37.43 10.9078
37.44 10.8014
37.45 10.6946
37.46 10.5873
37.47 10.4795
37.48 10.3712
37.49 10.2626
37.5 10.1535
37.51 10.0439
37.52 9.93394
37.53 9.82347
37.54 9.7125
37.55 9.60099
37.56 9.48892
37.57 9.37626
37.58 9.26298
37.59 9.14909
37.6 9.03455
37.61 8.91936
37.62 8.80352
37.63 8.68704
37.64 8.56993
37.65 8.45218
37.66 8.33381
37.67 8.21483
37.68 8.09527
37.69 7.97514
37.7 7.85446
37.71 7.73325
37.72 7.61154
37.73 7.48936
37.74 7.36674
37.75 7.24371
37.76 7.12031
37.77 6.99658
37.78 6.87257
37.79 6.74833
37.8 6.62389
37.81 6.49931
37.82 6.37464
37.83 6.24994
37.84 6.12526
37.85 6.00062
37.86 5.87608
37.87 5.75167
37.88 5.62742
37.89 5.50334
37.9 5.37944
37.91 5.25574
37.92 5.13224
37.93 5.00893
37.94 4.88582
37.95 4.76289
37.96 4.64014
37.97 4.51756
37.98 4.39514
37.99 4.27289
38 4.15079
38.01 4.02884
38.02 3.90703
38.03 3.78537
38.04 3.66383
38.05 3.54244
38.06 3.42117
38.07 3.30004
38.08 3.17906
38.09 3.05822
38.1 2.93753
38.11 2.81701
38.12 2.69667
38.13 2.57652
38.14 2.45656
38.15 2.33682
38.16 2.2173
38.17 2.09801
38.18 1.97895
38.19 1.86014
38.2 1.74156
38.21 1.62322
38.22 1.5051
38.23 1.38719
38.24 1.26948
38.25 1.15194
38.26 1.03454
38.27 0.917259
38.28 0.800064
38.29 0.682929
38.3 0.565826
38.31 0.448731
38.32 0.331622
38.33 0.214483
38.34 0.0972981
38.35 -0.0199453
38.36 -0.137259
38.37 -0.25465
38.38 -0.372123
38.39 -0.489689
38.4 -0.607357
38.41 -0.725139
38.42 -0.843043
38.43 -0.96108
38.44 -1.07926
38.45 -1.1976
38.46 -1.31609
38.47 -1.43475
38.48 -1.55356
38.49 -1.67251
38.5 -1.7916
38.51 -1.91079
38.52 -2.03006
38.53 -2.14938
38.54 -2.2687
38.55 -2.38798
38.56 -2.50719
38.57 -2.62627
38.58 -2.74516
38.59 -2.86383
38.6 -2.98221
38.61 -3.10026
38.62 -3.21793
38.63 -3.33517
38.64 -3.45193
38.65 -3.56819
38.66 -3.6839
38.67 -3.79903
38.68 -3.91356
38.69 -4.02746
38.7 -4.1407
38.71 -4.25328
38.72 -4.36517
38.73 -4.47635
38.74 -4.58682
38.75 -4.69656
38.76 -4.80555
38.77 -4.91377
38.78 -5.02123
38.79 -5.12789
38.8 -5.23376
38.81 -5.3388
38.82 -5.44301
38.83 -5.54637
38.84 -5.64884
38.85 -5.75042
38.86 -5.85107
38.87 -5.95078
38.88 -6.04952
38.89 -6.14726
38.9 -6.24399
38.91 -6.33969
38.92 -6.43434
38.93 -6.52792
38.94 -6.62044
38.95 -6.71188
38.96 -6.80223
38.97 -6.89148
38.98 -6.97965
38.99 -7.06671
39 -7.15266
39.01 -7.2375
39.02 -7.32123
39.03 -7.40383
39.04 -7.4853
39.05 -7.56563
39.06 -7.64482
39.07 -7.72287
39.08 -7.79977
39.09 -7.87553
39.1 -7.95016
39.11 -8.02368
39.12 -8.0961
39.13 -8.16744
39.14 -8.23774
39.15 -8.30702
39.16 -8.37531
39.17 -8.44264
39.18 -8.50905
39.19 -8.57457
39.2 -8.63921
39.21 -8.70303
39.22 -8.76603
39.23 -8.82825
39.24 -8.88971
39.25 -8.95043
39.26 -9.01043
39.27 -9.06973
39.28 -9.12836
39.29 -9.18631
39.3 -9.24362
39.31 -9.3003
39.32 -9.35637
39.33 -9.41183
39.34 -9.4667
39.35 -9.52099
39.36 -9.57472
39.37 -9.62789
39.38 -9.68052
39.39 -9.73261
39.4 -9.78416
39.41 -9.83518
39.42 -9.88568
39.43 -9.93565
39.44 -9.98508
39.45 -10.034
39.46 -10.0824
39.47 -10.1302
39.48 -10.1775
39.49 -10.2242
39.5 -10.2705
39.51 -10.3161
39.52 -10.3612
39.53 -10.4058
39.54 -10.4499
39.55 -10.4934
39.56 -10.5364
39.57 -10.579
39.58 -10.6209
39.59 -10.6624
39.6 -10.7034
39.61 -10.7439
39.62 -10.7839
39.63 -10.8233
39.64 -10.8622
39.65 -10.9006
39.66 -10.9385
39.67 -10.9758
39.68 -11.0126
39.69 -11.0488
39.7 -11.0844
39.71 -11.1194
39.72 -11.1539
39.73 -11.1877
39.74 -11.2209
39.75 -11.2534
39.76 -11.2853
39.77 -11.3166
39.78 -11.3472
39.79 -11.3771
39.8 -11.4064
39.81 -11.4349
39.82 -11.4627
39.83 -11.4898
39.84 -11.5162
39.85 -11.5418
39.86 -11.5666
39.87 -11.5907
39.88 -11.614
39.89 -11.6366
39.9 -11.6584
39.91 -11.6793
39.92 -11.6995
39.93 -11.7189
39.94 -11.7376
39.95 -11.7554
39.96 -11.7725
39.97 -11.7887
39.98 -11.8042
39.99 -11.8189
40 -11.8328
