0.01 0
0.02 -20000.7
0.03 -20000.6
0.04 -20000.4
0.05 -20000.5
0.06 -20000.3
0.07 -19999.1
0.08 -19996.2
0.09 -19991.2
0.1 -19983.9
0.11 -19973.9
0.12 -19961.2
0.13 -19945.8
0.14 -19928
0.15 -19908.1
0.16 -19886.5
0.17 -19863.3
0.18 -19838.6
0.19 -19812.6
0.2 -19785.2
0.21 -19756.5
0.22 -19726.3
0.23 -19694.4
0.24 -19660.5
0.25 -19624.6
0.26 -19586.3
0.27 -19545.3
0.28 -19501.1
0.29 -19453.3
0.3 -19401.6
0.31 -19345.4
0.32 -19284.3
0.33 -19217.7
0.34 -19145.3
0.35 -19066.8
0.36 -18982
0.37 -18890.4
0.38 -18792.2
0.39 -18687.2
0.4 -18575.7
0.41 -18457.8
0.42 -18333.7
0.43 -18203.7
0.44 -18068.2
0.45 -17927.5
0.46 -17781.9
0.47 -17631.6
0.48 -17477
0.49 -17318.2
0.5 -17155.4
0.51 -16988.9
0.52 -16818.6
0.53 -16644.7
0.54 -16467.4
0.55 -16286.7
0.56 -16102.8
0.57 -15915.5
0.58 -15724.9
0.59 -15531
0.6 -15333.9
0.61 -15133.7
0.62 -14930.2
0.63 -14723.9
0.64 -14515
0.65 -14304.1
0.66 -14091.8
0.67 -13878.7
0.68 -13665.8
0.69 -13453.9
0.7 -13243.9
0.71 -13036.6
0.72 -12832.4
0.73 -12631.6
0.74 -12434.5
0.75 -12240.8
0.76 -12050.1
0.77 -11861.6
0.78 -11674.8
0.79 -11489.2
0.8 -11304.2
0.81 -11119.6
0.82 -10935.3
0.83 -10751.9
0.84 -10570.6
0.85 -10392.7
0.86 -10219.8
0.87 -10054
0.88 10051.1
0.89 10122.5
0.9 10185.8
0.91 10240.1
0.92 10284.4
0.93 10317.7
0.94 10339.4
0.95 10349.3
0.96 10346.4
0.97 10321.6
0.98 10276.2
0.99 10212.2
1 10132.3
1.01 10039.3
1.02 9935.26
1.03 9821.43
1.04 9699.09
1.05 9569.29
1.06 9432.09
1.07 9286.56
1.08 9131.76
1.09 8967.35
1.1 8793.15
1.11 8608.87
1.12 8414.74
1.13 8211.73
1.14 8001.31
1.15 7785.26
1.16 7565.62
1.17 7344.56
1.18 7124.15
1.19 6906.43
1.2 6693.39
1.21 6486.54
1.22 6286.57
1.23 6093.35
1.24 5906.2
1.25 5724.22
1.26 5545.67
1.27 5367.84
1.28 5187.86
1.29 5003.47
1.3 4812.88
1.31 4613.91
1.32 4404.32
1.33 4183.05
1.34 3949.88
1.35 3704.35
1.36 3446
1.37 3175.21
1.38 2893.08
1.39 2601.14
1.4 2301.24
1.41 1995.65
1.42 1687.14
1.43 1378.69
1.44 1073.08
1.45 772.724
1.46 479.634
1.47 195.553
1.48 -78.163
1.49 -340.69
1.5 -591.165
1.51 -828.059
1.52 -1049.64
1.53 -1254.46
1.54 -1440.69
1.55 -1605.49
1.56 -1746.19
1.57 -1861.38
1.58 -1950.48
1.59 -2012.88
1.6 -2048.41
1.61 -2058.53
1.62 -2046.06
1.63 -2013.7
1.64 -1963.53
1.65 -1897.85
1.66 -1819.69
1.67 -1731.72
1.68 -1635.43
1.69 -1531.92
1.7 -1422.6
1.71 -1308.76
1.72 -1191.09
1.73 -1069.79
1.74 -944.763
1.75 -815.535
1.76 -681.446
1.77 -541.743
1.78 -395.329
1.79 -240.843
1.8 -77.2757
1.81 95.5703
1.82 277.488
1.83 468.464
1.84 668.268
1.85 875.833
1.86 1089.61
1.87 1308.38
1.88 1531.13
1.89 1756.39
1.9 1981.78
1.91 2204.5
1.92 2421.8
1.93 2630.47
1.94 2826.31
1.95 3005.13
1.96 3163.66
1.97 3299.54
1.98 3410.97
1.99 3497.36
2 3559.68
2.01 3599.87
2.02 3620.3
2.03 3623.97
2.04 3614.07
2.05 3593.93
2.06 3567.35
2.07 3538.52
2.08 3511.7
2.09 3491.49
2.1 3482.76
2.11 3490.08
2.12 3516.78
2.13 3564.35
2.14 3632.31
2.15 3718.07
2.16 3816.73
2.17 3921.19
2.18 4023.06
2.19 4113.77
2.2 4185.35
2.21 4230.89
2.22 4244.84
2.23 4223.3
2.24 4164.21
2.25 4067.44
2.26 3934.34
2.27 3767.03
2.28 3568.31
2.29 3342.39
2.3 3094.64
2.31 2830.28
2.32 2554.07
2.33 2270.83
2.34 1985.57
2.35 1702.9
2.36 1426.27
2.37 1158.31
2.38 901.782
2.39 659.785
2.4 435.137
2.41 230.29
2.42 47.7345
2.43 -109.761
2.44 -239.219
2.45 -337.81
2.46 -403.233
2.47 -433.489
2.48 -426.486
2.49 -380.009
2.5 -292.142
2.51 -161.793
2.52 11.2456
2.53 226.508
2.54 482.517
2.55 776.003
2.56 1101.46
2.57 1451.5
2.58 1817.78
2.59 2191.69
2.6 2564.41
2.61 2927.19
2.62 3273
2.63 3597.78
2.64 3900.13
2.65 4180.53
2.66 4441.41
2.67 4687.33
2.68 4924.47
2.69 5159.38
2.7 5397.98
2.71 5645.43
2.72 5906.29
2.73 6184.26
2.74 6481.68
2.75 6799.49
2.76 7137.81
2.77 7496.46
2.78 7875.03
2.79 8272.85
2.8 8689.08
2.81 9122.91
2.82 9573.74
2.83 10041.2
2.84 10436.8
2.85 10685.7
2.86 10941
2.87 11201.7
2.88 11466.8
2.89 11734.9
2.9 12004.2
2.91 12273
2.92 12539.6
2.93 12802.3
2.94 13059.2
2.95 13308.3
2.96 13548.5
2.97 13778.2
2.98 13996.3
2.99 14202.2
3 14395.3
3.01 14575.1
3.02 14741.5
3.03 14894.1
3.04 15010.9
3.05 15052.1
3.06 15088.2
3.07 15118.8
3.08 15143.6
3.09 15162.3
3.1 15174.7
3.11 15181
3.12 15181.5
3.13 15152.1
3.14 15096
3.15 15019.5
3.16 14929.1
3.17 14831.6
3.18 14733.1
3.19 14638.5
3.2 14550.4
3.21 14470.2
3.22 14397.6
3.23 14331.1
3.24 14267.6
3.25 14203.8
3.26 14137.5
3.27 14066.7
3.28 13989.2
3.29 13904.1
3.3 13812.1
3.31 13714.2
3.32 13610.8
3.33 13502.6
3.34 13390.6
3.35 13275.4
3.36 13157.1
3.37 13035.4
3.38 12910.2
3.39 12781.5
3.4 12649.3
3.41 12513.2
3.42 12373
3.43 12228.4
3.44 12079.4
3.45 11925.9
3.46 11769.1
3.47 11610.7
3.48 11453.5
3.49 11301.5
3.5 11160.2
3.51 11035.1
3.52 10931.7
3.53 10854.9
3.54 10808
3.55 10792.4
3.56 10807.4
3.57 10849.7
3.58 10914.2
3.59 10994.7
3.6 11084.7
3.61 11178.4
3.62 11271.3
3.63 11360.9
3.64 11446.6
3.65 11530.5
3.66 11616.8
3.67 11710.1
3.68 11814.8
3.69 11935.6
3.7 12076.7
3.71 12240.9
3.72 12428.9
3.73 12640.4
3.74 12875
3.75 13131.9
3.76 13409.7
3.77 13707
3.78 14023.2
3.79 14357.8
3.8 14710.8
3.81 15082.3
3.82 15229.8
3.83 15297.4
3.84 15367.4
3.85 15439.7
3.86 15513.8
3.87 15589.3
3.88 15665.8
3.89 15743.1
3.9 15821.3
3.91 15900.3
3.92 15980.2
3.93 16061.2
3.94 16143.4
3.95 16227.2
3.96 16312.3
3.97 16398.4
3.98 16484.9
3.99 16571.2
4 16656.3
4.01 16739.2
4.02 16818.7
4.03 16893.9
4.04 16963.9
4.05 17028
4.06 17085.7
4.07 17136.6
4.08 17180.4
4.09 17217.1
4.1 17246.5
4.11 17268.5
4.12 17282.7
4.13 17289.1
4.14 17279.3
4.15 17219.7
4.16 17109.1
4.17 16946.1
4.18 16729.6
4.19 16459.6
4.2 16137.2
4.21 15763.9
4.22 15342.8
4.23 14879.2
4.24 14380.1
4.25 13854.2
4.26 13310.9
4.27 12760.2
4.28 12212.4
4.29 11676.6
4.3 11160.7
4.31 10670.4
4.32 10209.8
4.33 9781.27
4.34 9386.07
4.35 9024.82
4.36 8698.02
4.37 8406.44
4.38 8151.43
4.39 7935.1
4.4 7760.11
4.41 7629.03
4.42 7543.65
4.43 7504.57
4.44 7510.97
4.45 7560.37
4.46 7648.19
4.47 7767.68
4.48 7910.75
4.49 8069.25
4.5 8235.6
4.51 8402.49
4.52 8563.25
4.53 8713.06
4.54 8849.04
4.55 8968.99
4.56 9070.4
4.57 9150.55
4.58 9206.86
4.59 9236.53
4.6 9236.08
4.61 9201.92
4.62 9131.39
4.63 9023.31
4.64 8877.94
4.65 8697.05
4.66 8483.65
4.67 8241.36
4.68 7973.85
4.69 7684.3
4.7 7375.1
4.71 7047.35
4.72 6700.83
4.73 6334.62
4.74 5947.87
4.75 5540.2
4.76 5111.7
4.77 4662.84
4.78 4194.8
4.79 3709.72
4.8 3210.44
4.81 2699.7
4.82 2179.7
4.83 1652.62
4.84 1121.24
4.85 588.801
4.86 58.3154
4.87 -467.774
4.88 -987.168
4.89 -1497.15
4.9 -1994.99
4.91 -2479.39
4.92 -2831.12
4.93 -3061.86
4.94 -3287.6
4.95 -3508.38
4.96 -3725.29
4.97 -3939.34
4.98 -4149.47
4.99 -4353.42
5 -4549.26
5.01 -4735.06
5.02 -4908.16
5.03 -5065.61
5.04 -5205.13
5.05 -5325.43
5.06 -5426.05
5.07 -5506.99
5.08 -5568.46
5.09 -5610.87
5.1 -5634.89
5.11 -5641.22
5.12 -5618.9
5.13 -5560.87
5.14 -5466.08
5.15 -5333.85
5.16 -5164.13
5.17 -4957.47
5.18 -4715.3
5.19 -4440.35
5.2 -4137.04
5.21 -3811.04
5.22 -3468.36
5.23 -3114.66
5.24 -2754.99
5.25 -2393.61
5.26 -2033.61
5.27 -1676.49
5.28 -1322.12
5.29 -969.248
5.3 -615.947
5.31 -259.988
5.32 100.997
5.33 469.369
5.34 847.271
5.35 1236.36
5.36 1637.45
5.37 2050.47
5.38 2474.72
5.39 2908.94
5.4 3351.05
5.41 3797.75
5.42 4244.56
5.43 4686.52
5.44 5118.61
5.45 5535.66
5.46 5931.92
5.47 6301.24
5.48 6638
5.49 6937.72
5.5 7196.56
5.51 7410.26
5.52 7573.89
5.53 7683.02
5.54 7735.72
5.55 7733.21
5.56 7668.88
5.57 7544.55
5.58 7359.85
5.59 7122.71
5.6 6833.37
5.61 6495.29
5.62 6114.34
5.63 5696.38
5.64 5245.21
5.65 4762.48
5.66 4248.94
5.67 3705.06
5.68 3130.26
5.69 2522.27
5.7 1877.85
5.71 1194.12
5.72 469.166
5.73 -298.135
5.74 -1108.62
5.75 -1962.81
5.76 -2860.3
5.77 -3799.48
5.78 -4778.23
5.79 -5718
5.8 -6244.49
5.81 -6788.42
5.82 -7348.98
5.83 -7925.58
5.84 -8517.97
5.85 -9126.07
5.86 -9749.79
5.87 -10388.8
5.88 -11042.8
5.89 -11711.1
5.9 -12393.3
5.91 -12836.7
5.92 -13072.5
5.93 -13312.1
5.94 -13555.3
5.95 -13802
5.96 -14052.2
5.97 -14306
5.98 -14563.6
5.99 -14824.8
6 -15089.9
6.01 -15358.9
6.02 -15631.6
6.03 -15907.5
6.04 -16186.3
6.05 -16467.4
6.06 -16749.9
6.07 -17032.9
6.08 -17315.2
6.09 -17595.9
6.1 -17873.8
6.11 -18147.9
6.12 -18417.2
6.13 -18680.9
6.14 -18938.4
6.15 -19189.4
6.16 -19433.7
6.17 -19671.2
6.18 -19902
6.19 -20126.5
6.2 -20344.8
6.21 -20557.1
6.22 -20763.7
6.23 -20964.5
6.24 -21159.6
6.25 -21348.7
6.26 -21531.7
6.27 -21708.4
6.28 -21878.5
6.29 -22041.8
6.3 -22198.1
6.31 -22347.3
6.32 -22489.4
6.33 -22624.2
6.34 -22751.7
6.35 -22871.6
6.36 -22983.9
6.37 -23088.4
6.38 -23185.1
6.39 -23273.8
6.4 -23354.6
6.41 -23427.7
6.42 -23493.6
6.43 -23552.6
6.44 -23605.5
6.45 -23652.8
6.46 -23695.5
6.47 -23734.2
6.48 -23769.7
6.49 -23802.6
6.5 -23833.6
6.51 -23863
6.52 -23891.1
6.53 -23918.1
6.54 -23944.1
6.55 -23968.9
6.56 -23992.4
6.57 -24014.4
6.58 -24034.7
6.59 -24053.1
6.6 -24069.6
6.61 -24084.2
6.62 -24096.9
6.63 -24108
6.64 -24117.4
6.65 -24125.3
6.66 -24131.8
6.67 -24136.8
6.68 -24140.3
6.69 -24142
6.7 -24141.8
6.71 -24130.6
6.72 -24109.1
6.73 -24078.5
6.74 -24041.1
6.75 -24000.7
6.76 -23961.5
6.77 -23928
6.78 -23904.7
6.79 -23895.5
6.8 -23903.4
6.81 -23930.2
6.82 -23976.7
6.83 -24042.5
6.84 -24126.4
6.85 -24156.2
6.86 -24175.5
6.87 -24197.1
6.88 -24220.9
6.89 -24246.7
6.9 -24274.6
6.91 -24304.7
6.92 -24337.1
6.93 -24372
6.94 -24409.6
6.95 -24450.2
6.96 -24494
6.97 -24541.3
6.98 -24592.3
6.99 -24646.9
7 -24705.1
7.01 -24766.5
7.02 -24830.5
7.03 -24896.6
7.04 -24963.8
7.05 -25031.3
7.06 -25098.2
7.07 -25164
7.08 -25227.9
7.09 -25289.5
7.1 -25348.5
7.11 -25404.5
7.12 -25457.4
7.13 -25506.7
7.14 -25552.2
7.15 -25593.1
7.16 -25629.1
7.17 -25659.4
7.18 -25683.8
7.19 -25701.6
7.2 -25712.5
7.21 -25716.7
7.22 -25701.8
7.23 -25649.7
7.24 -25563.5
7.25 -25447.6
7.26 -25307.1
7.27 -25147.8
7.28 -24975.1
7.29 -24794.1
7.3 -24609.2
7.31 -24425.1
7.32 -24245.5
7.33 -24073.3
7.34 -23910.3
7.35 -23757.6
7.36 -23615.7
7.37 -23484.3
7.38 -23362.2
7.39 -23247.1
7.4 -23136.5
7.41 -23028.2
7.42 -22919.5
7.43 -22807.9
7.44 -22690.6
7.45 -22565.5
7.46 -22430.4
7.47 -22284
7.48 -22124.7
7.49 -21951.1
7.5 -21762.4
7.51 -21557.9
7.52 -21337.7
7.53 -21102.1
7.54 -20851.5
7.55 -20586.3
7.56 -20307.6
7.57 -20016.7
7.58 -19714.9
7.59 -19403
7.6 -19081.8
7.61 -18751.9
7.62 -18414.3
7.63 -18069.9
7.64 -17719.4
7.65 -17363.6
7.66 -17004.5
7.67 -16645.5
7.68 -16291.4
7.69 -15947.4
7.7 -15619.3
7.71 -15314.2
7.72 -15041
7.73 -14808.5
7.74 -14622.5
7.75 -14484.2
7.76 -14402.1
7.77 -14375.3
7.78 -14404.6
7.79 -14481.5
7.8 -14604.9
7.81 -14770.4
7.82 -14971.5
7.83 -15201.9
7.84 -15456.9
7.85 -15733.2
7.86 -16028.2
7.87 -16338.9
7.88 -16662.8
7.89 -16998.2
7.9 -17344.3
7.91 -17700.3
7.92 -18065.3
7.93 -18437.9
7.94 -18817.6
7.95 -19204.1
7.96 -19597
7.97 -19995.7
7.98 -20399.1
7.99 -20806.7
8 -21218.1
8.01 -21633.2
8.02 -22051.5
8.03 -22473.1
8.04 -22898
8.05 -23327.1
8.06 -23761.1
8.07 -24200.2
8.08 -24644.3
8.09 -25093.3
8.1 -25546.5
8.11 -25764.4
8.12 -25840.6
8.13 -25916.8
8.14 -25992.7
8.15 -26067.9
8.16 -26142.3
8.17 -26215.8
8.18 -26288.4
8.19 -26359.9
8.2 -26430.6
8.21 -26500.5
8.22 -26569.7
8.23 -26638.3
8.24 -26706.5
8.25 -26774.2
8.26 -26841.2
8.27 -26907.7
8.28 -26973.2
8.29 -27037.7
8.3 -27100.6
8.31 -27161.7
8.32 -27220.5
8.33 -27276.8
8.34 -27330
8.35 -27379.6
8.36 -27425.2
8.37 -27466.3
8.38 -27502.3
8.39 -27532.7
8.4 -27556.4
8.41 -27572.7
8.42 -27580.6
8.43 -27575.8
8.44 -27507.3
8.45 -27372.7
8.46 -27169.9
8.47 -26896.9
8.48 -26553.4
8.49 -26139.8
8.5 -25657
8.51 -25114.9
8.52 -24514.4
8.53 -23858.7
8.54 -23152.4
8.55 -22400.2
8.56 -21605.6
8.57 -20771.1
8.58 -19899.2
8.59 -18993.6
8.6 -18058.9
8.61 -17099.8
8.62 -16121.2
8.63 -15128.4
8.64 -14127.2
8.65 -13123.9
8.66 -12123.5
8.67 -11130.3
8.68 -10147.3
8.69 -9176.63
8.7 -8219.61
8.71 -7428.63
8.72 -6963.83
8.73 -6504.94
8.74 -6051.25
8.75 -5602.29
8.76 -5157.68
8.77 -4716.98
8.78 -4279.85
8.79 -3846.28
8.8 -3416.62
8.81 -2991.34
8.82 -2570.69
8.83 -2154.81
8.84 -1743.93
8.85 -1338.42
8.86 -938.378
8.87 -543.427
8.88 -152.953
8.89 233.573
8.9 616.643
8.91 996.885
8.92 1374.99
8.93 1751.4
8.94 2126.04
8.95 2445.72
8.96 2568.76
8.97 2690.4
8.98 2810.21
8.99 2927.67
9 3042.28
9.01 3153.62
9.02 3261.39
9.03 3365.4
9.04 3465.56
9.05 3561.87
9.06 3654.43
9.07 3743.46
9.08 3829.3
9.09 3912.29
9.1 3992.84
9.11 4071.33
9.12 4148.22
9.13 4223.98
9.14 4298.97
9.15 4373.41
9.16 4447.45
9.17 4521.16
9.18 4594.5
9.19 4667.34
9.2 4739.43
9.21 4810.57
9.22 4880.62
9.23 4949.51
9.24 5017.2
9.25 5083.71
9.26 5149.09
9.27 5213.47
9.28 5276.97
9.29 5339.58
9.3 5401.26
9.31 5461.91
9.32 5521.45
9.33 5579.78
9.34 5636.81
9.35 5692.54
9.36 5747.02
9.37 5800.43
9.38 5853.03
9.39 5905.11
9.4 5956.99
9.41 6008.95
9.42 6061.31
9.43 6114.35
9.44 6168.29
9.45 6223.31
9.46 6279.51
9.47 6337.02
9.48 6395.95
9.49 6456.38
9.5 6518.35
9.51 6581.9
9.52 6647.06
9.53 6713.89
9.54 6782.41
9.55 6852.59
9.56 6924.41
9.57 6997.87
9.58 7073
9.59 7149.83
9.6 7228.39
9.61 7308.74
9.62 7391.02
9.63 7475.36
9.64 7561.88
9.65 7650.7
9.66 7741.88
9.67 7835.51
9.68 7931.69
9.69 8030.45
9.7 8131.78
9.71 8235.63
9.72 8341.91
9.73 8450.48
9.74 8561.12
9.75 8673.48
9.76 8787.11
9.77 8901.59
9.78 9016.48
9.79 9131.33
9.8 9245.65
9.81 9359.04
9.82 9471.21
9.83 9581.92
9.84 9690.92
9.85 9797.98
9.86 9902.87
9.87 10005.4
9.88 10105.4
9.89 10202.5
9.9 10296.4
9.91 10386.8
9.92 10473.5
9.93 10556.2
9.94 10634.6
9.95 10708.7
9.96 10778.4
9.97 10843.8
9.98 10905.2
9.99 10962.9
10 11017.2
10.01 11068.4
10.02 11117
10.03 11163.5
10.04 11208
10.05 11250.9
10.06 11292.3
10.07 11332.4
10.08 11371.2
10.09 11408.8
10.1 11445
10.11 11479.8
10.12 11513
10.13 11544.6
10.14 11574.4
10.15 11602.2
10.16 11628.1
10.17 11652.1
10.18 11674.1
10.19 11694.3
10.2 11712.6
10.21 11729
10.22 11743.6
10.23 11756.2
10.24 11766.7
10.25 11774.7
10.26 11780
10.27 11782.1
10.28 11773.8
10.29 11742.3
10.3 11686.2
10.31 11604.6
10.32 11497.6
10.33 11366.3
10.34 11212.4
10.35 11038.7
10.36 10848.4
10.37 10645
10.38 10432.3
10.39 10213.7
10.4 9992.46
10.41 9771.15
10.42 9551.95
10.43 9336.61
10.44 9126.35
10.45 8921.8
10.46 8723.2
10.47 8530.67
10.48 8344.14
10.49 8163.27
10.5 7987.54
10.51 7816.48
10.52 7649.83
10.53 7487.4
10.54 7328.93
10.55 7174.11
10.56 7022.71
10.57 6874.6
10.58 6729.43
10.59 6586.55
10.6 6445.2
10.61 6304.67
10.62 6164.31
10.63 6023.46
10.64 5881.62
10.65 5738.53
10.66 5594.37
10.67 5449.62
10.68 5305
10.69 5161.39
10.7 5019.86
10.71 4881.6
10.72 4747.73
10.73 4619.2
10.74 4496.71
10.75 4380.8
10.76 4271.78
10.77 4169.67
10.78 4074.29
10.79 3985.23
10.8 3901.96
10.81 3823.75
10.82 3749.61
10.83 3678.39
10.84 3608.76
10.85 3539.22
10.86 3468.12
10.87 3393.74
10.88 3314.39
10.89 3228.51
10.9 3134.66
10.91 3031.47
10.92 2917.71
10.93 2792.41
10.94 2654.77
10.95 2503.96
10.96 2339.17
10.97 2159.83
10.98 1965.52
10.99 1755.81
11 1530.29
11.01 1288.76
11.02 1031.29
11.03 758.157
11.04 469.777
11.05 166.89
11.06 -149.317
11.07 -477.282
11.08 -815.165
11.09 -1160.83
11.1 -1511.84
11.11 -1865.62
11.12 -2219.52
11.13 -2570.98
11.14 -2917.52
11.15 -3256.73
11.16 -3586.3
11.17 -3904.11
11.18 -4208.11
11.19 -4496.17
11.2 -4766.15
11.21 -5015.87
11.22 -5243.11
11.23 -5445.51
11.24 -5620.58
11.25 -5765.78
11.26 -5878.6
11.27 -5956.68
11.28 -5997.85
11.29 -6000.26
11.3 -5962.55
11.31 -5884.02
11.32 -5764.78
11.33 -5605.62
11.34 -5407.94
11.35 -5173.71
11.36 -4905.5
11.37 -4606.23
11.38 -4278.8
11.39 -3925.91
11.4 -3550.09
11.41 -3153.71
11.42 -2738.72
11.43 -2306.39
11.44 -1857.53
11.45 -1392.66
11.46 -912.044
11.47 -415.62
11.48 96.9516
11.49 626.088
11.5 1172.06
11.51 1734.99
11.52 2314.91
11.53 2911.81
11.54 3525.51
11.55 4155.57
11.56 4801.39
11.57 5462.35
11.58 6137.91
11.59 6827.51
11.6 7530.52
11.61 8246.32
11.62 8974.45
11.63 9714.54
11.64 10466.2
11.65 11228.9
11.66 11818.8
11.67 11949.4
11.68 12081.6
11.69 12215.4
11.7 12350.7
11.71 12487.4
11.72 12625.6
11.73 12765.2
11.74 12906.1
11.75 13048.2
11.76 13191.3
11.77 13335.4
11.78 13480.2
11.79 13625.5
11.8 13770.9
11.81 13916.3
11.82 14061.3
11.83 14205.6
11.84 14348.9
11.85 14490.9
11.86 14631.3
11.87 14769.6
11.88 14905.6
11.89 15038.9
11.9 15169
11.91 15295.4
11.92 15417.7
11.93 15535.5
11.94 15648.2
11.95 15755.6
11.96 15857.1
11.97 15952.6
11.98 16041.7
11.99 16124.6
12 16201.1
12.01 16271.3
12.02 16335.6
12.03 16394.1
12.04 16447.3
12.05 16495.7
12.06 16539.5
12.07 16579.3
12.08 16615.5
12.09 16648.5
12.1 16678.6
12.11 16705.9
12.12 16730.8
12.13 16753.2
12.14 16773.3
12.15 16791.2
12.16 16806.8
12.17 16820.3
12.18 16831.7
12.19 16841.1
12.2 16848.6
12.21 16854.4
12.22 16858.5
12.23 16861
12.24 16862.1
12.25 16860.4
12.26 16850.3
12.27 16831.7
12.28 16804.3
12.29 16767.8
12.3 16722
12.31 16666.5
12.32 16601.4
12.33 16526.9
12.34 16443.8
12.35 16352.9
12.36 16255.3
12.37 16152.7
12.38 16046.8
12.39 15939.7
12.4 15833.6
12.41 15730.8
12.42 15633.7
12.43 15545
12.44 15467.3
12.45 15403.7
12.46 15357.2
12.47 15331.4
12.48 15330
12.49 15357.1
12.5 15416.8
12.51 15513
12.52 15649.2
12.53 15828.3
12.54 16052.1
12.55 16321.2
12.56 16634.8
12.57 16883.6
12.58 16949.6
12.59 17021.3
12.6 17098.2
12.61 17179.1
12.62 17263.2
12.63 17349.6
12.64 17437.2
12.65 17525.3
12.66 17613.1
12.67 17699.9
12.68 17785.3
12.69 17869
12.7 17950.6
12.71 18030
12.72 18107.2
12.73 18182.2
12.74 18255.4
12.75 18326.7
12.76 18396.4
12.77 18464.8
12.78 18532
12.79 18598.2
12.8 18663.6
12.81 18728.1
12.82 18791.8
12.83 18854.6
12.84 18916.6
12.85 18977.5
12.86 19037.2
12.87 19095.5
12.88 19152.3
12.89 19207.2
12.9 19260.2
12.91 19311
12.92 19359.5
12.93 19405.6
12.94 19449.1
12.95 19490
12.96 19528.3
12.97 19564
12.98 19597.1
12.99 19627.7
13 19655.6
13.01 19681
13.02 19703.7
13.03 19723.8
13.04 19741.1
13.05 19755.4
13.06 19766.8
13.07 19774.9
13.08 19779.7
13.09 19780.9
13.1 19764.6
13.11 19723.5
13.12 19655.3
13.13 19557.6
13.14 19427.6
13.15 19262.3
13.16 19058.5
13.17 18813.2
13.18 18523.8
13.19 18188.2
13.2 17805
13.21 17373.8
13.22 16894.9
13.23 16369.6
13.24 15799.9
13.25 15188.2
13.26 14537.5
13.27 13851.1
13.28 13132.6
13.29 12385.5
13.3 11613.7
13.31 10821.1
13.32 10011.6
13.33 9188.96
13.34 8356.88
13.35 7518.78
13.36 6677.64
13.37 5835.87
13.38 4995.44
13.39 4158
13.4 3324.75
13.41 2496.56
13.42 1674.14
13.43 858.334
13.44 50.0735
13.45 -484.416
13.46 -879.545
13.47 -1269.38
13.48 -1653.38
13.49 -2031.1
13.5 -2402.19
13.51 -2766.43
13.52 -3123.71
13.53 -3474.03
13.54 -3817.43
13.55 -4154
13.56 -4483.81
13.57 -4806.93
13.58 -5123.4
13.59 -5433.15
13.6 -5736.15
13.61 -6032.38
13.62 -6321.91
13.63 -6604.79
13.64 -6881.11
13.65 -7151.02
13.66 -7414.79
13.67 -7672.63
13.68 -7924.76
13.69 -8171.36
13.7 -8412.62
13.71 -8648.74
13.72 -8879.86
13.73 -9106.04
13.74 -9327.33
13.75 -9543.7
13.76 -9755.08
13.77 -9961.32
13.78 -10162.2
13.79 -10265.2
13.8 -10328.3
13.81 -10389.3
13.82 -10448
13.83 -10504.6
13.84 -10558.9
13.85 -10610.9
13.86 -10660.8
13.87 -10708.8
13.88 -10755
13.89 -10799.7
13.9 -10843.2
13.91 -10885.9
13.92 -10928.3
13.93 -10970.6
13.94 -11013.2
13.95 -11056.6
13.96 -11101.1
13.97 -11146.8
13.98 -11194
13.99 -11242.9
14 -11293.6
14.01 -11346.1
14.02 -11400.3
14.03 -11456.3
14.04 -11514
14.05 -11573.4
14.06 -11634.4
14.07 -11696.9
14.08 -11761.1
14.09 -11826.8
14.1 -11894.2
14.11 -11963.3
14.12 -12034.3
14.13 -12107
14.14 -12181.6
14.15 -12258.1
14.16 -12336.4
14.17 -12416.4
14.18 -12497.9
14.19 -12581
14.2 -12665.3
14.21 -12750.6
14.22 -12836.9
14.23 -12923.8
14.24 -13011.2
14.25 -13098.8
14.26 -13186.5
14.27 -13274.2
14.28 -13361.6
14.29 -13448.7
14.3 -13535.3
14.31 -13621.3
14.32 -13706.6
14.33 -13791.1
14.34 -13874.7
14.35 -13957.2
14.36 -14038.5
14.37 -14118.5
14.38 -14197
14.39 -14273.8
14.4 -14349
14.41 -14422.2
14.42 -14493.3
14.43 -14562.4
14.44 -14629.1
14.45 -14693.5
14.46 -14755.4
14.47 -14814.7
14.48 -14871.5
14.49 -14925.5
14.5 -14976.9
14.51 -15025.6
14.52 -15071.7
14.53 -15115
14.54 -15155.7
14.55 -15193.8
14.56 -15229.2
14.57 -15261.8
14.58 -15291.8
14.59 -15319
14.6 -15343.5
14.61 -15365.2
14.62 -15384
14.63 -15400
14.64 -15413.1
14.65 -15423.2
14.66 -15430.2
14.67 -15434.2
14.68 -15434.9
14.69 -15419.9
14.7 -15385.2
14.71 -15330.6
14.72 -15256.2
14.73 -15162.4
14.74 -15049.5
14.75 -14918
14.76 -14768.3
14.77 -14601
14.78 -14416.8
14.79 -14216.5
14.8 -14000.4
14.81 -13769.4
14.82 -13524.2
14.83 -13265.7
14.84 -12994.7
14.85 -12711.9
14.86 -12418
14.87 -12113.7
14.88 -11799.3
14.89 -11474.6
14.9 -11139.3
14.91 -10792.7
14.92 -10433.8
14.93 -10061.5
14.94 -9674.81
14.95 -9272.72
14.96 -8854.83
14.97 -8421.29
14.98 -7972.77
14.99 -7510.51
15 -7036.25
15.01 -6552.18
15.02 -6060.75
15.03 -5564.43
15.04 -5065.66
15.05 -4566.74
15.06 -4069.91
15.07 -3577.38
15.08 -3091.22
15.09 -2613.33
15.1 -2145.55
15.11 -1689.69
15.12 -1247.4
15.13 -820.029
15.14 -408.608
15.15 -13.9632
15.16 363.263
15.17 722.644
15.18 1063.95
15.19 1387.05
15.2 1691.87
15.21 1978.34
15.22 2246.44
15.23 2496.26
15.24 2728
15.25 2941.91
15.26 3138.32
15.27 3317.62
15.28 3480.24
15.29 3626.65
15.3 3757.32
15.31 3872.63
15.32 3972.9
15.33 4058.44
15.34 4129.61
15.35 4186.75
15.36 4230.18
15.37 4260.29
15.38 4277.49
15.39 4282.31
15.4 4275.24
15.41 4256.7
15.42 4227.01
15.43 4186.46
15.44 4135.23
15.45 4073.37
15.46 4000.77
15.47 3917.24
15.48 3822.6
15.49 3716.76
15.5 3599.65
15.51 3471.26
15.52 3331.69
15.53 3181.24
15.54 3020.29
15.55 2849.24
15.56 2668.47
15.57 2478.36
15.58 2279.31
15.59 2071.69
15.6 1855.87
15.61 1632.31
15.62 1401.6
15.63 1164.57
15.64 922.355
15.65 676.385
15.66 428.336
15.67 180.092
15.68 -66.2796
15.69 -308.64
15.7 -544.949
15.71 -773.364
15.72 -992.293
15.73 -1200.41
15.74 -1396.71
15.75 -1580.51
15.76 -1751.56
15.77 -1909.97
15.78 -2056.2
15.79 -2190.95
15.8 -2315.29
15.81 -2430.55
15.82 -2538.22
15.83 -2639.78
15.84 -2736.6
15.85 -2829.94
15.86 -2920.88
15.87 -3010.18
15.88 -3098.23
15.89 -3185.06
15.9 -3270.51
15.91 -3354.16
15.92 -3435.42
15.93 -3513.49
15.94 -3587.54
15.95 -3656.83
15.96 -3720.67
15.97 -3778.47
15.98 -3829.75
15.99 -3874.21
16 -3911.71
16.01 -3942.25
16.02 -3965.96
16.03 -3983.09
16.04 -3994.03
16.05 -3999.3
16.06 -3999.57
16.07 -3995.66
16.08 -3988.47
16.09 -3978.92
16.1 -3967.96
16.11 -3956.52
16.12 -3945.4
16.13 -3935.19
16.14 -3926.19
16.15 -3918.5
16.16 -3912
16.17 -3906.32
16.18 -3900.84
16.19 -3894.82
16.2 -3887.48
16.21 -3878.01
16.22 -3865.66
16.23 -3849.71
16.24 -3829.56
16.25 -3804.76
16.26 -3775.09
16.27 -3740.45
16.28 -3700.88
16.29 -3656.63
16.3 -3608.15
16.31 -3556
16.32 -3500.85
16.33 -3443.44
16.34 -3384.55
16.35 -3324.96
16.36 -3265.4
16.37 -3206.51
16.38 -3148.85
16.39 -3092.85
16.4 -3038.78
16.41 -2986.85
16.42 -2937.16
16.43 -2889.7
16.44 -2844.37
16.45 -2801.05
16.46 -2759.6
16.47 -2719.91
16.48 -2681.82
16.49 -2645.22
16.5 -2610.06
16.51 -2576.38
16.52 -2544.25
16.53 -2513.74
16.54 -2484.99
16.55 -2458.24
16.56 -2433.66
16.57 -2411.4
16.58 -2391.6
16.59 -2374.37
16.6 -2359.7
16.61 -2347.46
16.62 -2337.42
16.63 -2329.29
16.64 -2322.6
16.65 -2316.75
16.66 -2311.12
16.67 -2305.1
16.68 -2298.05
16.69 -2289.34
16.7 -2278.39
16.71 -2264.79
16.72 -2248.18
16.73 -2228.3
16.74 -2204.92
16.75 -2177.94
16.76 -2147.36
16.77 -2113.26
16.78 -2075.77
16.79 -2035.07
16.8 -1991.48
16.81 -1945.42
16.82 -1897.38
16.83 -1847.87
16.84 -1797.48
16.85 -1746.88
16.86 -1696.78
16.87 -1647.86
16.88 -1600.78
16.89 -1556.2
16.9 -1514.71
16.91 -1476.77
16.92 -1442.71
16.93 -1412.67
16.94 -1386.63
16.95 -1364.31
16.96 -1345.22
16.97 -1328.67
16.98 -1313.84
16.99 -1299.83
17 -1285.69
17.01 -1270.54
17.02 -1253.66
17.03 -1234.54
17.04 -1212.88
17.05 -1188.6
17.06 -1161.88
17.07 -1133.15
17.08 -1102.99
17.09 -1072.1
17.1 -1041.31
17.11 -1011.49
17.12 -983.556
17.13 -958.346
17.14 -936.633
17.15 -919.049
17.16 -906.034
17.17 -897.826
17.18 -894.481
17.19 -895.843
17.2 -901.554
17.21 -911.153
17.22 -924.157
17.23 -940.041
17.24 -958.283
17.25 -978.407
17.26 -1000.02
17.27 -1022.79
17.28 -1046.43
17.29 -1070.7
17.3 -1095.39
17.31 -1120.33
17.32 -1145.42
17.33 -1170.57
17.34 -1195.72
17.35 -1220.83
17.36 -1245.83
17.37 -1270.66
17.38 -1295.23
17.39 -1319.36
17.4 -1342.78
17.41 -1365.15
17.42 -1386.15
17.43 -1405.34
17.44 -1422.24
17.45 -1436.36
17.46 -1447.2
17.47 -1454.28
17.48 -1457.1
17.49 -1455.13
17.5 -1447.84
17.51 -1434.74
17.52 -1415.35
17.53 -1389.28
17.54 -1356.16
17.55 -1315.73
17.56 -1267.87
17.57 -1212.59
17.58 -1150.03
17.59 -1080.38
17.6 -1003.89
17.61 -920.91
17.62 -831.784
17.63 -736.799
17.64 -636.179
17.65 -530.115
17.66 -418.752
17.67 -302.125
17.68 -180.195
17.69 -52.8829
17.7 79.9258
17.71 218.396
17.72 362.717
17.73 513.067
17.74 669.593
17.75 832.444
17.76 1001.75
17.77 1177.55
17.78 1359.82
17.79 1548.38
17.8 1743.01
17.81 1943.37
17.82 2148.94
17.83 2359.01
17.84 2572.83
17.85 2789.62
17.86 3008.51
17.87 3228.52
17.88 3448.71
17.89 3668.25
17.9 3886.39
17.91 4102.42
17.92 4315.69
17.93 4525.78
17.94 4648.75
17.95 4750.26
17.96 4849.95
17.97 4947.82
17.98 5043.96
17.99 5138.47
18 5231.46
18.01 5323.05
18.02 5413.33
18.03 5502.41
18.04 5590.39
18.05 5677.39
18.06 5763.47
18.07 5848.71
18.08 5933.2
18.09 6017.01
18.1 6100.2
18.11 6182.85
18.12 6264.99
18.13 6346.63
18.14 6427.77
18.15 6508.35
18.16 6588.21
18.17 6667.11
18.18 6744.71
18.19 6820.62
18.2 6894.36
18.21 6965.37
18.22 7033.08
18.23 7096.97
18.24 7156.54
18.25 7211.37
18.26 7261.14
18.27 7305.63
18.28 7344.74
18.29 7378.48
18.3 7406.96
18.31 7430.35
18.32 7448.87
18.33 7462.78
18.34 7472.35
18.35 7477.82
18.36 7479.41
18.37 7475.14
18.38 7463.67
18.39 7445.24
18.4 7419.98
18.41 7388.07
18.42 7349.65
18.43 7304.99
18.44 7254.41
18.45 7198.29
18.46 7137.1
18.47 7071.34
18.48 7001.54
18.49 6928.26
18.5 6852.02
18.51 6773.29
18.52 6692.5
18.53 6609.96
18.54 6525.92
18.55 6440.56
18.56 6353.94
18.57 6266
18.58 6176.63
18.59 6085.7
18.6 5993.05
18.61 5898.45
18.62 5801.72
18.63 5702.73
18.64 5601.43
18.65 5497.77
18.66 5391.79
18.67 5283.6
18.68 5173.36
18.69 5061.3
18.7 4947.7
18.71 4832.85
18.72 4717.06
18.73 4600.71
18.74 4484.18
18.75 4367.87
18.76 4252.17
18.77 4137.43
18.78 4023.96
18.79 3912.03
18.8 3801.81
18.81 3693.28
18.82 3586.3
18.83 3480.62
18.84 3375.88
18.85 3271.49
18.86 3166.74
18.87 3060.86
18.88 2953.01
18.89 2842.29
18.9 2727.76
18.91 2608.48
18.92 2483.61
18.93 2352.4
18.94 2214.19
18.95 2068.47
18.96 1914.9
18.97 1753.34
18.98 1583.84
18.99 1406.62
19 1222.05
19.01 1030.62
19.02 832.911
19.03 629.562
19.04 421.234
19.05 208.573
19.06 -7.80863
19.07 -227.291
19.08 -449.243
19.09 -673.108
19.1 -898.413
19.11 -1124.72
19.12 -1351.65
19.13 -1578.92
19.14 -1806.46
19.15 -2034.25
19.16 -2262.36
19.17 -2490.86
19.18 -2719.91
19.19 -2949.69
19.2 -3180.28
19.21 -3411.68
19.22 -3643.86
19.23 -3876.72
19.24 -4110.14
19.25 -4343.91
19.26 -4577.8
19.27 -4811.6
19.28 -5045.08
19.29 -5278.06
19.3 -5510.37
19.31 -5741.85
19.32 -5972.37
19.33 -6201.86
19.34 -6430.28
19.35 -6657.52
19.36 -6883.44
19.37 -7107.9
19.38 -7330.75
19.39 -7551.7
19.4 -7770.39
19.41 -7986.43
19.42 -8199.42
19.43 -8408.89
19.44 -8614.31
19.45 -8815.17
19.46 -9010.94
19.47 -9201.03
19.48 -9384.84
19.49 -9561.75
19.5 -9731.1
19.51 -9892.23
19.52 -10044.5
19.53 -10187.2
19.54 -10320
19.55 -10442.4
19.56 -10554.1
19.57 -10655
19.58 -10745
19.59 -10824.5
19.6 -10893.5
19.61 -10952.2
19.62 -11001.1
19.63 -11040.1
19.64 -11069.6
19.65 -11089.7
19.66 -11100.5
19.67 -11102.1
19.68 -11094.8
19.69 -11078.9
19.7 -11054.8
19.71 -11023
19.72 -10984.2
19.73 -10939
19.74 -10888.1
19.75 -10832.4
19.76 -10772.5
19.77 -10709.1
19.78 -10643
19.79 -10574.7
19.8 -10504.8
19.81 -10433.6
19.82 -10361.7
19.83 -10289.4
19.84 -10216.7
19.85 -10144.1
19.86 -10071.7
19.87 -9999.69
19.88 -9928.26
19.89 -9857.72
19.9 -9788.39
19.91 -9720.6
19.92 -9654.72
19.93 -9591.17
19.94 -9530.41
19.95 -9472.84
19.96 -9418.84
19.97 -9368.8
19.98 -9323.15
19.99 -9282.28
20 -9246.52
20.01 -9216.21
20.02 -9191.71
20.03 -9173.39
20.04 -9161.63
20.05 -9156.76
20.06 -9159.1
20.07 -9169.03
20.08 -9186.95
20.09 -9213.23
20.1 -9248.22
20.11 -9292.31
20.12 -9345.92
20.13 -9409.48
20.14 -9483.34
20.15 -9567.78
20.16 -9662.99
20.17 -9769.09
20.18 -9886.01
20.19 -10013.5
20.2 -10151.1
20.21 -10298.5
20.22 -10454.9
20.23 -10619.8
20.24 -10792.5
20.25 -10972.4
20.26 -11158.8
20.27 -11351.2
20.28 -11549.1
20.29 -11751.8
20.3 -11958.8
20.31 -12169.5
20.32 -12383.1
20.33 -12559.8
20.34 -12668.5
20.35 -12777.7
20.36 -12886.9
20.37 -12995.8
20.38 -13104.1
20.39 -13211.3
20.4 -13317.1
20.41 -13421.2
20.42 -13523.2
20.43 -13622.8
20.44 -13719.5
20.45 -13813.2
20.46 -13903.4
20.47 -13989.8
20.48 -14072.1
20.49 -14150
20.5 -14223.4
20.51 -14292
20.52 -14355.4
20.53 -14413.6
20.54 -14466.3
20.55 -14513.2
20.56 -14554.2
20.57 -14589
20.58 -14617.4
20.59 -14639.4
20.6 -14654.7
20.61 -14663.4
20.62 -14665.2
20.63 -14655.6
20.64 -14632.5
20.65 -14596.2
20.66 -14546.8
20.67 -14484.5
20.68 -14409.4
20.69 -14321.8
20.7 -14221.7
20.71 -14109.4
20.72 -13984.9
20.73 -13848.2
20.74 -13699.6
20.75 -13539
20.76 -13366.3
20.77 -13181.7
20.78 -12985.1
20.79 -12776.6
20.8 -12556.2
20.81 -12323.8
20.82 -12079.7
20.83 -11824
20.84 -11556.7
20.85 -11278.1
20.86 -10988.3
20.87 -10687.7
20.88 -10376.5
20.89 -10055
20.9 -9723.72
20.91 -9382.99
20.92 -9033.37
20.93 -8675.5
20.94 -8310.07
20.95 -7937.89
20.96 -7559.81
20.97 -7176.76
20.98 -6789.7
20.99 -6399.6
21 -6007.4
21.01 -5614
21.02 -5220.21
21.03 -4826.84
21.04 -4434.56
21.05 -4043.99
21.06 -3655.7
21.07 -3270.2
21.08 -2887.91
21.09 -2509.22
21.1 -2134.45
21.11 -1763.82
21.12 -1397.47
21.13 -1035.45
21.14 -677.765
21.15 -324.294
21.16 25.1744
21.17 370.904
21.18 713.176
21.19 1052.32
21.2 1388.68
21.21 1722.64
21.22 2054.47
21.23 2384.4
21.24 2712.61
21.25 3039.19
21.26 3364.14
21.27 3687.41
21.28 4008.86
21.29 4328.33
21.3 4645.66
21.31 4960.73
21.32 5273.44
21.33 5459.24
21.34 5613.18
21.35 5765.97
21.36 5917.66
21.37 6068.34
21.38 6218.05
21.39 6366.89
21.4 6514.94
21.41 6662.25
21.42 6808.89
21.43 6954.93
21.44 7100.45
21.45 7245.56
21.46 7390.38
21.47 7535.05
21.48 7679.72
21.49 7824.57
21.5 7969.78
21.51 8115.53
21.52 8261.99
21.53 8409.31
21.54 8557.61
21.55 8707.02
21.56 8857.61
21.57 9009.41
21.58 9162.43
21.59 9316.64
21.6 9472
21.61 9628.43
21.62 9785.82
21.63 9944.09
21.64 10103.1
21.65 10262.9
21.66 10423.3
21.67 10584.2
21.68 10745.7
21.69 10907.8
21.7 11070.4
21.71 11233.7
21.72 11397.5
21.73 11562
21.74 11727.1
21.75 11892.8
21.76 12059.1
21.77 12225.9
21.78 12393.1
21.79 12560.7
21.8 12728.5
21.81 12896.5
21.82 13064.6
21.83 13232.5
21.84 13400.2
21.85 13567.6
21.86 13734.4
21.87 13900.4
21.88 14065.7
21.89 14229.8
21.9 14392.8
21.91 14554.4
21.92 14614.9
21.93 14667.7
21.94 14720
21.95 14771.7
21.96 14822.8
21.97 14873.3
21.98 14923.1
21.99 14972.3
22 15020.9
22.01 15068.9
22.02 15116.2
22.03 15162.8
22.04 15208.7
22.05 15253.9
22.06 15298.3
22.07 15341.8
22.08 15384.5
22.09 15426.3
22.1 15467.2
22.11 15507
22.12 15545.8
22.13 15583.5
22.14 15620.1
22.15 15655.6
22.16 15689.8
22.17 15722.7
22.18 15754.4
22.19 15784.8
22.2 15813.8
22.21 15841.5
22.22 15867.7
22.23 15892.6
22.24 15916.1
22.25 15938.1
22.26 15958.8
22.27 15978
22.28 15996
22.29 16012.7
22.3 16028.1
22.31 16042.4
22.32 16055.6
22.33 16067.9
22.34 16079.3
22.35 16089.8
22.36 16099.6
22.37 16108.7
22.38 16117.3
22.39 16125.3
22.4 16132.9
22.41 16140.1
22.42 16146.9
22.43 16153.5
22.44 16159.8
22.45 16166
22.46 16172.2
22.47 16178.3
22.48 16184.6
22.49 16190.9
22.5 16197.5
22.51 16204.3
22.52 16211.4
22.53 16218.9
22.54 16226.7
22.55 16234.9
22.56 16243.6
22.57 16252.6
22.58 16262.1
22.59 16272
22.6 16282.3
22.61 16293
22.62 16304.2
22.63 16315.8
22.64 16327.9
22.65 16340.4
22.66 16353.4
22.67 16366.9
22.68 16380.8
22.69 16395.3
22.7 16410.2
22.71 16425.5
22.72 16441.3
22.73 16457.6
22.74 16474.3
22.75 16491.4
22.76 16508.9
22.77 16526.8
22.78 16545
22.79 16563.5
22.8 16582.4
22.81 16601.5
22.82 16620.9
22.83 16640.7
22.84 16660.6
22.85 16680.8
22.86 16701.3
22.87 16722
22.88 16743
22.89 16764.1
22.9 16785.4
22.91 16806.9
22.92 16828.5
22.93 16850.1
22.94 16871.8
22.95 16893.5
22.96 16915.2
22.97 16936.8
22.98 16958.3
22.99 16979.7
23 17000.9
23.01 17021.9
23.02 17042.7
23.03 17063.1
23.04 17083.1
23.05 17102.7
23.06 17121.7
23.07 17140.1
23.08 17157.9
23.09 17174.8
23.1 17190.8
23.11 17205.8
23.12 17219.8
23.13 17232.6
23.14 17244.2
23.15 17254.5
23.16 17263.6
23.17 17271.5
23.18 17278
23.19 17283.3
23.2 17287.4
23.21 17290.3
23.22 17292.1
23.23 17292.7
23.24 17290.5
23.25 17282.4
23.26 17268.6
23.27 17249.5
23.28 17225.1
23.29 17195.7
23.3 17161.3
23.31 17122
23.32 17077.7
23.33 17028.4
23.34 16973.8
23.35 16913.9
23.36 16848.5
23.37 16777.3
23.38 16700.2
23.39 16617
23.4 16527.7
23.41 16432.2
23.42 16330.4
23.43 16222.5
23.44 16108.6
23.45 15988.9
23.46 15863.5
23.47 15732.7
23.48 15596.8
23.49 15456
23.5 15310.7
23.51 15161.1
23.52 15007.6
23.53 14850.6
23.54 14690.4
23.55 14527.4
23.56 14361.9
23.57 14194.4
23.58 14025
23.59 13854.1
23.6 13682
23.61 13509
23.62 13335.2
23.63 13161
23.64 12986.5
23.65 12812.1
23.66 12638.1
23.67 12464.8
23.68 12292.6
23.69 12121.8
23.7 11952.9
23.71 11786.2
23.72 11622.1
23.73 11461.1
23.74 11303.5
23.75 11149.6
23.76 10999.8
23.77 10854.2
23.78 10713
23.79 10576.4
23.8 10444.3
23.81 10316.9
23.82 10193.9
23.83 10075.2
23.84 9960.75
23.85 9850.27
23.86 9743.57
23.87 9640.45
23.88 9540.73
23.89 9444.26
23.9 9350.93
23.91 9260.7
23.92 9173.55
23.93 9089.53
23.94 9008.7
23.95 8931.12
23.96 8856.9
23.97 8786.09
23.98 8718.72
23.99 8654.77
24 8594.17
24.01 8536.8
24.02 8482.49
24.03 8431
24.04 8382.06
24.05 8335.39
24.06 8290.67
24.07 8247.57
24.08 8205.74
24.09 8164.81
24.1 8124.46
24.11 8084.34
24.12 8044.11
24.13 8003.49
24.14 7962.19
24.15 7919.97
24.16 7876.61
24.17 7831.92
24.18 7785.75
24.19 7737.91
24.2 7688.22
24.21 7636.51
24.22 7582.58
24.23 7526.22
24.24 7467.19
24.25 7405.26
24.26 7340.25
24.27 7271.94
24.28 7200.18
24.29 7124.81
24.3 7045.75
24.31 6962.93
24.32 6876.28
24.33 6785.75
24.34 6691.28
24.35 6592.83
24.36 6490.3
24.37 6383.62
24.38 6272.66
24.39 6157.32
24.4 6037.47
24.41 5913
24.42 5783.85
24.43 5649.96
24.44 5511.31
24.45 5367.94
24.46 5219.94
24.47 5067.45
24.48 4910.65
24.49 4749.73
24.5 4584.92
24.51 4416.44
24.52 4244.53
24.53 4069.4
24.54 3891.23
24.55 3710.14
24.56 3526.23
24.57 3339.55
24.58 3150.1
24.59 2957.78
24.6 2762.44
24.61 2563.91
24.62 2361.96
24.63 2156.32
24.64 1946.7
24.65 1732.83
24.66 1514.52
24.67 1291.59
24.68 1063.96
24.69 831.609
24.7 594.62
24.71 353.186
24.72 107.57
24.73 -141.917
24.74 -394.917
24.75 -651.031
24.76 -909.842
24.77 -1170.94
24.78 -1433.96
24.79 -1698.54
24.8 -1964.36
24.81 -2231.1
24.82 -2498.48
24.83 -2736.75
24.84 -2870.7
24.85 -3004.6
24.86 -3138.34
24.87 -3271.85
24.88 -3405.06
24.89 -3537.93
24.9 -3670.45
24.91 -3802.64
24.92 -3934.55
24.93 -4066.23
24.94 -4197.76
24.95 -4329.21
24.96 -4460.65
24.97 -4592.13
24.98 -4723.69
24.99 -4855.34
25 -4987.09
25.01 -5118.95
25.02 -5250.87
25.03 -5382.82
25.04 -5514.78
25.05 -5646.73
25.06 -5778.63
25.07 -5910.48
25.08 -6042.25
25.09 -6173.98
25.1 -6305.69
25.11 -6437.41
25.12 -6569.21
25.13 -6701.15
25.14 -6833.31
25.15 -6965.8
25.16 -7098.7
25.17 -7232.1
25.18 -7366.07
25.19 -7500.68
25.2 -7635.98
25.21 -7771.99
25.22 -7908.67
25.23 -8045.99
25.24 -8183.89
25.25 -8322.27
25.26 -8461.02
25.27 -8600.01
25.28 -8739.1
25.29 -8878.18
25.3 -9017.11
25.31 -9155.77
25.32 -9294.07
25.33 -9431.91
25.34 -9569.25
25.35 -9706.04
25.36 -9842.24
25.37 -9977.84
25.38 -10112.8
25.39 -10247.2
25.4 -10381
25.41 -10514.3
25.42 -10646.9
25.43 -10778.9
25.44 -10910.4
25.45 -11041.3
25.46 -11171.6
25.47 -11301.3
25.48 -11430.3
25.49 -11558.7
25.5 -11686.5
25.51 -11813.5
25.52 -11939.7
25.53 -12065.1
25.54 -12189.6
25.55 -12313.1
25.56 -12435.5
25.57 -12556.8
25.58 -12676.7
25.59 -12736.6
25.6 -12775.6
25.61 -12814.1
25.62 -12852
25.63 -12889.3
25.64 -12925.9
25.65 -12961.7
25.66 -12996.8
25.67 -13031
25.68 -13064.4
25.69 -13096.9
25.7 -13128.6
25.71 -13159.3
25.72 -13189.1
25.73 -13218
25.74 -13246
25.75 -13273.1
25.76 -13299.4
25.77 -13324.8
25.78 -13349.3
25.79 -13373
25.8 -13395.9
25.81 -13418.1
25.82 -13439.5
25.83 -13460.1
25.84 -13480.1
25.85 -13499.4
25.86 -13518.1
25.87 -13536.2
25.88 -13553.7
25.89 -13570.7
25.9 -13587.3
25.91 -13603.3
25.92 -13618.9
25.93 -13634
25.94 -13648.7
25.95 -13662.9
25.96 -13676.7
25.97 -13690
25.98 -13702.9
25.99 -13715.2
26 -13727.1
26.01 -13738.4
26.02 -13749.2
26.03 -13759.4
26.04 -13769
26.05 -13778.1
26.06 -13786.6
26.07 -13794.6
26.08 -13802.1
26.09 -13809
26.1 -13815.4
26.11 -13821.4
26.12 -13826.9
26.13 -13832
26.14 -13836.8
26.15 -13841.2
26.16 -13845.3
26.17 -13849.1
26.18 -13852.8
26.19 -13856.3
26.2 -13859.6
26.21 -13862.9
26.22 -13866.2
26.23 -13869.4
26.24 -13872.6
26.25 -13875.8
26.26 -13879
26.27 -13882.3
26.28 -13885.7
26.29 -13889.1
26.3 -13892.6
26.31 -13896.2
26.32 -13900
26.33 -13903.9
26.34 -13908.1
26.35 -13912.5
26.36 -13917.2
26.37 -13922.2
26.38 -13927.5
26.39 -13933.2
26.4 -13939.3
26.41 -13945.8
26.42 -13952.8
26.43 -13960.2
26.44 -13968
26.45 -13976.2
26.46 -13984.8
26.47 -13993.8
26.48 -14003.1
26.49 -14012.7
26.5 -14022.7
26.51 -14032.9
26.52 -14043.4
26.53 -14054.1
26.54 -14065
26.55 -14076.1
26.56 -14087.4
26.57 -14098.8
26.58 -14110.3
26.59 -14121.9
26.6 -14133.5
26.61 -14145.2
26.62 -14156.8
26.63 -14168.5
26.64 -14180
26.65 -14191.5
26.66 -14203
26.67 -14214.4
26.68 -14225.7
26.69 -14236.9
26.7 -14248.1
26.71 -14259.2
26.72 -14270.2
26.73 -14281
26.74 -14291.7
26.75 -14302.2
26.76 -14312.5
26.77 -14322.5
26.78 -14332.2
26.79 -14341.5
26.8 -14350.5
26.81 -14359
26.82 -14367.1
26.83 -14374.7
26.84 -14381.9
26.85 -14388.5
26.86 -14394.6
26.87 -14400.1
26.88 -14405
26.89 -14409.3
26.9 -14412.9
26.91 -14415.9
26.92 -14418.2
26.93 -14419.7
26.94 -14420.4
26.95 -14419.8
26.96 -14414.2
26.97 -14403.4
26.98 -14387.4
26.99 -14366.1
27 -14339.6
27.01 -14307.9
27.02 -14271
27.03 -14229.2
27.04 -14182.4
27.05 -14130.9
27.06 -14074.7
27.07 -14014
27.08 -13948.9
27.09 -13879.5
27.1 -13805.9
27.11 -13728.4
27.12 -13647.1
27.13 -13562.1
27.14 -13473.8
27.15 -13382.5
27.16 -13288.3
27.17 -13191.7
27.18 -13093
27.19 -12992.5
27.2 -12890.6
27.21 -12787.7
27.22 -12683.9
27.23 -12579.6
27.24 -12475
27.25 -12370.2
27.26 -12265.3
27.27 -12160.4
27.28 -12055.5
27.29 -11950.7
27.3 -11846
27.31 -11741.2
27.32 -11636.6
27.33 -11532.1
27.34 -11427.9
27.35 -11324.1
27.36 -11220.8
27.37 -11118.2
27.38 -11016.6
27.39 -10916.2
27.4 -10817.3
27.41 -10720.1
27.42 -10624.8
27.43 -10531.6
27.44 -10440.7
27.45 -10352.4
27.46 -10266.7
27.47 -10183.9
27.48 -10103.9
27.49 -10026.8
27.5 -9952.72
27.51 -9881.61
27.52 -9813.41
27.53 -9748.05
27.54 -9685.44
27.55 -9625.45
27.56 -9567.99
27.57 -9512.94
27.58 -9460.19
27.59 -9409.68
27.6 -9361.35
27.61 -9315.19
27.62 -9271.18
27.63 -9229.31
27.64 -9189.59
27.65 -9152.03
27.66 -9116.63
27.67 -9083.37
27.68 -9052.2
27.69 -9023.07
27.7 -8995.94
27.71 -8970.75
27.72 -8947.4
27.73 -8925.83
27.74 -8905.97
27.75 -8887.77
27.76 -8871.16
27.77 -8856.06
27.78 -8842.43
27.79 -8830.21
27.8 -8819.36
27.81 -8809.82
27.82 -8801.54
27.83 -8794.47
27.84 -8788.56
27.85 -8783.74
27.86 -8779.94
27.87 -8777.04
27.88 -8774.92
27.89 -8773.42
27.9 -8772.36
27.91 -8771.52
27.92 -8770.66
27.93 -8769.52
27.94 -8767.84
27.95 -8765.35
27.96 -8761.8
27.97 -8756.92
27.98 -8750.42
27.99 -8742.06
28 -8731.57
28.01 -8718.7
28.02 -8703.18
28.03 -8684.76
28.04 -8663.24
28.05 -8638.43
28.06 -8610.17
28.07 -8578.37
28.08 -8542.96
28.09 -8503.96
28.1 -8461.38
28.11 -8415.29
28.12 -8365.77
28.13 -8312.9
28.14 -8256.78
28.15 -8197.48
28.16 -8135.08
28.17 -8069.65
28.18 -8001.22
28.19 -7929.85
28.2 -7855.59
28.21 -7778.47
28.22 -7698.51
28.23 -7615.75
28.24 -7530.21
28.25 -7441.93
28.26 -7350.91
28.27 -7257.18
28.28 -7160.78
28.29 -7061.77
28.3 -6960.21
28.31 -6856.2
28.32 -6749.84
28.33 -6641.27
28.34 -6530.62
28.35 -6418.03
28.36 -6303.64
28.37 -6187.55
28.38 -6069.86
28.39 -5950.67
28.4 -5830.05
28.41 -5708.07
28.42 -5584.82
28.43 -5460.39
28.44 -5334.91
28.45 -5208.55
28.46 -5081.51
28.47 -4954.04
28.48 -4826.4
28.49 -4698.89
28.5 -4571.84
28.51 -4445.56
28.52 -4320.37
28.53 -4196.57
28.54 -4074.41
28.55 -3954.1
28.56 -3835.86
28.57 -3719.81
28.58 -3606.02
28.59 -3494.53
28.6 -3385.33
28.61 -3278.4
28.62 -3173.64
28.63 -3070.97
28.64 -2970.32
28.65 -2871.61
28.66 -2774.79
28.67 -2679.83
28.68 -2586.69
28.69 -2495.36
28.7 -2405.83
28.71 -2318.08
28.72 -2232.05
28.73 -2147.64
28.74 -2064.75
28.75 -1983.21
28.76 -1902.83
28.77 -1823.38
28.78 -1744.6
28.79 -1666.25
28.8 -1588.07
28.81 -1509.82
28.82 -1431.29
28.83 -1352.25
28.84 -1272.52
28.85 -1191.98
28.86 -1110.49
28.87 -1027.95
28.88 -944.242
28.89 -859.3
28.9 -773.049
28.91 -685.411
28.92 -596.286
28.93 -505.569
28.94 -413.165
28.95 -318.982
28.96 -222.91
28.97 -124.836
28.98 -24.6594
28.99 77.7013
29 182.322
29.01 289.285
29.02 398.673
29.03 510.562
29.04 625.02
29.05 742.114
29.06 861.922
29.07 984.522
29.08 1109.99
29.09 1238.39
29.1 1369.77
29.11 1504.19
29.12 1641.71
29.13 1782.36
29.14 1926.16
29.15 2073.13
29.16 2223.28
29.17 2376.63
29.18 2533.19
29.19 2692.94
29.2 2855.86
29.21 3021.95
29.22 3191.18
29.23 3363.51
29.24 3538.91
29.25 3717.3
29.26 3898.61
29.27 4082.74
29.28 4269.6
29.29 4459.04
29.3 4650.9
29.31 4845.02
29.32 5041.2
29.33 5239.28
29.34 5439.04
29.35 5609.95
29.36 5711.24
29.37 5813.1
29.38 5915.45
29.39 6018.19
29.4 6121.22
29.41 6224.44
29.42 6327.73
29.43 6430.95
29.44 6533.95
29.45 6636.56
29.46 6738.62
29.47 6839.96
29.48 6940.42
29.49 7039.85
29.5 7138.09
29.51 7235.03
29.52 7330.56
29.53 7424.57
29.54 7517
29.55 7607.76
29.56 7696.82
29.57 7784.13
29.58 7869.67
29.59 7953.4
29.6 8035.3
29.61 8115.36
29.62 8193.56
29.63 8269.88
29.64 8344.32
29.65 8416.89
29.66 8487.61
29.67 8556.53
29.68 8623.73
29.69 8689.28
29.7 8753.29
29.71 8815.88
29.72 8877.16
29.73 8937.24
29.74 8996.2
29.75 9054.11
29.76 9110.98
29.77 9166.84
29.78 9221.65
29.79 9275.39
29.8 9328.01
29.81 9379.46
29.82 9429.72
29.83 9478.76
29.84 9526.56
29.85 9573.13
29.86 9618.5
29.87 9662.7
29.88 9705.76
29.89 9747.76
29.9 9788.75
29.91 9828.81
29.92 9868
29.93 9906.42
29.94 9944.15
29.95 9981.25
29.96 10017.8
29.97 10053.9
29.98 10089.6
29.99 10125
30 10160.3
30.01 10195.4
30.02 10230.5
30.03 10265.8
30.04 10301.3
30.05 10337.1
30.06 10373.5
30.07 10410.4
30.08 10448
30.09 10486.4
30.1 10525.7
30.11 10566
30.12 10607.3
30.13 10649.8
30.14 10693.5
30.15 10738.4
30.16 10784.7
30.17 10832.4
30.18 10881.4
30.19 10931.9
30.2 10984
30.21 11037.5
30.22 11092.5
30.23 11149
30.24 11207.1
30.25 11266.6
30.26 11327.7
30.27 11390.4
30.28 11454.5
30.29 11520.2
30.3 11587.3
30.31 11656
30.32 11726.2
30.33 11797.8
30.34 11870.9
30.35 11945.5
30.36 12021.6
30.37 12099
30.38 12177.9
30.39 12258.2
30.4 12339.9
30.41 12422.9
30.42 12507.3
30.43 12592.8
30.44 12679.6
30.45 12767.5
30.46 12856.6
30.47 12946.7
30.48 13037.8
30.49 13129.9
30.5 13222.9
30.51 13316.9
30.52 13411.5
30.53 13507
30.54 13603
30.55 13699.5
30.56 13796.3
30.57 13893.3
30.58 13990.5
30.59 14087.5
30.6 14184.3
30.61 14280.7
30.62 14376.6
30.63 14471.8
30.64 14566.3
30.65 14660
30.66 14752.7
30.67 14844.3
30.68 14934.9
30.69 15024.4
30.7 15112.6
30.71 15199.6
30.72 15285.3
30.73 15369.6
30.74 15452.5
30.75 15534
30.76 15591.1
30.77 15617.2
30.78 15642.9
30.79 15668
30.8 15692.6
30.81 15716.7
30.82 15740.2
30.83 15763.2
30.84 15785.6
30.85 15807.5
30.86 15828.8
30.87 15849.4
30.88 15869.5
30.89 15889
30.9 15907.9
30.91 15926.2
30.92 15943.9
30.93 15960.9
30.94 15977.4
30.95 15993.3
30.96 16008.6
30.97 16023.3
30.98 16037.5
30.99 16051.2
31 16064.4
31.01 16077.2
31.02 16089.5
31.03 16101.4
31.04 16112.9
31.05 16124
31.06 16134.8
31.07 16145.2
31.08 16155.2
31.09 16164.9
31.1 16174.3
31.11 16183.3
31.12 16192
31.13 16200.4
31.14 16208.5
31.15 16216.2
31.16 16223.7
31.17 16230.9
31.18 16237.8
31.19 16244.6
31.2 16251.1
31.21 16257.5
31.22 16263.8
31.23 16270.1
31.24 16276.3
31.25 16282.4
31.26 16288.6
31.27 16294.8
31.28 16301.1
31.29 16307.4
31.3 16313.8
31.31 16320.3
31.32 16326.9
31.33 16333.6
31.34 16340.4
31.35 16347.2
31.36 16354.2
31.37 16361.2
31.38 16368.3
31.39 16375.4
31.4 16382.6
31.41 16389.9
31.42 16397.3
31.43 16404.7
31.44 16412.1
31.45 16419.7
31.46 16427.3
31.47 16435
31.48 16442.7
31.49 16450.6
31.5 16458.5
31.51 16466.5
31.52 16474.6
31.53 16482.7
31.54 16491
31.55 16499.4
31.56 16507.8
31.57 16516.3
31.58 16524.8
31.59 16533.4
31.6 16542.1
31.61 16550.8
31.62 16559.5
31.63 16568.2
31.64 16577
31.65 16585.7
31.66 16594.5
31.67 16603.2
31.68 16611.9
31.69 16620.7
31.7 16629.4
31.71 16638
31.72 16646.7
31.73 16655.4
31.74 16664
31.75 16672.7
31.76 16681.3
31.77 16689.8
31.78 16698.3
31.79 16706.8
31.8 16715.1
31.81 16723.3
31.82 16731.4
31.83 16739.3
31.84 16747
31.85 16754.5
31.86 16761.7
31.87 16768.6
31.88 16775.2
31.89 16781.5
31.9 16787.4
31.91 16792.9
31.92 16798
31.93 16802.7
31.94 16806.9
31.95 16810.8
31.96 16814.2
31.97 16817.2
31.98 16819.8
31.99 16821.9
32 16823.7
32.01 16825
32.02 16826
32.03 16826.5
32.04 16826.7
32.05 16825.6
32.06 16822.3
32.07 16816.6
32.08 16808.7
32.09 16798.3
32.1 16785.6
32.11 16770.4
32.12 16752.7
32.13 16732.5
32.14 16709.8
32.15 16684.5
32.16 16656.7
32.17 16626.4
32.18 16593.7
32.19 16558.4
32.2 16520.8
32.21 16480.7
32.22 16438.2
32.23 16393.2
32.24 16345.9
32.25 16296
32.26 16243.8
32.27 16189.1
32.28 16132.1
32.29 16072.7
32.3 16011
32.31 15947
32.32 15880.7
32.33 15812.3
32.34 15741.7
32.35 15668.9
32.36 15594
32.37 15517
32.38 15437.8
32.39 15356.5
32.4 15273.1
32.41 15187.6
32.42 15100.1
32.43 15010.4
32.44 14918.9
32.45 14825.4
32.46 14730
32.47 14633
32.48 14534.2
32.49 14433.9
32.5 14332
32.51 14228.7
32.52 14124
32.53 14017.9
32.54 13910.4
32.55 13801.5
32.56 13691.1
32.57 13579.3
32.58 13465.9
32.59 13350.9
32.6 13234.1
32.61 13115.5
32.62 12994.9
32.63 12872.2
32.64 12747.2
32.65 12619.8
32.66 12489.8
32.67 12357.1
32.68 12221.4
32.69 12082.7
32.7 11940.8
32.71 11795.6
32.72 11646.9
32.73 11494.7
32.74 11339
32.75 11179.9
32.76 11017.4
32.77 10851.6
32.78 10682.7
32.79 10510.8
32.8 10336.2
32.81 10159.1
32.82 9979.69
32.83 9798.07
32.84 9614.42
32.85 9428.85
32.86 9241.43
32.87 9052.21
32.88 8861.22
32.89 8668.5
32.9 8474.08
32.91 8277.97
32.92 8080.24
32.93 7880.93
32.94 7680.11
32.95 7477.87
32.96 7274.28
32.97 7069.4
32.98 6863.32
32.99 6656.1
33 6447.81
33.01 6238.5
33.02 6028.21
33.03 5817
33.04 5604.91
33.05 5391.99
33.06 5178.28
33.07 4963.8
33.08 4748.62
33.09 4532.76
33.1 4316.27
33.11 4099.19
33.12 3881.54
33.13 3663.38
33.14 3444.72
33.15 3225.58
33.16 3005.97
33.17 2785.89
33.18 2565.36
33.19 2344.36
33.2 2122.92
33.21 1901.06
33.22 1678.79
33.23 1456.16
33.24 1233.27
33.25 1010.17
33.26 786.98
33.27 563.794
33.28 340.738
33.29 117.933
33.3 -104.513
33.31 -326.502
33.32 -547.943
33.33 -768.763
33.34 -988.905
33.35 -1208.34
33.36 -1427.03
33.37 -1644.99
33.38 -1862.21
33.39 -2078.7
33.4 -2294.48
33.41 -2509.58
33.42 -2724.01
33.43 -2937.8
33.44 -3150.97
33.45 -3268.4
33.46 -3374.39
33.47 -3480.11
33.48 -3585.54
33.49 -3690.71
33.5 -3795.62
33.51 -3900.28
33.52 -4004.7
33.53 -4108.89
33.54 -4212.85
33.55 -4316.59
33.56 -4420.11
33.57 -4523.41
33.58 -4626.48
33.59 -4729.3
33.6 -4831.87
33.61 -4934.16
33.62 -5036.14
33.63 -5137.8
33.64 -5239.11
33.65 -5340.04
33.66 -5440.59
33.67 -5540.72
33.68 -5640.44
33.69 -5739.71
33.7 -5838.54
33.71 -5936.91
33.72 -6034.82
33.73 -6132.25
33.74 -6229.21
33.75 -6325.69
33.76 -6421.71
33.77 -6517.28
33.78 -6612.42
33.79 -6707.15
33.8 -6801.5
33.81 -6895.5
33.82 -6989.19
33.83 -7082.61
33.84 -7175.78
33.85 -7268.75
33.86 -7361.56
33.87 -7454.23
33.88 -7546.82
33.89 -7639.34
33.9 -7731.84
33.91 -7824.33
33.92 -7916.86
33.93 -8009.43
33.94 -8102.07
33.95 -8194.8
33.96 -8287.62
33.97 -8380.55
33.98 -8473.59
33.99 -8566.75
34 -8660.01
34.01 -8753.37
34.02 -8846.83
34.03 -8940.35
34.04 -9033.93
34.05 -9127.53
34.06 -9221.12
34.07 -9314.69
34.08 -9408.19
34.09 -9501.61
34.1 -9594.9
34.11 -9688.06
34.12 -9781.07
34.13 -9873.94
34.14 -9966.66
34.15 -10059.3
34.16 -10151.8
34.17 -10244.3
34.18 -10336.8
34.19 -10429.3
34.2 -10522
34.21 -10614.8
34.22 -10707.8
34.23 -10801.2
34.24 -10894.7
34.25 -10988.7
34.26 -11082.9
34.27 -11177.5
34.28 -11272.5
34.29 -11367.7
34.3 -11463.3
34.31 -11559.1
34.32 -11655.1
34.33 -11751.3
34.34 -11847.7
34.35 -11944
34.36 -12040.4
34.37 -12136.8
34.38 -12233.1
34.39 -12329.3
34.4 -12425.3
34.41 -12521.2
34.42 -12616.9
34.43 -12712.3
34.44 -12807.5
34.45 -12902.5
34.46 -12997.2
34.47 -13091.6
34.48 -13177.4
34.49 -13208.7
34.5 -13240
34.51 -13271.1
34.52 -13302.2
34.53 -13333.3
34.54 -13364.3
34.55 -13395.2
34.56 -13426
34.57 -13456.8
34.58 -13487.5
34.59 -13518.2
34.6 -13548.8
34.61 -13579.3
34.62 -13609.7
34.63 -13640
34.64 -13670.2
34.65 -13700.3
34.66 -13730.3
34.67 -13760.2
34.68 -13790
34.69 -13819.6
34.7 -13849.1
34.71 -13878.4
34.72 -13907.5
34.73 -13936.5
34.74 -13965.3
34.75 -13993.9
34.76 -14022.3
34.77 -14050.4
34.78 -14078.3
34.79 -14105.9
34.8 -14133.3
34.81 -14160.3
34.82 -14187.1
34.83 -14213.6
34.84 -14239.8
34.85 -14265.6
34.86 -14291.2
34.87 -14316.4
34.88 -14341.2
34.89 -14365.7
34.9 -14389.9
34.91 -14413.7
34.92 -14437.1
34.93 -14460.1
34.94 -14482.7
34.95 -14504.9
34.96 -14526.7
34.97 -14548
34.98 -14568.9
34.99 -14589.4
35 -14609.4
35.01 -14629
35.02 -14648.1
35.03 -14666.7
35.04 -14684.9
35.05 -14702.5
35.06 -14719.7
35.07 -14736.5
35.08 -14752.7
35.09 -14768.5
35.1 -14783.7
35.11 -14798.6
35.12 -14812.9
35.13 -14826.8
35.14 -14840.2
35.15 -14853.2
35.16 -14865.7
35.17 -14877.8
35.18 -14889.5
35.19 -14900.7
35.2 -14911.5
35.21 -14922
35.22 -14932
35.23 -14941.6
35.24 -14950.9
35.25 -14959.8
35.26 -14968.3
35.27 -14976.4
35.28 -14984.2
35.29 -14991.7
35.3 -14998.8
35.31 -15005.7
35.32 -15012.2
35.33 -15018.5
35.34 -15024.5
35.35 -15030.2
35.36 -15035.6
35.37 -15040.8
35.38 -15045.8
35.39 -15050.5
35.4 -15055
35.41 -15059.3
35.42 -15063.4
35.43 -15067.3
35.44 -15071.1
35.45 -15074.8
35.46 -15078.3
35.47 -15081.7
35.48 -15085.1
35.49 -15088.4
35.5 -15091.6
35.51 -15094.8
35.52 -15098
35.53 -15101.2
35.54 -15104.4
35.55 -15107.6
35.56 -15110.8
35.57 -15114
35.58 -15117.2
35.59 -15120.5
35.6 -15123.7
35.61 -15127
35.62 -15130.2
35.63 -15133.5
35.64 -15136.7
35.65 -15140
35.66 -15143.2
35.67 -15146.4
35.68 -15149.6
35.69 -15152.7
35.7 -15155.8
35.71 -15158.9
35.72 -15161.9
35.73 -15164.8
35.74 -15167.7
35.75 -15170.6
35.76 -15173.4
35.77 -15176.1
35.78 -15178.8
35.79 -15181.5
35.8 -15184.2
35.81 -15186.8
35.82 -15189.4
35.83 -15192
35.84 -15194.6
35.85 -15197.2
35.86 -15199.7
35.87 -15202.2
35.88 -15204.7
35.89 -15207.1
35.9 -15209.5
35.91 -15211.8
35.92 -15214
35.93 -15216.2
35.94 -15218.2
35.95 -15220.1
35.96 -15221.9
35.97 -15223.6
35.98 -15225.1
35.99 -15226.5
36 -15227.7
36.01 -15228.7
36.02 -15229.5
36.03 -15230.1
36.04 -15230.5
36.05 -15230.6
36.06 -15230.2
36.07 -15228.2
36.08 -15224.8
36.09 -15219.9
36.1 -15213.3
36.11 -15205
36.12 -15195.1
36.13 -15183.4
36.14 -15169.8
36.15 -15154.4
36.16 -15137.1
36.17 -15117.7
36.18 -15096.4
36.19 -15073
36.2 -15047.6
36.21 -15020
36.22 -14990.4
36.23 -14958.6
36.24 -14924.8
36.25 -14888.8
36.26 -14850.6
36.27 -14810.4
36.28 -14768
36.29 -14723.5
36.3 -14676.8
36.31 -14628.1
36.32 -14577.1
36.33 -14524.1
36.34 -14469
36.35 -14411.7
36.36 -14352.4
36.37 -14291
36.38 -14227.5
36.39 -14162
36.4 -14094.6
36.41 -14025.2
36.42 -13953.9
36.43 -13880.7
36.44 -13805.7
36.45 -13728.8
36.46 -13650.2
36.47 -13569.9
36.48 -13487.9
36.49 -13404.3
36.5 -13319.2
36.51 -13232.6
36.52 -13144.6
36.53 -13055.5
36.54 -12965.1
36.55 -12873.8
36.56 -12781.6
36.57 -12688.6
36.58 -12595
36.59 -12500.9
36.6 -12406.3
36.61 -12311.3
36.62 -12216
36.63 -12120.5
36.64 -12024.7
36.65 -11928.7
36.66 -11832.6
36.67 -11736.4
36.68 -11640.1
36.69 -11543.8
36.7 -11447.5
36.71 -11351.3
36.72 -11255.4
36.73 -11159.6
36.74 -11064.3
36.75 -10969.3
36.76 -10874.7
36.77 -10780.6
36.78 -10686.9
36.79 -10593.8
36.8 -10501.1
36.81 -10408.9
36.82 -10317.1
36.83 -10225.8
36.84 -10134.9
36.85 -10044.3
36.86 -9954.2
36.87 -9864.44
36.88 -9775.06
36.89 -9686.05
36.9 -9597.41
36.91 -9509.12
36.92 -9421.19
36.93 -9333.59
36.94 -9246.32
36.95 -9159.33
36.96 -9072.62
36.97 -8986.14
36.98 -8899.87
36.99 -8813.75
37 -8727.77
37.01 -8641.87
37.02 -8556.04
37.03 -8470.24
37.04 -8384.46
37.05 -8298.69
37.06 -8212.92
37.07 -8127.15
37.08 -8041.37
37.09 -7955.57
37.1 -7869.73
37.11 -7783.85
37.12 -7697.87
37.13 -7611.76
37.14 -7525.48
37.15 -7438.95
37.16 -7352.12
37.17 -7264.92
37.18 -7177.29
37.19 -7089.17
37.2 -7000.49
37.21 -6911.2
37.22 -6821.27
37.23 -6730.65
37.24 -6639.3
37.25 -6547.21
37.26 -6454.35
37.27 -6360.7
37.28 -6266.26
37.29 -6171.01
37.3 -6074.94
37.31 -5978.05
37.32 -5880.34
37.33 -5781.82
37.34 -5682.48
37.35 -5582.33
37.36 -5481.39
37.37 -5379.67
37.38 -5277.21
37.39 -5174.02
37.4 -5070.13
37.41 -4965.58
37.42 -4860.4
37.43 -4754.63
37.44 -4648.31
37.45 -4541.47
37.46 -4434.14
37.47 -4326.34
37.48 -4218.11
37.49 -4109.44
37.5 -4000.34
37.51 -3890.8
37.52 -3780.81
37.53 -3670.34
37.54 -3559.36
37.55 -3447.85
37.56 -3335.78
37.57 -3223.12
37.58 -3109.85
37.59 -2995.95
37.6 -2881.41
37.61 -2766.23
37.62 -2650.39
37.63 -2533.91
37.64 -2416.79
37.65 -2299.04
37.66 -2180.67
37.67 -2061.7
37.68 -1942.14
37.69 -1822.01
37.7 -1701.33
37.71 -1580.12
37.72 -1458.41
37.73 -1336.22
37.74 -1213.6
37.75 -1090.58
37.76 -967.176
37.77 -843.45
37.78 -719.44
37.79 -595.193
37.8 -470.755
37.81 -346.177
37.82 -221.511
37.83 -96.8117
37.84 27.8769
37.85 152.511
37.86 277.05
37.87 401.461
37.88 525.716
37.89 649.795
37.9 773.688
37.91 897.388
37.92 1020.89
37.93 1144.2
37.94 1267.31
37.95 1390.24
37.96 1513
37.97 1635.58
37.98 1757.99
37.99 1880.24
38 2002.34
38.01 2124.29
38.02 2246.1
38.03 2367.77
38.04 2489.3
38.05 2610.7
38.06 2731.96
38.07 2853.09
38.08 2974.08
38.09 3094.92
38.1 3215.6
38.11 3336.12
38.12 3456.46
38.13 3576.62
38.14 3696.57
38.15 3816.31
38.16 3935.84
38.17 4055.13
38.18 4174.18
38.19 4292.99
38.2 4411.57
38.21 4529.92
38.22 4648.03
38.23 4765.94
38.24 4826.51
38.25 4885.28
38.26 4943.98
38.27 5002.62
38.28 5061.22
38.29 5119.79
38.3 5178.34
38.31 5236.89
38.32 5295.44
38.33 5354.01
38.34 5412.6
38.35 5471.23
38.36 5529.88
38.37 5588.58
38.38 5647.31
38.39 5706.1
38.4 5764.93
38.41 5823.82
38.42 5882.77
38.43 5941.79
38.44 6000.88
38.45 6060.05
38.46 6119.3
38.47 6178.63
38.48 6238.03
38.49 6297.51
38.5 6357.05
38.51 6416.65
38.52 6476.28
38.53 6535.94
38.54 6595.6
38.55 6655.24
38.56 6714.85
38.57 6774.39
38.58 6833.83
38.59 6893.17
38.6 6952.36
38.61 7011.38
38.62 7070.22
38.63 7128.84
38.64 7187.22
38.65 7245.35
38.66 7303.2
38.67 7360.77
38.68 7418.03
38.69 7474.98
38.7 7531.6
38.71 7587.89
38.72 7643.84
38.73 7699.43
38.74 7754.66
38.75 7809.53
38.76 7864.03
38.77 7918.14
38.78 7971.87
38.79 8025.2
38.8 8078.13
38.81 8130.66
38.82 8182.76
38.83 8234.44
38.84 8285.67
38.85 8336.46
38.86 8386.79
38.87 8436.64
38.88 8486.01
38.89 8534.88
38.9 8583.25
38.91 8631.1
38.92 8678.42
38.93 8725.22
38.94 8771.47
38.95 8817.19
38.96 8862.37
38.97 8907
38.98 8951.08
38.99 8994.61
39 9037.58
39.01 9080
39.02 9121.87
39.03 9163.17
39.04 9203.9
39.05 9244.07
39.06 9283.66
39.07 9322.69
39.08 9361.14
39.09 9399.02
39.1 9436.33
39.11 9473.09
39.12 9509.3
39.13 9544.97
39.14 9580.12
39.15 9614.76
39.16 9648.91
39.17 9682.57
39.18 9715.78
39.19 9748.54
39.2 9780.86
39.21 9812.77
39.22 9844.27
39.23 9875.38
39.24 9906.11
39.25 9936.47
39.26 9966.47
39.27 9996.12
39.28 10025.4
39.29 10054.4
39.3 10083.1
39.31 10111.4
39.32 10139.4
39.33 10167.2
39.34 10194.6
39.35 10221.7
39.36 10248.6
39.37 10275.2
39.38 10301.5
39.39 10327.6
39.4 10353.3
39.41 10378.8
39.42 10404.1
39.43 10429.1
39.44 10453.8
39.45 10478.2
39.46 10502.4
39.47 10526.4
39.48 10550
39.49 10573.4
39.5 10596.5
39.51 10619.3
39.52 10641.9
39.53 10664.2
39.54 10686.2
39.55 10708
39.56 10729.5
39.57 10750.7
39.58 10771.7
39.59 10792.5
39.6 10813
39.61 10833.2
39.62 10853.2
39.63 10872.9
39.64 10892.4
39.65 10911.6
39.66 10930.5
39.67 10949.2
39.68 10967.5
39.69 10985.6
39.7 11003.5
39.71 11021
39.72 11038.2
39.73 11055.1
39.74 11071.7
39.75 11088
39.76 11103.9
39.77 11119.6
39.78 11134.9
39.79 11149.8
39.8 11164.4
39.81 11178.7
39.82 11192.6
39.83 11206.2
39.84 11219.3
39.85 11232.1
39.86 11244.6
39.87 11256.6
39.88 11268.3
39.89 11279.5
39.9 11290.4
39.91 11300.9
39.92 11311
39.93 11320.7
39.94 11330
39.95 11339
39.96 11347.5
39.97 11355.6
39.98 11363.4
39.99 11370.7
40 11377.6
