0.01 -9487.88
0.02 10126.3
0.03 1845.31
0.04 -2714.24
0.05 2677.15
0.06 14379.7
0.07 24813.7
0.08 30572.8
0.09 33816.4
0.1 37222.1
0.11 39943.2
0.12 39239.8
0.13 34665
0.14 29032.3
0.15 25223.1
0.16 23338.5
0.17 21635.5
0.18 19498.3
0.19 18320.2
0.2 19437.7
0.21 22228
0.22 24972
0.23 27108.7
0.24 29810.2
0.25 34232.8
0.26 39968
0.27 45729.2
0.28 51131.2
0.29 57050.1
0.3 64141.7
0.31 71681.6
0.32 78300.9
0.33 83544.9
0.34 88085.3
0.35 92384.5
0.36 95758.8
0.37 97140.9
0.38 96441.4
0.39 94607.6
0.4 92341.8
0.41 89317
0.42 84960.8
0.43 79658.6
0.44 74624.9
0.45 70583.8
0.46 67092.9
0.47 63425.8
0.48 59737
0.49 56878.9
0.5 55135.8
0.51 53716.2
0.52 51786.8
0.53 49608.6
0.54 48195.6
0.55 47914
0.56 47975.1
0.57 47522.5
0.58 46755.1
0.59 46440.2
0.6 46450.7
0.61 45392.5
0.62 41964.9
0.63 36246.1
0.64 29162.1
0.65 20924
0.66 10693.2
0.67 -1904.63
0.68 -15488.6
0.69 -27750.6
0.7 -37436.9
0.71 -44848.1
0.72 -50218.8
0.73 -52350.3
0.74 -49650.6
0.75 -42385.2
0.76 -33052
0.77 -24176.5
0.78 -16399.5
0.79 -9450.47
0.8 -4657.92
0.81 -5262.18
0.82 -13671.2
0.83 -29131.8
0.84 -49129.5
0.85 -72864.2
0.86 -101984
0.87 -137230
0.88 -195334
0.89 -231013
0.9 -261798
0.91 -289410
0.92 -315082
0.93 -334547
0.94 -340107
0.95 -328650
0.96 -314021
0.97 -297838
0.98 -268821
0.99 -228514
1 -189013
1.01 -160069
1.02 -140574
1.03 -122622
1.04 -107542
1.05 -106741
1.06 -120112
1.07 -133673
1.08 -138457
1.09 -141336
1.1 -145259
1.11 -142087
1.12 -128008
1.13 -106788
1.14 -81218
1.15 -51813.1
1.16 -20469.4
1.17 9374.59
1.18 38850.3
1.19 67406.2
1.2 89302.9
1.21 99274.5
1.22 97186.1
1.23 87666.5
1.24 74378.9
1.25 49557.8
1.26 10438.1
1.27 -31172.6
1.28 -63404.2
1.29 -89461.5
1.3 -120866
1.31 -153102
1.32 -168506
1.33 -171496
1.34 -178227
1.35 -184820
1.36 -179501
1.37 -163393
1.38 -141494
1.39 -114845
1.4 -81937.4
1.41 -42150.4
1.42 882.375
1.43 40956.3
1.44 75708.1
1.45 104811
1.46 129882
1.47 149471
1.48 161338
1.49 173774
1.5 195825
1.51 220811
1.52 241608
1.53 268200
1.54 308870
1.55 347558
1.56 367902
1.57 376152
1.58 384985
1.59 387417
1.6 366393
1.61 325768
1.62 286806
1.63 256796
1.64 223618
1.65 180016
1.66 141388
1.67 119934
1.68 104214
1.69 83731.9
1.7 65049.1
1.71 55379.6
1.72 52363.6
1.73 53623.7
1.74 60640.5
1.75 70082.8
1.76 80946.3
1.77 96764.4
1.78 116406
1.79 130934
1.8 133797
1.81 130810
1.82 130606
1.83 127304
1.84 111897
1.85 89605.1
1.86 71945.4
1.87 57471.8
1.88 36098.8
1.89 1939.27
1.9 -38596.6
1.91 -78087.4
1.92 -124501
1.93 -184834
1.94 -245539
1.95 -292497
1.96 -326718
1.97 -352416
1.98 -361170
1.99 -347009
2 -319200
2.01 -284838
2.02 -241675
2.03 -195536
2.04 -147890
2.05 -92686.3
2.06 -32512.6
2.07 29004.3
2.08 95266.1
2.09 165626
2.1 231328
2.11 279432
2.12 301087
2.13 293822
2.14 256711
2.15 186071
2.16 83689.5
2.17 -37510.9
2.18 -160874
2.19 -275802
2.2 -375493
2.21 -455377
2.22 -511848
2.23 -541490
2.24 -543364
2.25 -523732
2.26 -493277
2.27 -452962
2.28 -392133
2.29 -314939
2.3 -239373
2.31 -170891
2.32 -101379
2.33 -29056.1
2.34 37229.1
2.35 87167.4
2.36 124959
2.37 164890
2.38 209524
2.39 250146
2.4 285513
2.41 321436
2.42 361345
2.43 404280
2.44 445074
2.45 478265
2.46 507081
2.47 537250
2.48 569179
2.49 596812
2.5 612576
2.51 615539
2.52 608837
2.53 587546
2.54 540383
2.55 460938
2.56 354561
2.57 234139
2.58 110073
2.59 -17255.5
2.6 -143211
2.61 -244888
2.62 -303048
2.63 -323505
2.64 -316487
2.65 -281467
2.66 -215759
2.67 -126566
2.68 -32034.1
2.69 53119
2.7 127559
2.71 193385
2.72 246748
2.73 280358
2.74 294026
2.75 295842
2.76 293156
2.77 287135
2.78 277590
2.79 265514
2.8 253665
2.81 245262
2.82 239102
2.83 227900
2.84 208849
2.85 184916
2.86 157884
2.87 125691
2.88 85224.5
2.89 36416.9
2.9 -14224.7
2.91 -62870.2
2.92 -113968
2.93 -169230
2.94 -219872
2.95 -262035
2.96 -300007
2.97 -332744
2.98 -354966
2.99 -369401
3 -380787
3.01 -389170
3.02 -395615
3.03 -407023
3.04 -425712
3.05 -448011
3.06 -473514
3.07 -502731
3.08 -527691
3.09 -538850
3.1 -533111
3.11 -508982
3.12 -459674
3.13 -384668
3.14 -295270
3.15 -200170
3.16 -102908
3.17 -13118.6
3.18 55112.4
3.19 94870.1
3.2 112215
3.21 111187
3.22 87262.6
3.23 42924.9
3.24 -2959.97
3.25 -36862.3
3.26 -66009.4
3.27 -95714.3
3.28 -109253
3.29 -99658.4
3.3 -85324.5
3.31 -78202.9
3.32 -70046.4
3.33 -55942.9
3.34 -44709.2
3.35 -44807.4
3.36 -49656.6
3.37 -50277.5
3.38 -49253.9
3.39 -51627
3.4 -55972
3.41 -59645.5
3.42 -62292.5
3.43 -65259.6
3.44 -63001
3.45 -48561
3.46 -22733.5
3.47 16436.2
3.48 76508.4
3.49 152757
3.5 234028
3.51 313518
3.52 383058
3.53 431400
3.54 451899
3.55 439658
3.56 394070
3.57 321072
3.58 230603
3.59 136256
3.6 53167.6
3.61 -10069.5
3.62 -48848
3.63 -56023.2
3.64 -25440.5
3.65 33681.1
3.66 100607
3.67 165477
3.68 231754
3.69 293328
3.7 332537
3.71 343079
3.72 339312
3.73 333180
3.74 320951
3.75 300771
3.76 282358
3.77 271535
3.78 266352
3.79 265556
3.8 265699
3.81 255782
3.82 234859
3.83 213053
3.84 191579
3.85 160112
3.86 119487
3.87 86819.2
3.88 72936.3
3.89 70815.7
3.9 72398.7
3.91 78403.2
3.92 92823.3
3.93 113187
3.94 126258
3.95 117324
3.96 85404.1
3.97 38269.4
3.98 -21635.5
3.99 -99082.6
4 -193478
4.01 -291611
4.02 -377726
4.03 -447876
4.04 -506459
4.05 -555266
4.06 -589770
4.07 -608948
4.08 -619954
4.09 -630983
4.1 -645535
4.11 -662832
4.12 -679910
4.13 -697122
4.14 -716105
4.15 -736397
4.16 -756326
4.17 -770607
4.18 -770966
4.19 -757100
4.2 -732432
4.21 -689282
4.22 -614402
4.23 -509821
4.24 -387111
4.25 -251498
4.26 -105953
4.27 40194.5
4.28 174703
4.29 286409
4.3 369899
4.31 427179
4.32 462725
4.33 480695
4.34 489493
4.35 496782
4.36 507806
4.37 527334
4.38 557866
4.39 595940
4.4 633149
4.41 659050
4.42 667546
4.43 655814
4.44 620013
4.45 553909
4.46 456743
4.47 339933
4.48 222594
4.49 113208
4.5 7740.95
4.51 -88445.3
4.52 -157836
4.53 -199451
4.54 -231167
4.55 -267261
4.56 -306523
4.57 -343881
4.58 -384052
4.59 -434229
4.6 -486190
4.61 -524374
4.62 -541502
4.63 -537632
4.64 -512194
4.65 -468841
4.66 -416422
4.67 -363871
4.68 -317569
4.69 -283466
4.7 -267477
4.71 -270679
4.72 -283841
4.73 -296120
4.74 -301693
4.75 -300489
4.76 -293412
4.77 -276677
4.78 -245640
4.79 -204714
4.8 -165383
4.81 -133436
4.82 -101991
4.83 -62118.4
4.84 -15256.5
4.85 28177.6
4.86 63393.7
4.87 96534.7
4.88 135753
4.89 175026
4.9 193725
4.91 179128
4.92 151309
4.93 144319
4.94 143163
4.95 111323
4.96 82789
4.97 112881
4.98 178245
4.99 233872
5 289413
5.01 366412
5.02 451366
5.03 517078
5.04 554148
5.05 567686
5.06 567459
5.07 561285
5.08 549903
5.09 530331
5.1 510211
5.11 504229
5.12 514965
5.13 530156
5.14 539710
5.15 540667
5.16 532555
5.17 512154
5.18 472593
5.19 408888
5.2 327199
5.21 240541
5.22 158961
5.23 86044.2
5.24 24613.2
5.25 -19904.4
5.26 -41439.1
5.27 -39843.8
5.28 -21421.4
5.29 6137.12
5.3 38325.2
5.31 72470.3
5.32 106506
5.33 137419
5.34 161269
5.35 173072
5.36 172144
5.37 161793
5.38 143825
5.39 113753
5.4 66053.2
5.41 1745.02
5.42 -70010.9
5.43 -142215
5.44 -216949
5.45 -299872
5.46 -388334
5.47 -469447
5.48 -534138
5.49 -589556
5.5 -650684
5.51 -722123
5.52 -785775
5.53 -813814
5.54 -796001
5.55 -891365
5.56 -865122
5.57 -870601
5.58 -756055
5.59 -752732
5.6 -702803
5.61 -618223
5.62 -533640
5.63 -478738
5.64 -455070
5.65 -444396
5.66 -437482
5.67 -445719
5.68 -478603
5.69 -525336
5.7 -566829
5.71 -594373
5.72 -610645
5.73 -622643
5.74 -630229
5.75 -624392
5.76 -601043
5.77 -570597
5.78 -545194
5.79 -525029
5.8 -503148
5.81 -479667
5.82 -462467
5.83 -455263
5.84 -453227
5.85 -450223
5.86 -442271
5.87 -429656
5.88 -414939
5.89 -398083
5.9 -376158
5.91 -351000
5.92 -327780
5.93 -311449
5.94 -304818
5.95 -306727
5.96 -311773
5.97 -317043
5.98 -324317
5.99 -333290
6 -334435
6.01 -317941
6.02 -286144
6.03 -246533
6.04 -195034
6.05 -124843
6.06 -39511.2
6.07 52152.4
6.08 145556
6.09 239491
6.1 331265
6.11 414349
6.12 482767
6.13 533567
6.14 567067
6.15 583616
6.16 584701
6.17 573344
6.18 554371
6.19 532821
6.2 513676
6.21 500289
6.22 495429
6.23 500172
6.24 513056
6.25 530172
6.26 549329
6.27 569497
6.28 588306
6.29 602598
6.3 611789
6.31 618600
6.32 627548
6.33 638803
6.34 649954
6.35 660684
6.36 672350
6.37 683175
6.38 688134
6.39 681643
6.4 661717
6.41 630355
6.42 589365
6.43 537042
6.44 474412
6.45 407090
6.46 341022
6.47 278690
6.48 221648
6.49 172519
6.5 134177
6.51 108033
6.52 94960.8
6.53 93308
6.54 100474
6.55 113991
6.56 130575
6.57 146322
6.58 159593
6.59 167512
6.6 166604
6.61 157731
6.62 147556
6.63 139230
6.64 131694
6.65 125200
6.66 125208
6.67 134586
6.68 147700
6.69 156058
6.7 156834
6.71 149809
6.72 131361
6.73 96163.3
6.74 44956.3
6.75 -17089.9
6.76 -83294.8
6.77 -146906
6.78 -202572
6.79 -246407
6.8 -274015
6.81 -283721
6.82 -277608
6.83 -261215
6.84 -240316
6.85 -219068
6.86 -199756
6.87 -185968
6.88 -180448
6.89 -181829
6.9 -187448
6.91 -198144
6.92 -215225
6.93 -236699
6.94 -257490
6.95 -277857
6.96 -299974
6.97 -317674
6.98 -320092
6.99 -304872
7 -276006
7.01 -233251
7.02 -173225
7.03 -100067
7.04 -23784.9
7.05 46543.4
7.06 106737
7.07 156521
7.08 197273
7.09 229135
7.1 253542
7.11 275810
7.12 303252
7.13 340238
7.14 386428
7.15 434881
7.16 480646
7.17 524263
7.18 563859
7.19 589279
7.2 591939
7.21 572839
7.22 538177
7.23 490436
7.24 428781
7.25 353681
7.26 271810
7.27 192705
7.28 121189
7.29 54229.6
7.3 -9844.17
7.31 -65463.2
7.32 -106658
7.33 -133407
7.34 -148662
7.35 -155017
7.36 -151222
7.37 -133242
7.38 -101920
7.39 -65936.1
7.4 -31094.3
7.41 4262.92
7.42 42526.8
7.43 80841.1
7.44 114831
7.45 142028
7.46 164427
7.47 185465
7.48 205247
7.49 219747
7.5 226287
7.51 226154
7.52 222521
7.53 217160
7.54 209349
7.55 195401
7.56 175876
7.57 157042
7.58 144524
7.59 135876
7.6 124961
7.61 110460
7.62 97700.1
7.63 88646.5
7.64 76173.7
7.65 48262.7
7.66 -2062.09
7.67 -70345.9
7.68 -145858
7.69 -228700
7.7 -332094
7.71 -460536
7.72 -587005
7.73 -668965
7.74 -689075
7.75 -809153
7.76 -799260
7.77 -807972
7.78 -686013
7.79 -670236
7.8 -607153
7.81 -513932
7.82 -422558
7.83 -354383
7.84 -307862
7.85 -268377
7.86 -227114
7.87 -189772
7.88 -165989
7.89 -154627
7.9 -143935
7.91 -127499
7.92 -111090
7.93 -101778
7.94 -97855.9
7.95 -92996.6
7.96 -82572.2
7.97 -69214.9
7.98 -59477.9
7.99 -55322.7
8 -52354.8
8.01 -47954.2
8.02 -45227.3
8.03 -49520.9
8.04 -59917.6
8.05 -70013.2
8.06 -74119.8
8.07 -73043.4
8.08 -69298.7
8.09 -60927.8
8.1 -43748.2
8.11 -19742.9
8.12 5978.08
8.13 30176.3
8.14 52159.3
8.15 70126
8.16 81104.3
8.17 84276.5
8.18 82879.7
8.19 78321.2
8.2 69072.7
8.21 56436.3
8.22 46651.4
8.23 43056.1
8.24 44957
8.25 49536.4
8.26 57343.8
8.27 72818.6
8.28 98771.1
8.29 130319
8.3 160835
8.31 190542
8.32 224891
8.33 265946
8.34 309377
8.35 349861
8.36 388997
8.37 434052
8.38 493856
8.39 570469
8.4 651522
8.41 716325
8.42 756509
8.43 919249
8.44 951771
8.45 985558
8.46 1.01051e+06
8.47 1.01726e+06
8.48 1.00926e+06
8.49 999073
8.5 855969
8.51 840409
8.52 797161
8.53 729839
8.54 661029
8.55 610629
8.56 576413
8.57 538984
8.58 485841
8.59 420351
8.6 351399
8.61 281180
8.62 204855
8.63 119576
8.64 32902.6
8.65 -43662.1
8.66 -103493
8.67 -147027
8.68 -177553
8.69 -196909
8.7 -202811
8.71 -192486
8.72 -170661
8.73 -149908
8.74 -136237
8.75 -125404
8.76 -112961
8.77 -102950
8.78 -102514
8.79 -112883
8.8 -126060
8.81 -133878
8.82 -137426
8.83 -144218
8.84 -154663
8.85 -157914
8.86 -146742
8.87 -129126
8.88 -113841
8.89 -99676.1
8.9 -81534.7
8.91 -61554.9
8.92 -48965.8
8.93 -51146.1
8.94 -67005.5
8.95 -91595.7
8.96 -121668
8.97 -158750
8.98 -202705
8.99 -246775
9 -282757
9.01 -308823
9.02 -325525
9.03 -333176
9.04 -332799
9.05 -324288
9.06 -305259
9.07 -277117
9.08 -245071
9.09 -212496
9.1 -177558
9.11 -138194
9.12 -98170.5
9.13 -66482.1
9.14 -46804.1
9.15 -35416.7
9.16 -29065.5
9.17 -31019.5
9.18 -44024
9.19 -63960.8
9.2 -82734.7
9.21 -94709
9.22 -100134
9.23 -103057
9.24 -103289
9.25 -97124.8
9.26 -85845.1
9.27 -77322.8
9.28 -76263
9.29 -81042.2
9.3 -88366.9
9.31 -96671
9.32 -104789
9.33 -111515
9.34 -113584
9.35 -107611
9.36 -92424.1
9.37 -70254.6
9.38 -44594.7
9.39 -18405.2
9.4 7956.17
9.41 34220.8
9.42 58743.2
9.43 78423
9.44 92410.5
9.45 102837
9.46 113126
9.47 122962
9.48 129956
9.49 133333
9.5 135781
9.51 139925
9.52 144548
9.53 146076
9.54 144009
9.55 141399
9.56 141735
9.57 144595
9.58 147256
9.59 149612
9.6 155510
9.61 166028
9.62 178475
9.63 189235
9.64 197658
9.65 205003
9.66 212664
9.67 219427
9.68 223397
9.69 222981
9.7 217977
9.71 209573
9.72 198279
9.73 179402
9.74 148654
9.75 110193
9.76 72758.2
9.77 36448.5
9.78 -4013
9.79 -45975.5
9.8 -80306.7
9.81 -105412
9.82 -126540
9.83 -147760
9.84 -168395
9.85 -186898
9.86 -203805
9.87 -223112
9.88 -247262
9.89 -274724
9.9 -301867
9.91 -326265
9.92 -347003
9.93 -364460
9.94 -376790
9.95 -379409
9.96 -368957
9.97 -348474
9.98 -323545
9.99 -295301
10 -261308
10.01 -224191
10.02 -190797
10.03 -164696
10.04 -143819
10.05 -126696
10.06 -114469
10.07 -108975
10.08 -109812
10.09 -115611
10.1 -124295
10.11 -134058
10.12 -144152
10.13 -155031
10.14 -164655
10.15 -169857
10.16 -169482
10.17 -166181
10.18 -162810
10.19 -160386
10.2 -159390
10.21 -161521
10.22 -169374
10.23 -186459
10.24 -211611
10.25 -240532
10.26 -270969
10.27 -302844
10.28 -333279
10.29 -356181
10.3 -367183
10.31 -365834
10.32 -351595
10.33 -324498
10.34 -286354
10.35 -239675
10.36 -187706
10.37 -134946
10.38 -84297.9
10.39 -38831.6
10.4 -772.778
10.41 30398.1
10.42 55690.9
10.43 73238.2
10.44 82277.4
10.45 85912.3
10.46 87470.6
10.47 86423.1
10.48 81665.3
10.49 74160.7
10.5 67366.1
10.51 63439.2
10.52 60994.6
10.53 57151.3
10.54 52508.2
10.55 49358.1
10.56 47415.8
10.57 42397.5
10.58 33014.4
10.59 22017
10.6 11896.1
10.61 2367.08
10.62 -6883.83
10.63 -14509.2
10.64 -17803.5
10.65 -15589.8
10.66 -8447.94
10.67 1813.37
10.68 14612.3
10.69 30028.8
10.7 47127.4
10.71 63351.8
10.72 76865.3
10.73 87212.8
10.74 94880.9
10.75 99204.4
10.76 99823.8
10.77 96892.1
10.78 91289
10.79 83395.5
10.8 72846
10.81 58849.6
10.82 42047.4
10.83 22899.2
10.84 1326.96
10.85 -22458.7
10.86 -47299.8
10.87 -71767
10.88 -94065
10.89 -114825
10.9 -134806
10.91 -152502
10.92 -166222
10.93 -177949
10.94 -189983
10.95 -201565
10.96 -209770
10.97 -215914
10.98 -222081
10.99 -227918
11 -230815
11.01 -229844
11.02 -225878
11.03 -219840
11.04 -209186
11.05 -192069
11.06 -169542
11.07 -143007
11.08 -112148
11.09 -77262.7
11.1 -39734.5
11.11 -1853.11
11.12 35212.3
11.13 70963
11.14 105803
11.15 138861
11.16 169545
11.17 199196
11.18 229799
11.19 260783
11.2 292011
11.21 324210
11.22 358266
11.23 393971
11.24 430745
11.25 466812
11.26 501002
11.27 532218
11.28 558911
11.29 578493
11.3 588488
11.31 587155
11.32 575577
11.33 555431
11.34 526947
11.35 490013
11.36 447923
11.37 405932
11.38 367216
11.39 330563
11.4 296413
11.41 268523
11.42 249884
11.43 238363
11.44 230913
11.45 227008
11.46 227956
11.47 232824
11.48 238852
11.49 242826
11.5 244421
11.51 244950
11.52 244889
11.53 242265
11.54 235971
11.55 227137
11.56 218341
11.57 210514
11.58 202545
11.59 193241
11.6 184445
11.61 177767
11.62 172528
11.63 166593
11.64 159737
11.65 152769
11.66 146640
11.67 141278
11.68 136232
11.69 131487
11.7 127019
11.71 122527
11.72 118301
11.73 113354
11.74 105727
11.75 93683.3
11.76 78251.4
11.77 60954.1
11.78 41761.5
11.79 18588.6
11.8 -8143.11
11.81 -34964.1
11.82 -59597.4
11.83 -84848.5
11.84 -113278
11.85 -143519
11.86 -173121
11.87 -203253
11.88 -236958
11.89 -275243
11.9 -315496
11.91 -355198
11.92 -394170
11.93 -433054
11.94 -469916
11.95 -501829
11.96 -525774
11.97 -541224
11.98 -549390
11.99 -549809
12 -539755
12.01 -519945
12.02 -493055
12.03 -460940
12.04 -424495
12.05 -386138
12.06 -347874
12.07 -311740
12.08 -279890
12.09 -254069
12.1 -233628
12.11 -218116
12.12 -207183
12.13 -200249
12.14 -195355
12.15 -191488
12.16 -186959
12.17 -180636
12.18 -172587
12.19 -163341
12.2 -153104
12.21 -142769
12.22 -133095
12.23 -125486
12.24 -121069
12.25 -120378
12.26 -122714
12.27 -126601
12.28 -130804
12.29 -135229
12.3 -138885
12.31 -139327
12.32 -134418
12.33 -125157
12.34 -112290
12.35 -95408
12.36 -73511.4
12.37 -46945
12.38 -17028.7
12.39 14333.5
12.4 47069
12.41 82409.6
12.42 120532
12.43 160245
12.44 201974
12.45 247150
12.46 297470
12.47 352741
12.48 411097
12.49 469724
12.5 526223
12.51 577118
12.52 618148
12.53 644511
12.54 653200
12.55 642714
12.56 613518
12.57 567591
12.58 507778
12.59 436000
12.6 355956
12.61 272839
12.62 191255
12.63 113109
12.64 40124.5
12.65 -25627.5
12.66 -80892
12.67 -123690
12.68 -154864
12.69 -176937
12.7 -189504
12.71 -191022
12.72 -182650
12.73 -169629
12.74 -154979
12.75 -137875
12.76 -118016
12.77 -99740.5
12.78 -86452.5
12.79 -77463.5
12.8 -71394.8
12.81 -69413.2
12.82 -71921
12.83 -79068.1
12.84 -90302.1
12.85 -104190
12.86 -119296
12.87 -135910
12.88 -153850
12.89 -171731
12.9 -187702
12.91 -200873
12.92 -211290
12.93 -219463
12.94 -224493
12.95 -226420
12.96 -225930
12.97 -224511
12.98 -223183
12.99 -222776
13 -223792
13.01 -226791
13.02 -231993
13.03 -240031
13.04 -250542
13.05 -263024
13.06 -276965
13.07 -292896
13.08 -311616
13.09 -333863
13.1 -359683
13.11 -389820
13.12 -425137
13.13 -465998
13.14 -509811
13.15 -554596
13.16 -597969
13.17 -636415
13.18 -666431
13.19 -685832
13.2 -692689
13.21 -686835
13.22 -669089
13.23 -641255
13.24 -604893
13.25 -562092
13.26 -514619
13.27 -464295
13.28 -411528
13.29 -356325
13.3 -299623
13.31 -243734
13.32 -189214
13.33 -136377
13.34 -86786.2
13.35 -43920.2
13.36 -9100.08
13.37 19468.5
13.38 42970.3
13.39 60531.2
13.4 72839.3
13.41 83264.9
13.42 95322.9
13.43 108836
13.44 122622
13.45 136970
13.46 152687
13.47 168095
13.48 181313
13.49 191180
13.5 197573
13.51 200589
13.52 200940
13.53 199327
13.54 197079
13.55 194796
13.56 192954
13.57 192109
13.58 193360
13.59 195028
13.6 195018
13.61 193300
13.62 191653
13.63 189346
13.64 184602
13.65 177460
13.66 170536
13.67 164951
13.68 159695
13.69 153704
13.7 148238
13.71 144333
13.72 142169
13.73 141299
13.74 141859
13.75 143917
13.76 148138
13.77 154944
13.78 163961
13.79 173060
13.8 181109
13.81 187989
13.82 193708
13.83 196441
13.84 193809
13.85 184440
13.86 170177
13.87 152333
13.88 129766
13.89 100760
13.9 67577.2
13.91 34259.6
13.92 2191.62
13.93 -30024.9
13.94 -62083.8
13.95 -90903.5
13.96 -113174
13.97 -129751
13.98 -142975
13.99 -152753
14 -156662
14.01 -155152
14.02 -151005
14.03 -147092
14.04 -143379
14.05 -139424
14.06 -136227
14.07 -136067
14.08 -139240
14.09 -144441
14.1 -149723
14.11 -154413
14.12 -158259
14.13 -161040
14.14 -160883
14.15 -156408
14.16 -147947
14.17 -137603
14.18 -125431
14.19 -110244
14.2 -92693.5
14.21 -74932.9
14.22 -57487.3
14.23 -40315
14.24 -23169.7
14.25 -7243.92
14.26 6752.64
14.27 18938
14.28 30351.8
14.29 40910.2
14.3 50680.7
14.31 60074.4
14.32 70073
14.33 80866.7
14.34 92220.3
14.35 103579
14.36 115567
14.37 128256
14.38 140877
14.39 152354
14.4 163766
14.41 175570
14.42 186913
14.43 196735
14.44 205571
14.45 213897
14.46 221411
14.47 226658
14.48 229512
14.49 230897
14.5 232042
14.51 232142
14.52 231117
14.53 229889
14.54 230066
14.55 231395
14.56 233037
14.57 234503
14.58 236328
14.59 238893
14.6 242058
14.61 244991
14.62 248001
14.63 251730
14.64 257253
14.65 263810
14.66 270161
14.67 275581
14.68 280360
14.69 284210
14.7 286215
14.71 285062
14.72 280915
14.73 275078
14.74 268909
14.75 261894
14.76 253236
14.77 243292
14.78 233926
14.79 225671
14.8 216482
14.81 204483
14.82 191638
14.83 180225
14.84 170084
14.85 159666
14.86 150478
14.87 145806
14.88 147264
14.89 153627
14.9 163679
14.91 176718
14.92 192574
14.93 208722
14.94 221601
14.95 227651
14.96 225817
14.97 215886
14.98 198215
14.99 172940
15 141487
15.01 106247
15.02 70302.9
15.03 35412.3
15.04 2225.07
15.05 -30242.8
15.06 -61968.9
15.07 -91783
15.08 -119243
15.09 -145826
15.1 -171930
15.11 -195674
15.12 -214998
15.13 -230063
15.14 -241888
15.15 -251165
15.16 -257320
15.17 -260698
15.18 -262382
15.19 -263607
15.2 -264659
15.21 -264947
15.22 -263452
15.23 -260725
15.24 -257058
15.25 -252411
15.26 -246759
15.27 -240463
15.28 -233645
15.29 -227043
15.3 -221485
15.31 -216933
15.32 -212230
15.33 -207333
15.34 -202330
15.35 -197504
15.36 -192246
15.37 -186034
15.38 -178614
15.39 -171410
15.4 -165434
15.41 -160637
15.42 -156660
15.43 -154036
15.44 -153281
15.45 -154807
15.46 -157631
15.47 -160219
15.48 -161516
15.49 -162391
15.5 -162741
15.51 -161207
15.52 -156846
15.53 -151338
15.54 -145719
15.55 -140256
15.56 -134514
15.57 -128943
15.58 -123629
15.59 -118232
15.6 -111612
15.61 -103026
15.62 -91131.3
15.63 -74834.1
15.64 -54107.8
15.65 -29985
15.66 -2814.73
15.67 27010.3
15.68 57827
15.69 87265.5
15.7 113823
15.71 136779
15.72 155901
15.73 170460
15.74 180105
15.75 183917
15.76 182207
15.77 175793
15.78 165343
15.79 150232
15.8 130925
15.81 109361
15.82 88154.1
15.83 68295
15.84 50165.9
15.85 34621.6
15.86 23686.1
15.87 18114.4
15.88 17419.4
15.89 20062.8
15.9 25738.6
15.91 34632.4
15.92 46029.9
15.93 57784.7
15.94 68759.8
15.95 78517.4
15.96 87205.4
15.97 93950.8
15.98 98316.3
15.99 100335
16 100433
16.01 98541.3
16.02 94778.5
16.03 89150.5
16.04 81863.9
16.05 72108.7
16.06 60311.2
16.07 47282.3
16.08 34012.3
16.09 20337.6
16.1 6892.19
16.11 -4676.3
16.12 -12929.5
16.13 -17597.1
16.14 -18872.1
16.15 -17187
16.16 -11718.5
16.17 -2958.7
16.18 7752.22
16.19 19111.5
16.2 30630.9
16.21 41577.2
16.22 51879
16.23 60661.6
16.24 66895.1
16.25 70331
16.26 71702.8
16.27 70971.7
16.28 67509
16.29 61139.1
16.3 52759.1
16.31 43223.4
16.32 32754.7
16.33 21244
16.34 9990.01
16.35 -327.437
16.36 -9625.42
16.37 -17802.4
16.38 -23833.9
16.39 -27934.5
16.4 -30749.9
16.41 -32360.6
16.42 -32215.6
16.43 -30743.3
16.44 -28810.3
16.45 -27130.5
16.46 -25252.7
16.47 -23154
16.48 -21388.3
16.49 -20829.4
16.5 -21349
16.51 -22347.3
16.52 -23332.6
16.53 -25498.6
16.54 -28676.5
16.55 -31424.2
16.56 -33324.7
16.57 -35482.4
16.58 -37121.5
16.59 -36967.2
16.6 -34896.8
16.61 -31839.2
16.62 -27408.1
16.63 -20829.5
16.64 -12167.3
16.65 -3123.64
16.66 5646.3
16.67 14734.5
16.68 24079.8
16.69 32153.1
16.7 38408.8
16.71 43182.4
16.72 47304.1
16.73 50352.6
16.74 51994.7
16.75 51868.2
16.76 50787.9
16.77 48968.7
16.78 46171.3
16.79 41659.2
16.8 35625.9
16.81 28628.3
16.82 21131.2
16.83 12684
16.84 3075.03
16.85 -7234.89
16.86 -17054
16.87 -26546.1
16.88 -35903.7
16.89 -44640.3
16.9 -51313.2
16.91 -55793.7
16.92 -58054.1
16.93 -57604
16.94 -53644.5
16.95 -46525
16.96 -36705.8
16.97 -24872.6
16.98 -11695.2
16.99 1846.32
17 14524
17.01 24885
17.02 32410.8
17.03 36665.6
17.04 37718.1
17.05 35079.7
17.06 29128.1
17.07 20587.6
17.08 10443.8
17.09 -1302.75
17.1 -14123.4
17.11 -27124.8
17.12 -39290.9
17.13 -50421.8
17.14 -59534.9
17.15 -65886.9
17.16 -69312.9
17.17 -70127.2
17.18 -67853.7
17.19 -62719.1
17.2 -56070.4
17.21 -49080.5
17.22 -41543.5
17.23 -33983.4
17.24 -27159.3
17.25 -21453.7
17.26 -16665
17.27 -12594.8
17.28 -9028.31
17.29 -6052.42
17.3 -3693.25
17.31 -2074.98
17.32 -880.49
17.33 -88.2355
17.34 685.28
17.35 1561.12
17.36 2457.05
17.37 3680.12
17.38 6380.91
17.39 10331.4
17.4 14948.8
17.41 19976.1
17.42 26007.1
17.43 32920.1
17.44 40234.6
17.45 47204.6
17.46 54181.4
17.47 61504.8
17.48 69126.7
17.49 76608.4
17.5 83823.7
17.51 90554.5
17.52 96565.2
17.53 101476
17.54 105413
17.55 107283
17.56 106863
17.57 104945
17.58 102337
17.59 98528.7
17.6 93657.8
17.61 88584.3
17.62 84491
17.63 81262.7
17.64 78482.9
17.65 76420.2
17.66 75890.7
17.67 76464.7
17.68 77618.9
17.69 79250.7
17.7 81639.9
17.71 84349.2
17.72 86946
17.73 89055.1
17.74 91198.5
17.75 93006.7
17.76 93843.9
17.77 93074
17.78 90824
17.79 87451.7
17.8 82661.6
17.81 75071.4
17.82 64922.3
17.83 54054.9
17.84 42909.9
17.85 30211.8
17.86 16173.4
17.87 2596.87
17.88 -9341.87
17.89 -20244.6
17.9 -30527.4
17.91 -39594
17.92 -46043.6
17.93 -49934.9
17.94 -51851.7
17.95 -52726.1
17.96 -52211.5
17.97 -50083
17.98 -46875.7
17.99 -43662.4
18 -40648.1
18.01 -37766.4
18.02 -34612.4
18.03 -31455.7
18.04 -28646.8
18.05 -26324.3
18.06 -24074.5
18.07 -21881.5
18.08 -19644.5
18.09 -17595.7
18.1 -15804.4
18.11 -14763.8
18.12 -14205.7
18.13 -14516.6
18.14 -16279
18.15 -20583
18.16 -27777.3
18.17 -37306.6
18.18 -48827.4
18.19 -62753
18.2 -78600
18.21 -95031.1
18.22 -110491
18.23 -124468
18.24 -136518
18.25 -146060
18.26 -152302
18.27 -155100
18.28 -154733
18.29 -151839
18.3 -146836
18.31 -140292
18.32 -132925
18.33 -125336
18.34 -118036
18.35 -112085
18.36 -107406
18.37 -103655
18.38 -100566
18.39 -98262.1
18.4 -96150.4
18.41 -93635.5
18.42 -90068.7
18.43 -85444.5
18.44 -79706.9
18.45 -73198.2
18.46 -65911.5
18.47 -58197.8
18.48 -50276.7
18.49 -42695.3
18.5 -35736.7
18.51 -29883.1
18.52 -25162.1
18.53 -21587.3
18.54 -19008.7
18.55 -18202.4
18.56 -19042.9
18.57 -20650.7
18.58 -22458.9
18.59 -24902.9
18.6 -27937.7
18.61 -30838
18.62 -32520.6
18.63 -33477.1
18.64 -33886.3
18.65 -33461.1
18.66 -31878.5
18.67 -29508
18.68 -26196.7
18.69 -22324.1
18.7 -18069.2
18.71 -13374.8
18.72 -8207.97
18.73 -2668.53
18.74 3305.11
18.75 8847.39
18.76 13776.2
18.77 18270.1
18.78 22240.7
18.79 24576.1
18.8 24477.3
18.81 22288.8
18.82 18844.3
18.83 13361.1
18.84 5181.96
18.85 -5150.32
18.86 -16354.6
18.87 -28412.8
18.88 -41370.3
18.89 -54999.7
18.9 -68410.4
18.91 -80657.1
18.92 -91349.6
18.93 -100888
18.94 -108421
18.95 -113191
18.96 -115093
18.97 -114545
18.98 -111356
18.99 -105975
19 -98867.9
19.01 -90593
19.02 -81306.9
19.03 -71782.9
19.04 -62477.5
19.05 -53655
19.06 -44702
19.07 -35620.5
19.08 -27576.1
19.09 -20771.2
19.1 -14452.3
19.11 -8902.44
19.12 -5090.88
19.13 -3723.04
19.14 -3731.98
19.15 -4411.16
19.16 -5750.43
19.17 -8043.86
19.18 -10369.9
19.19 -11736.3
19.2 -11720.6
19.21 -11121.5
19.22 -9952.07
19.23 -7978.8
19.24 -5040.33
19.25 -1807.35
19.26 1444.5
19.27 4518.89
19.28 7216.62
19.29 9600.95
19.3 12013.5
19.31 13841.2
19.32 14814.3
19.33 15534
19.34 16982.3
19.35 18984.6
19.36 21011.4
19.37 23318
19.38 27356.2
19.39 32593.6
19.4 38174.9
19.41 44001.4
19.42 50802.6
19.43 58276.5
19.44 65824.2
19.45 73474.1
19.46 81772
19.47 90577.6
19.48 99600.5
19.49 108890
19.5 118601
19.51 128038
19.52 136653
19.53 144054
19.54 150024
19.55 154104
19.56 156013
19.57 155502
19.58 153542
19.59 150706
19.6 147218
19.61 143546
19.62 140449
19.63 138107
19.64 136132
19.65 134047
19.66 131892
19.67 128697
19.68 124093
19.69 118015
19.7 110565
19.71 101812
19.72 92042.1
19.73 81264.6
19.74 70454.1
19.75 59981.9
19.76 49936.7
19.77 40143.2
19.78 31147.2
19.79 23521.8
19.8 17056.9
19.81 11391.1
19.82 6974.66
19.83 3156.14
19.84 -69.9592
19.85 -2752.45
19.86 -5306.42
19.87 -8761.22
19.88 -12947.9
19.89 -17440.8
19.9 -22163.3
19.91 -27527.3
19.92 -33616.1
19.93 -40200
19.94 -46061.6
19.95 -51447.1
19.96 -57175.1
19.97 -63226.5
19.98 -68830.7
19.99 -73837.6
20 -78522.1
20.01 -83688.6
20.02 -89222.7
20.03 -94612.2
20.04 -99274.2
20.05 -104027
20.06 -109412
20.07 -115173
20.08 -120588
20.09 -125608
20.1 -131089
20.11 -137381
20.12 -143487
20.13 -148552
20.14 -152409
20.15 -155442
20.16 -156983
20.17 -155952
20.18 -152237
20.19 -146681
20.2 -139643
20.21 -131221
20.22 -121924
20.23 -112626
20.24 -103496
20.25 -94745.4
20.26 -86357.3
20.27 -78260.2
20.28 -70098.6
20.29 -61648
20.3 -52521.3
20.31 -42955.4
20.32 -33034.7
20.33 -22786.2
20.34 -12092.2
20.35 -1377.69
20.36 9065.81
20.37 19275.4
20.38 29520.4
20.39 39715.3
20.4 49936.3
20.41 60190.1
20.42 70450.5
20.43 80375.3
20.44 90283
20.45 100126
20.46 109415
20.47 117591
20.48 125017
20.49 132401
20.5 139866
20.51 146358
20.52 152189
20.53 158588
20.54 165638
20.55 172169
20.56 177640
20.57 182785
20.58 187600
20.59 191251
20.6 193439
20.61 194141
20.62 193978
20.63 192938
20.64 191207
20.65 188875
20.66 186275
20.67 183628
20.68 181259
20.69 179062
20.7 177206
20.71 175604
20.72 174366
20.73 173410
20.74 173031
20.75 172915
20.76 172797
20.77 172499
20.78 172285
20.79 171945
20.8 171240
20.81 169905
20.82 168099
20.83 165923
20.84 163477
20.85 160513
20.86 156829
20.87 152572
20.88 147808
20.89 142304
20.9 135774
20.91 128029
20.92 119052
20.93 108856
20.94 97512
20.95 84982.9
20.96 71708.3
20.97 57782.6
20.98 43786.7
20.99 30280.8
21 17493.8
21.01 5358.77
21.02 -5827.83
21.03 -15840.3
21.04 -24695.3
21.05 -32833.3
21.06 -40101
21.07 -46469.1
21.08 -51879.4
21.09 -56410.8
21.1 -59802.1
21.11 -61665.1
21.12 -62474.1
21.13 -62436.7
21.14 -60806
21.15 -57710.4
21.16 -53923
21.17 -49837.7
21.18 -45182.2
21.19 -39964.2
21.2 -34806.8
21.21 -30595.8
21.22 -27370.4
21.23 -24936.1
21.24 -23450.4
21.25 -23354.5
21.26 -24360
21.27 -26226.2
21.28 -28553.3
21.29 -30875.7
21.3 -32607.5
21.31 -33919
21.32 -34946.9
21.33 -34825.5
21.34 -33309.7
21.35 -31342.9
21.36 -29511.9
21.37 -27576.1
21.38 -25280.3
21.39 -22963.5
21.4 -21104.4
21.41 -19381.5
21.42 -17342.2
21.43 -14868.2
21.44 -11902.1
21.45 -8412.08
21.46 -4301.77
21.47 208.102
21.48 5043.84
21.49 10242.8
21.5 15627.4
21.51 20479.3
21.52 24749.5
21.53 28486.7
21.54 31783.2
21.55 34106.7
21.56 35062.1
21.57 35063.1
21.58 34337.6
21.59 32986.6
21.6 30878.9
21.61 27998.7
21.62 25052.6
21.63 22437.3
21.64 20256.6
21.65 18153.2
21.66 16686.4
21.67 16154.9
21.68 16185.1
21.69 16438.3
21.7 17001
21.71 17704.4
21.72 18059.6
21.73 17883.6
21.74 17411.4
21.75 16448.3
21.76 14959.8
21.77 12762.7
21.78 10217.8
21.79 7546.99
21.8 4577.48
21.81 1114.67
21.82 -2759.12
21.83 -6849.11
21.84 -10961.9
21.85 -15481
21.86 -20459.5
21.87 -25382.5
21.88 -30160.4
21.89 -34787.4
21.9 -39048.3
21.91 -42977.6
21.92 -46188.8
21.93 -48741.9
21.94 -50602.4
21.95 -51871
21.96 -52862.3
21.97 -53603.4
21.98 -54123.3
21.99 -54672.9
22 -55677.5
22.01 -57154.4
22.02 -59045.9
22.03 -61401.1
22.04 -64159.3
22.05 -67396.8
22.06 -70979.7
22.07 -74649.7
22.08 -78323.2
22.09 -82207.7
22.1 -86154.7
22.11 -90033
22.12 -93732.9
22.13 -97463.4
22.14 -101206
22.15 -104725
22.16 -107918
22.17 -110971
22.18 -113837
22.19 -116437
22.2 -118537
22.21 -120210
22.22 -121389
22.23 -121977
22.24 -121817
22.25 -120700
22.26 -118468
22.27 -115128
22.28 -110860
22.29 -105604
22.3 -99257.6
22.31 -92192
22.32 -84901.9
22.33 -77654
22.34 -70488.9
22.35 -63506.1
22.36 -56907.6
22.37 -50955.8
22.38 -45414.4
22.39 -40051.2
22.4 -34666
22.41 -29232.8
22.42 -23696.9
22.43 -18075.6
22.44 -12152.7
22.45 -5941.34
22.46 412.861
22.47 6507.51
22.48 12104.6
22.49 17417.5
22.5 22250.1
22.51 26365.7
22.52 29489
22.53 31834.8
22.54 33635.1
22.55 34917.4
22.56 35815.8
22.57 36384.9
22.58 36663.9
22.59 36876
22.6 37377.6
22.61 38043.1
22.62 38565.5
22.63 38879.7
22.64 39431.4
22.65 40233.6
22.66 40881
22.67 41005.9
22.68 40852.1
22.69 40800.2
22.7 40514.2
22.71 39782.2
22.72 38588.4
22.73 37150.4
22.74 35654.3
22.75 34000.6
22.76 32153.3
22.77 30217.6
22.78 28314.8
22.79 26674.1
22.8 25393.6
22.81 24378
22.82 23490.6
22.83 22748.5
22.84 22189.2
22.85 21635.5
22.86 20836.4
22.87 19454.5
22.88 17603.8
22.89 15454.3
22.9 12924.1
22.91 9988.45
22.92 6869.61
22.93 3694.46
22.94 451.485
22.95 -2697.76
22.96 -5522.55
22.97 -8446.76
22.98 -11750.1
22.99 -15138.4
23 -18626
23.01 -22664.2
23.02 -27348.1
23.03 -33007.9
23.04 -39414.2
23.05 -46146
23.06 -53410.7
23.07 -61397.2
23.08 -69827.1
23.09 -77983.7
23.1 -85496.3
23.11 -92373.5
23.12 -98600.7
23.13 -103917
23.14 -107628
23.15 -109580
23.16 -110255
23.17 -109902
23.18 -108533
23.19 -105907
23.2 -102195
23.21 -98077.1
23.22 -94066
23.23 -90040.8
23.24 -85558.6
23.25 -81210.2
23.26 -77718.6
23.27 -75083.7
23.28 -73052.2
23.29 -71605.4
23.3 -71027.4
23.31 -71550.4
23.32 -72997.1
23.33 -75016.9
23.34 -77286.8
23.35 -79848.3
23.36 -82659.5
23.37 -85368.3
23.38 -87524.8
23.39 -88857.6
23.4 -89557
23.41 -89507.6
23.42 -88520.5
23.43 -86742.9
23.44 -84275.7
23.45 -81314
23.46 -77876.5
23.47 -74047.1
23.48 -69980.5
23.49 -65824
23.5 -61215.9
23.51 -56085.9
23.52 -50901.5
23.53 -45917
23.54 -40815.3
23.55 -35439.7
23.56 -30276.5
23.57 -25718.2
23.58 -21769.6
23.59 -17855.5
23.6 -13878.1
23.61 -10045.4
23.62 -6648.97
23.63 -3233.29
23.64 881.948
23.65 5622.92
23.66 10452.9
23.67 15264.9
23.68 20558.8
23.69 26518.9
23.7 32620
23.71 38260.2
23.72 43694.5
23.73 48934
23.74 53862.9
23.75 58143.6
23.76 61327.3
23.77 63795.8
23.78 65386.1
23.79 66086.5
23.8 65865.3
23.81 64661.9
23.82 62760.4
23.83 60276.4
23.84 57468.1
23.85 54504.4
23.86 51611.9
23.87 49035.9
23.88 46835.7
23.89 45334.5
23.9 44607.4
23.91 44554.9
23.92 45070.3
23.93 45891.1
23.94 47014.5
23.95 48281.7
23.96 49301.8
23.97 49649.4
23.98 49255.4
23.99 48249.4
24 46579.7
24.01 44112.3
24.02 40737.7
24.03 36790.7
24.04 32635
24.05 28175.6
24.06 23345.2
24.07 18249.3
24.08 13150.6
24.09 8229.9
24.1 3286.95
24.11 -1455.8
24.12 -5761.54
24.13 -9707.85
24.14 -13352.1
24.15 -16424.5
24.16 -19024.1
24.17 -21461
24.18 -24101.2
24.19 -26676.2
24.2 -29154.2
24.21 -31912.8
24.22 -35103.2
24.23 -38491.6
24.24 -41702.9
24.25 -44635.8
24.26 -47408.5
24.27 -49850.6
24.28 -51888.4
24.29 -53327
24.3 -54329.4
24.31 -55110.3
24.32 -55917.7
24.33 -56741.3
24.34 -57591.3
24.35 -58632
24.36 -60021.8
24.37 -61567.6
24.38 -63241.8
24.39 -65013.9
24.4 -66540.7
24.41 -67610.2
24.42 -68315.9
24.43 -68594.4
24.44 -68083.7
24.45 -66729.1
24.46 -64728.3
24.47 -62229.8
24.48 -59334.7
24.49 -56155.9
24.5 -52830.4
24.51 -49457.9
24.52 -46435.3
24.53 -43944.5
24.54 -42056.2
24.55 -40663.8
24.56 -39848.4
24.57 -40019.3
24.58 -41371.3
24.59 -43516.3
24.6 -46098.1
24.61 -49279.5
24.62 -53171.1
24.63 -57390.8
24.64 -61199.8
24.65 -64200
24.66 -66415.7
24.67 -67874
24.68 -68142.4
24.69 -66807
24.7 -64094.2
24.71 -60312.8
24.72 -55804.9
24.73 -50652.8
24.74 -44917.6
24.75 -38875.1
24.76 -33008.6
24.77 -27592.6
24.78 -22662.1
24.79 -17861.2
24.8 -13214.8
24.81 -9111.09
24.82 -5522.96
24.83 -2057.66
24.84 1450.4
24.85 4547.46
24.86 6764.79
24.87 8546.41
24.88 9781.26
24.89 10092.9
24.9 9468.44
24.91 8180.33
24.92 6465.13
24.93 4455.55
24.94 2333.35
24.95 348.052
24.96 -1232.08
24.97 -2176.28
24.98 -2771.45
24.99 -3021.91
25 -2794.99
25.01 -1966.68
25.02 -953.744
25.03 -190.226
25.04 431.991
25.05 1186.85
25.06 1862.36
25.07 1913.45
25.08 1348.78
25.09 540.367
25.1 -533.375
25.11 -1990.65
25.12 -4106.82
25.13 -6612.17
25.14 -9255.71
25.15 -11823.9
25.16 -14299.5
25.17 -16646.2
25.18 -18529.5
25.19 -19821
25.2 -20216.3
25.21 -19646.3
25.22 -18423.8
25.23 -16546.1
25.24 -14007.4
25.25 -10667.9
25.26 -6798.89
25.27 -2987.31
25.28 481.187
25.29 4111.17
25.3 7738.12
25.31 10694.3
25.32 12910.4
25.33 14624.3
25.34 15938.2
25.35 16892.6
25.36 17334.5
25.37 17346.1
25.38 17220.1
25.39 17109.4
25.4 16930.3
25.41 16920.7
25.42 16851.5
25.43 16767.3
25.44 16792
25.45 17080.1
25.46 17546.3
25.47 18061
25.48 18599.6
25.49 19535.5
25.5 20900.4
25.51 22473.7
25.52 24253.8
25.53 26196
25.54 28336.3
25.55 30952.9
25.56 33943.3
25.57 36906.6
25.58 39828.2
25.59 43305.5
25.6 47233.4
25.61 51199.7
25.62 55054.3
25.63 59067
25.64 63205.8
25.65 67162.3
25.66 70610.4
25.67 73498.2
25.68 75727.7
25.69 77398.2
25.7 78416.1
25.71 78745.3
25.72 78469.5
25.73 77806.2
25.74 76849.4
25.75 75682.6
25.76 74360.7
25.77 72967.2
25.78 71236.9
25.79 69254.9
25.8 67312.5
25.81 65184.7
25.82 62672.6
25.83 59738.8
25.84 56762.4
25.85 53990.2
25.86 51153.8
25.87 48223.2
25.88 45460.7
25.89 43221.1
25.9 41455.4
25.91 40051.1
25.92 38968
25.93 38358.7
25.94 38475.8
25.95 39062.5
25.96 39944.3
25.97 41202
25.98 42658.2
25.99 44209.1
26 45697.5
26.01 47085.8
26.02 48058.4
26.03 48482.4
26.04 48572.8
26.05 48282
26.06 47589.7
26.07 46428.3
26.08 44783.3
26.09 42904.2
26.1 40893.4
26.11 38520.2
26.12 35613
26.13 32445.9
26.14 28982.8
26.15 25303
26.16 21507.7
26.17 17629.8
26.18 13717.2
26.19 10202.4
26.2 7171.97
26.21 4578.35
26.22 2336.5
26.23 371.484
26.24 -1172.5
26.25 -2293.98
26.26 -3483.21
26.27 -4895.89
26.28 -6442.62
26.29 -8100.3
26.3 -10082.3
26.31 -12404.5
26.32 -15126
26.33 -18091
26.34 -21083.1
26.35 -24053.4
26.36 -27099.9
26.37 -29977.3
26.38 -32413.2
26.39 -34377.1
26.4 -35936.9
26.41 -36812.9
26.42 -36950.1
26.43 -36475.6
26.44 -35575.2
26.45 -34107.8
26.46 -32094.9
26.47 -29933.1
26.48 -28020.4
26.49 -25966.1
26.5 -23802
26.51 -21845.1
26.52 -20118.8
26.53 -18334.5
26.54 -16397.2
26.55 -14227.5
26.56 -11901.9
26.57 -9429.16
26.58 -6804.87
26.59 -4049.29
26.6 -1447.94
26.61 779.959
26.62 2722.35
26.63 4087.94
26.64 4876.71
26.65 5469.32
26.66 5688.41
26.67 5730.08
26.68 6022.57
26.69 6658.18
26.7 7586.42
26.71 9058.18
26.72 11177.3
26.73 13873
26.74 16735.8
26.75 19876.7
26.76 23347.6
26.77 26929.3
26.78 30176.1
26.79 33079.4
26.8 35855.4
26.81 38521.4
26.82 40866.9
26.83 42809.5
26.84 44629.2
26.85 46716.5
26.86 48849.4
26.87 51013.5
26.88 53438
26.89 56108.4
26.9 58938.2
26.91 61986.5
26.92 65074.5
26.93 67955.5
26.94 70449.4
26.95 72636.2
26.96 74435.9
26.97 75570
26.98 75891.4
26.99 75652.3
27 74919.3
27.01 73787.3
27.02 72347.5
27.03 70646
27.04 68731.9
27.05 66964.5
27.06 65326.6
27.07 63648
27.08 61779
27.09 59695.3
27.1 57392.5
27.11 54990.6
27.12 52047
27.13 48415
27.14 44306.6
27.15 40025
27.16 35434.9
27.17 30461.7
27.18 25294.6
27.19 20301.7
27.2 15595.7
27.21 11458.2
27.22 7909.7
27.23 4793.21
27.24 2385.81
27.25 1003.46
27.26 200.695
27.27 -303.607
27.28 -650.717
27.29 -778.609
27.3 -834.351
27.31 -1220.24
27.32 -2169.83
27.33 -3592.23
27.34 -5478.67
27.35 -7852.11
27.36 -10705.2
27.37 -13932.4
27.38 -17419.6
27.39 -20961.9
27.4 -24423.4
27.41 -27688.5
27.42 -30787.4
27.43 -33682.2
27.44 -36282
27.45 -38397.7
27.46 -40145.9
27.47 -41559.7
27.48 -42510.6
27.49 -42861.6
27.5 -42690.6
27.51 -42059.5
27.52 -41030.4
27.53 -39532.7
27.54 -37919.8
27.55 -36347.5
27.56 -34774.2
27.57 -33274.8
27.58 -32188.4
27.59 -31506.4
27.6 -31227.5
27.61 -30996.8
27.62 -30869.2
27.63 -30994.7
27.64 -31203.1
27.65 -31144.1
27.66 -30803.1
27.67 -30105.3
27.68 -29499.2
27.69 -28837.6
27.7 -27882.8
27.71 -26653.5
27.72 -25559.4
27.73 -24689.8
27.74 -23922.4
27.75 -22911
27.76 -21885.1
27.77 -21053.8
27.78 -20424.4
27.79 -19732.9
27.8 -18942.1
27.81 -18105.2
27.82 -17412.7
27.83 -16727.6
27.84 -15822.3
27.85 -14571.2
27.86 -13069.6
27.87 -11209.5
27.88 -8985.3
27.89 -6283.18
27.9 -3182.66
27.91 300.196
27.92 3989.22
27.93 7806.31
27.94 11568.1
27.95 15370.8
27.96 19270.6
27.97 23261.3
27.98 26940.3
27.99 30548.3
28 34376.2
28.01 38282.5
28.02 41736.3
28.03 44745.9
28.04 47409.3
28.05 49664.1
28.06 51203.3
28.07 51898.2
28.08 51926.2
28.09 51513.8
28.1 50630.5
28.11 49507.3
28.12 48225
28.13 46983.9
28.14 45741.1
28.15 44653.7
28.16 43830
28.17 43182
28.18 42422.9
28.19 41669.5
28.2 41188.6
28.21 40951.4
28.22 40467.7
28.23 39963.9
28.24 39629
28.25 39455.6
28.26 39087.7
28.27 38470.6
28.28 37666.2
28.29 36726.5
28.3 35400.8
28.31 33758.2
28.32 31928.8
28.33 30009.1
28.34 27943.2
28.35 26057.1
28.36 24441.6
28.37 23027.8
28.38 21690.3
28.39 20597.8
28.4 19558.6
28.41 18456.2
28.42 16948.6
28.43 15044.9
28.44 12711.8
28.45 9861.65
28.46 6304.27
28.47 2334.05
28.48 -1978.06
28.49 -6496.23
28.5 -11150.9
28.51 -15711.1
28.52 -19990.5
28.53 -23626.9
28.54 -26818.9
28.55 -29697.6
28.56 -31675.9
28.57 -32605.2
28.58 -33052.1
28.59 -33116
28.6 -32616.7
28.61 -31408.6
28.62 -30139.2
28.63 -29014.8
28.64 -28100.3
28.65 -27258.9
28.66 -26695.3
28.67 -26294.3
28.68 -26110.5
28.69 -25968.3
28.7 -25619.5
28.71 -24826.2
28.72 -23499.1
28.73 -21722
28.74 -19519.5
28.75 -16725.8
28.76 -13413.3
28.77 -9712.04
28.78 -6089.39
28.79 -2523.99
28.8 903.151
28.81 4255.25
28.82 7269.65
28.83 9814.92
28.84 11840.4
28.85 13607
28.86 15244.3
28.87 16743.5
28.88 17833.5
28.89 18867.5
28.9 20014.1
28.91 21430.4
28.92 22946.2
28.93 24329.1
28.94 25665.6
28.95 27232.6
28.96 28859.6
28.97 30321.7
28.98 31493.3
28.99 32587.7
29 33769.3
29.01 34984.6
29.02 36041.7
29.03 37057.4
29.04 38004.2
29.05 39127.2
29.06 40273.4
29.07 41328.8
29.08 42234.3
29.09 43092.2
29.1 43814.5
29.11 44584.1
29.12 45171.9
29.13 45492.7
29.14 45677.6
29.15 45924.3
29.16 46072.6
29.17 46188.9
29.18 46059.8
29.19 45812
29.2 45558.3
29.21 45341.7
29.22 44820.7
29.23 44083.1
29.24 43179.5
29.25 42084.1
29.26 40799.7
29.27 39232.7
29.28 37200.2
29.29 34943.1
29.3 32438.3
29.31 29924.2
29.32 27196
29.33 24390.9
29.34 21549.5
29.35 18933.1
29.36 16524.7
29.37 14061
29.38 11360.3
29.39 8489.04
29.4 5368.05
29.41 1929.66
29.42 -1984.65
29.43 -6412.2
29.44 -11139.5
29.45 -15898.1
29.46 -20696.5
29.47 -25345.6
29.48 -29885.8
29.49 -34021.2
29.5 -37695.4
29.51 -40790.1
29.52 -43546
29.53 -45888
29.54 -47813.1
29.55 -49240.5
29.56 -50347.6
29.57 -51217.9
29.58 -52046
29.59 -52735.3
29.6 -53274.3
29.61 -53670.2
29.62 -54036.7
29.63 -54211.1
29.64 -54039
29.65 -53223.3
29.66 -51826.2
29.67 -49896.6
29.68 -47439
29.69 -44320.7
29.7 -40990.5
29.71 -37725.1
29.72 -34739.6
29.73 -32207.1
29.74 -30511.2
29.75 -29630.4
29.76 -29518.6
29.77 -29947.9
29.78 -30990.4
29.79 -32337.6
29.8 -33569.7
29.81 -34482
29.82 -35212.8
29.83 -35590.6
29.84 -35484.1
29.85 -34770.8
29.86 -33821.2
29.87 -32547.5
29.88 -30902.1
29.89 -28923.9
29.9 -26940.5
29.91 -24760
29.92 -22450.3
29.93 -20128.2
29.94 -17920.9
29.95 -15633.6
29.96 -13306.8
29.97 -10903.2
29.98 -8432.85
29.99 -5722.84
30 -2900.17
30.01 167.726
30.02 3454.79
30.03 6914.77
30.04 10283.7
30.05 13655.1
30.06 16966.9
30.07 20184.4
30.08 23076.8
30.09 25749.2
30.1 28221.8
30.11 30563.6
30.12 32718.3
30.13 34746.4
30.14 36541.2
30.15 38183.3
30.16 39648.1
30.17 40971.8
30.18 41960.9
30.19 42729.4
30.2 43208
30.21 43551
30.22 43791.6
30.23 43944.1
30.24 43929.4
30.25 43908.7
30.26 43831.7
30.27 43883
30.28 43821.8
30.29 43560
30.3 43177
30.31 42991.6
30.32 42784.4
30.33 42513.8
30.34 42116.3
30.35 41835.5
30.36 41560.5
30.37 41239.3
30.38 40553.3
30.39 39656.9
30.4 38607.7
30.41 37440.3
30.42 36100.1
30.43 34696.6
30.44 33268.8
30.45 31981.2
30.46 30712.7
30.47 29557
30.48 28274.8
30.49 26778.3
30.5 24978
30.51 22882.7
30.52 20388.7
30.53 17472.9
30.54 13942.2
30.55 10040.4
30.56 6030.2
30.57 1895.76
30.58 -2524.26
30.59 -6912.46
30.6 -11085.6
30.61 -14858.9
30.62 -18437
30.63 -21704.5
30.64 -24645.4
30.65 -27135.5
30.66 -29352.2
30.67 -31296.7
30.68 -33124.9
30.69 -34794.7
30.7 -36350.8
30.71 -37736.9
30.72 -39103
30.73 -40336.6
30.74 -41489.4
30.75 -42567.3
30.76 -43542.8
30.77 -44262.6
30.78 -44914
30.79 -45650
30.8 -46440.3
30.81 -46958.9
30.82 -47523.2
30.83 -48277.2
30.84 -49140.3
30.85 -49890.3
30.86 -50648.4
30.87 -51351.1
30.88 -52034.5
30.89 -52567.3
30.9 -52871.7
30.91 -52768.9
30.92 -52418.9
30.93 -51765.4
30.94 -50820.1
30.95 -49509.4
30.96 -47929.9
30.97 -46126.4
30.98 -44238.7
30.99 -42197.7
31 -40170.6
31.01 -38125.7
31.02 -36179.9
31.03 -34341.8
31.04 -32847.9
31.05 -31610.3
31.06 -30656.4
31.07 -29895.4
31.08 -29429.6
31.09 -29175.4
31.1 -29092.5
31.11 -28795.9
31.12 -28229.2
31.13 -27509.4
31.14 -26591.8
31.15 -25146.1
31.16 -23204.1
31.17 -20875.3
31.18 -18348.8
31.19 -15640.4
31.2 -12721.3
31.21 -9626.12
31.22 -6638.98
31.23 -3875.27
31.24 -1382.59
31.25 1010.62
31.26 3106.77
31.27 4778.96
31.28 6006.99
31.29 6965.3
31.3 7564.49
31.31 7844.93
31.32 7849.87
31.33 7668.71
31.34 7250.99
31.35 6870.67
31.36 6507.58
31.37 6166.04
31.38 5817.22
31.39 5621.18
31.4 5527.45
31.41 5524.49
31.42 5472.45
31.43 5606.35
31.44 5793.54
31.45 5977.78
31.46 6179.25
31.47 6569.54
31.48 6925.15
31.49 7171.09
31.5 7360.72
31.51 7563.24
31.52 7581.1
31.53 7425.85
31.54 7085.94
31.55 6665.2
31.56 6092.99
31.57 5434.18
31.58 4661.41
31.59 3914.53
31.6 3069.56
31.61 2259.15
31.62 1500.64
31.63 871.873
31.64 266.171
31.65 -265.996
31.66 -652.525
31.67 -811.223
31.68 -926.653
31.69 -1027.65
31.7 -1122.87
31.71 -1112.82
31.72 -1164.76
31.73 -1421.43
31.74 -1926.11
31.75 -2523.04
31.76 -3405.44
31.77 -4635.32
31.78 -6209.75
31.79 -7984.55
31.8 -10079.4
31.81 -12440.8
31.82 -15012.6
31.83 -17562.7
31.84 -20137
31.85 -22789
31.86 -25348.4
31.87 -27542.7
31.88 -29608.4
31.89 -31525.2
31.9 -33197.9
31.91 -34547.3
31.92 -35632.4
31.93 -36379.7
31.94 -36893
31.95 -37071.3
31.96 -36986.8
31.97 -36575.9
31.98 -35946.9
31.99 -35216.6
32 -34536.3
32.01 -33825.3
32.02 -33209.1
32.03 -32715.1
32.04 -32561
32.05 -32708.5
32.06 -33020.9
32.07 -33414.7
32.08 -34051.2
32.09 -34733
32.1 -35467.2
32.11 -35975.4
32.12 -36305.2
32.13 -36445.1
32.14 -36475.7
32.15 -36345.2
32.16 -36050.6
32.17 -35671.4
32.18 -35389.2
32.19 -35153.5
32.2 -35088.5
32.21 -35048.4
32.22 -35017.4
32.23 -35027.3
32.24 -35096.7
32.25 -35052.6
32.26 -34847.5
32.27 -34419.4
32.28 -33997.6
32.29 -33476.8
32.3 -32887.3
32.31 -32235
32.32 -31726.1
32.33 -31320.2
32.34 -30984.3
32.35 -30784.6
32.36 -30758.8
32.37 -30714.9
32.38 -30637.2
32.39 -30462.2
32.4 -30329.7
32.41 -29993.3
32.42 -29298.7
32.43 -28413.2
32.44 -27534.3
32.45 -26490.6
32.46 -25280.6
32.47 -23969.4
32.48 -22846.9
32.49 -21910.3
32.5 -21101.9
32.51 -20395.8
32.52 -20048.9
32.53 -20037.9
32.54 -20252
32.55 -20672.2
32.56 -21434.3
32.57 -22422.6
32.58 -23635.8
32.59 -25014.6
32.6 -26678.6
32.61 -28528.2
32.62 -30550.4
32.63 -32656.9
32.64 -34932.7
32.65 -37305.6
32.66 -39691.8
32.67 -42026.2
32.68 -44245.2
32.69 -46223.2
32.7 -48000.5
32.71 -49403.9
32.72 -50237.2
32.73 -50377.7
32.74 -50010.1
32.75 -48972.8
32.76 -47286.2
32.77 -44941.6
32.78 -42269.5
32.79 -39381.1
32.8 -36482.7
32.81 -33728.9
32.82 -31304.3
32.83 -29243.9
32.84 -27716.4
32.85 -26641.1
32.86 -25957.7
32.87 -25431.1
32.88 -25038.2
32.89 -24626.3
32.9 -24162.2
32.91 -23530.7
32.92 -22712.9
32.93 -21665.7
32.94 -20581
32.95 -19516.5
32.96 -18502.6
32.97 -17389.3
32.98 -16374.3
32.99 -15479.3
33 -14746.1
33.01 -14029.2
33.02 -13321.5
33.03 -12588.3
33.04 -12020
33.05 -11505.8
33.06 -10937.3
33.07 -10271.5
33.08 -9662.7
33.09 -9110.88
33.1 -8587.26
33.11 -8029.88
33.12 -7561.34
33.13 -7154.28
33.14 -6902.46
33.15 -6766.95
33.16 -6710.28
33.17 -6644.49
33.18 -6579.68
33.19 -6436.55
33.2 -6206.46
33.21 -5771.19
33.22 -5065.87
33.23 -4015.59
33.24 -2790.55
33.25 -1448.52
33.26 102.689
33.27 1881.71
33.28 3611.58
33.29 5179.71
33.3 6590.3
33.31 7892.29
33.32 8968.8
33.33 9767.83
33.34 10250.4
33.35 10576.5
33.36 10684.2
33.37 10641.2
33.38 10470.5
33.39 10264.5
33.4 9912.18
33.41 9513.02
33.42 9214.12
33.43 9016.97
33.44 8724.02
33.45 8355.52
33.46 8070.75
33.47 7937.1
33.48 7732.53
33.49 7465.68
33.5 7179.83
33.51 6984.57
33.52 6751.57
33.53 6522.67
33.54 6349.78
33.55 6302.12
33.56 6356.61
33.57 6602.66
33.58 6994.12
33.59 7503.57
33.6 8084.86
33.61 8743.73
33.62 9435.46
33.63 10124
33.64 10712.7
33.65 11277.9
33.66 11759.1
33.67 12163.5
33.68 12579
33.69 12989.7
33.7 13203.9
33.71 13409
33.72 13606.4
33.73 13724
33.74 13630.6
33.75 13366.6
33.76 12968.1
33.77 12484
33.78 11800.5
33.79 10952.2
33.8 9999.69
33.81 9018.02
33.82 7969.7
33.83 6921.11
33.84 5836.23
33.85 4746.82
33.86 3690.41
33.87 2717.5
33.88 1732.97
33.89 833.448
33.9 -17.0775
33.91 -746.48
33.92 -1441.25
33.93 -2006.2
33.94 -2447.07
33.95 -2794.13
33.96 -3106.49
33.97 -3245.71
33.98 -3237.74
33.99 -3089.79
34 -2901.36
34.01 -2571.52
34.02 -2077.21
34.03 -1427.1
34.04 -727.92
34.05 65.0135
34.06 879.574
34.07 1779.18
34.08 2647
34.09 3389.28
34.1 3935.34
34.11 4244.79
34.12 4283.01
34.13 4018.27
34.14 3366.96
34.15 2430.03
34.16 1191.66
34.17 -206.815
34.18 -1730.73
34.19 -3258.9
34.2 -4799.94
34.21 -6237
34.22 -7500.81
34.23 -8494.72
34.24 -9251.86
34.25 -9760.66
34.26 -9954.79
34.27 -9772.23
34.28 -9282.2
34.29 -8473.18
34.3 -7444.69
34.31 -6215.52
34.32 -4808.78
34.33 -3305.26
34.34 -1895.35
34.35 -491.143
34.36 856.846
34.37 2064.94
34.38 3097.04
34.39 4103.09
34.4 5006.61
34.41 5800.38
34.42 6413.7
34.43 6897.02
34.44 7284.94
34.45 7581.77
34.46 7581.3
34.47 7299.38
34.48 6980.04
34.49 6656.63
34.5 6210.59
34.51 5709.68
34.52 5298.11
34.53 5125.83
34.54 5130.85
34.55 5298.75
34.56 5502.64
34.57 5720.88
34.58 6048.65
34.59 6710.87
34.6 7334.08
34.61 7634.21
34.62 7878.02
34.63 8557.21
34.64 9358.85
34.65 9765.3
34.66 9946.7
34.67 10593.7
34.68 11572.3
34.69 12439.7
34.7 13135.3
34.71 14097.6
34.72 15381.2
34.73 16725.2
34.74 17932.1
34.75 19121.4
34.76 20274.5
34.77 21424.4
34.78 22541
34.79 23605.3
34.8 24427.2
34.81 25097.4
34.82 25835
34.83 26694.9
34.84 27416.1
34.85 27969.7
34.86 28535.9
34.87 29377.3
34.88 30310.6
34.89 31157
34.9 31879
34.91 32730.5
34.92 33764.7
34.93 34779.7
34.94 35585.3
34.95 36318.4
34.96 37084.2
34.97 37881.3
34.98 38535.2
34.99 39100.7
35 39576.4
35.01 40047.3
35.02 40473
35.03 40908.3
35.04 41235.1
35.05 41394
35.06 41430
35.07 41537.6
35.08 41575.4
35.09 41338.8
35.1 40872.5
35.11 40495.1
35.12 40134.6
35.13 39564.5
35.14 38842.5
35.15 38202.3
35.16 37664
35.17 37046
35.18 36349.7
35.19 35785.6
35.2 35232.6
35.21 34601.4
35.22 33904.9
35.23 33272.8
35.24 32551
35.25 31686.1
35.26 30758.8
35.27 29832.6
35.28 28815.2
35.29 27819.1
35.3 26838.5
35.31 25859.1
35.32 24916.8
35.33 24128.6
35.34 23368.9
35.35 22551.3
35.36 21743.5
35.37 20902.2
35.38 19946.9
35.39 18924.9
35.4 17775.9
35.41 16400.3
35.42 14842.8
35.43 13324
35.44 11802.3
35.45 10097.2
35.46 8295.46
35.47 6715.66
35.48 5356.4
35.49 4059.07
35.5 2709.79
35.51 1635.89
35.52 886.401
35.53 221.975
35.54 -402.079
35.55 -772.349
35.56 -946.508
35.57 -1081.72
35.58 -1101.57
35.59 -879.167
35.6 -627.911
35.61 -440.093
35.62 -152.777
35.63 382.553
35.64 907.784
35.65 1358.03
35.66 1852.95
35.67 2486.28
35.68 3113.81
35.69 3662
35.7 4076.05
35.71 4373.25
35.72 4566.59
35.73 4660.38
35.74 4532.06
35.75 4187.4
35.76 3718.68
35.77 3260.02
35.78 2726.33
35.79 2237.32
35.8 1839.12
35.81 1534.62
35.82 1375.74
35.83 1500.91
35.84 1768.81
35.85 2103.01
35.86 2529.48
35.87 3162.11
35.88 3944.67
35.89 4767.55
35.9 5599.03
35.91 6540.04
35.92 7547.29
35.93 8636.65
35.94 9724.47
35.95 10784.8
35.96 11837.7
35.97 12929.5
35.98 14005.3
35.99 15076.5
36 16074.1
36.01 16967.7
36.02 17810.5
36.03 18725.3
36.04 19541.8
36.05 20229.8
36.06 20894
36.07 21630.4
36.08 22397
36.09 23172.1
36.1 23905.2
36.11 24668.4
36.12 25467.4
36.13 26323.7
36.14 27132.1
36.15 27854.9
36.16 28441.7
36.17 29012.1
36.18 29535.9
36.19 29914.8
36.2 30102.7
36.21 30229.5
36.22 30359.9
36.23 30530
36.24 30620.1
36.25 30643.3
36.26 30691.7
36.27 30778.3
36.28 30836.9
36.29 30844.3
36.3 30748.6
36.31 30662.3
36.32 30586.9
36.33 30489.1
36.34 30317.2
36.35 30094.1
36.36 29801.2
36.37 29471.6
36.38 29086.6
36.39 28639
36.4 28085.6
36.41 27550.5
36.42 27027.8
36.43 26522.1
36.44 25998.6
36.45 25444.5
36.46 24803.5
36.47 24101.8
36.48 23248.3
36.49 22221.7
36.5 20981.6
36.51 19549.7
36.52 17931.8
36.53 16237.8
36.54 14483.5
36.55 12689.2
36.56 10895.6
36.57 9249.65
36.58 7802.08
36.59 6565.93
36.6 5427.37
36.61 4504.73
36.62 3816.82
36.63 3267.06
36.64 2738.7
36.65 2205.83
36.66 1642.52
36.67 1002.68
36.68 209.926
36.69 -667.917
36.7 -1648.09
36.71 -2690.15
36.72 -3752.22
36.73 -4692.9
36.74 -5503.48
36.75 -6146.42
36.76 -6641.85
36.77 -6917.65
36.78 -6988.22
36.79 -6873.73
36.8 -6669.37
36.81 -6458.78
36.82 -6236.21
36.83 -5958.41
36.84 -5711.92
36.85 -5552.99
36.86 -5509.03
36.87 -5456.04
36.88 -5346.43
36.89 -5232.12
36.9 -5173.69
36.91 -5075.97
36.92 -4887.05
36.93 -4589.66
36.94 -4238.59
36.95 -3856.94
36.96 -3440.43
36.97 -2915.53
36.98 -2347.17
36.99 -1794.5
37 -1321.02
37.01 -890.71
37.02 -549.734
37.03 -273.606
37.04 -96.9523
37.05 11.9375
37.06 41.5206
37.07 104.265
37.08 246.308
37.09 499.363
37.1 814.386
37.11 1256.24
37.12 1860.95
37.13 2622.7
37.14 3470.78
37.15 4369.08
37.16 5287.28
37.17 6220.96
37.18 7126.82
37.19 7993.25
37.2 8740.89
37.21 9376.9
37.22 9918.53
37.23 10409
37.24 10793.5
37.25 11093.6
37.26 11310.8
37.27 11492.5
37.28 11630.2
37.29 11768.6
37.3 11839.8
37.31 11848.1
37.32 11799.5
37.33 11737
37.34 11631.9
37.35 11445.2
37.36 11153.9
37.37 10815.7
37.38 10442.2
37.39 10056.4
37.4 9577.59
37.41 9044.79
37.42 8489.73
37.43 7981.66
37.44 7511.98
37.45 7072.05
37.46 6654.7
37.47 6362.34
37.48 6226.71
37.49 6253.59
37.5 6350.68
37.51 6536.74
37.52 6847.78
37.53 7272.27
37.54 7712.11
37.55 8121.14
37.56 8484.9
37.57 8800.5
37.58 9050.59
37.59 9253.92
37.6 9347.02
37.61 9344.3
37.62 9271.72
37.63 9208.59
37.64 9110.22
37.65 8944.89
37.66 8705.39
37.67 8468.18
37.68 8221.73
37.69 7950.2
37.7 7603.13
37.71 7219.49
37.72 6786.33
37.73 6338.27
37.74 5878.24
37.75 5345.7
37.76 4723.4
37.77 4084.9
37.78 3417.29
37.79 2755.2
37.8 2025.15
37.81 1248.82
37.82 499.803
37.83 -159.851
37.84 -787.772
37.85 -1360.85
37.86 -1861.73
37.87 -2248.57
37.88 -2528.55
37.89 -2681.47
37.9 -2780.85
37.91 -2839.66
37.92 -2839.16
37.93 -2760.6
37.94 -2657.33
37.95 -2563.97
37.96 -2503.6
37.97 -2409.89
37.98 -2316.01
37.99 -2206.12
38 -2119.14
38.01 -2065.17
38.02 -2029.81
38.03 -1962.59
38.04 -1919.74
38.05 -1914.25
38.06 -1976.39
38.07 -2051.38
38.08 -2131.99
38.09 -2222.55
38.1 -2370.63
38.11 -2543.06
38.12 -2736.94
38.13 -2890.26
38.14 -3033.28
38.15 -3180.42
38.16 -3330.23
38.17 -3427.89
38.18 -3456.1
38.19 -3423.51
38.2 -3358.96
38.21 -3242.27
38.22 -3066.24
38.23 -2809.24
38.24 -2450.22
38.25 -2057.66
38.26 -1672.25
38.27 -1269.47
38.28 -862.329
38.29 -462.364
38.3 -108.524
38.31 196.294
38.32 441.986
38.33 650.173
38.34 846.802
38.35 1016
38.36 1108.75
38.37 1197.13
38.38 1321.52
38.39 1484.79
38.4 1630.71
38.41 1772.25
38.42 1919.49
38.43 2078.21
38.44 2216.66
38.45 2310.34
38.46 2313.09
38.47 2227.81
38.48 2074.68
38.49 1876.77
38.5 1563.45
38.51 1133.28
38.52 623.765
38.53 83.9457
38.54 -500.576
38.55 -1149.97
38.56 -1867.09
38.57 -2607.22
38.58 -3345.81
38.59 -4056.9
38.6 -4776.49
38.61 -5507.45
38.62 -6207.95
38.63 -6811.61
38.64 -7355.93
38.65 -7863.93
38.66 -8337.07
38.67 -8743.58
38.68 -9089.23
38.69 -9371.11
38.7 -9639.7
38.71 -9909.4
38.72 -10158.6
38.73 -10367
38.74 -10556.3
38.75 -10742.4
38.76 -10962.7
38.77 -11174
38.78 -11376.3
38.79 -11562.2
38.8 -11786.8
38.81 -12064.2
38.82 -12362.9
38.83 -12649.6
38.84 -12953.2
38.85 -13289.5
38.86 -13657
38.87 -14006.8
38.88 -14325.8
38.89 -14605.4
38.9 -14872.9
38.91 -15115.4
38.92 -15319.9
38.93 -15461.9
38.94 -15565.8
38.95 -15653.4
38.96 -15743.2
38.97 -15823.9
38.98 -15885.3
38.99 -15933.2
39 -16013.6
39.01 -16119.5
39.02 -16230.6
39.03 -16316.6
39.04 -16391.9
39.05 -16458
39.06 -16512
39.07 -16504.9
39.08 -16428
39.09 -16279.9
39.1 -16082.2
39.11 -15823.3
39.12 -15497.6
39.13 -15107.9
39.14 -14687.4
39.15 -14243.3
39.16 -13793
39.17 -13342.2
39.18 -12901
39.19 -12465.1
39.2 -12054.8
39.21 -11668.5
39.22 -11316.5
39.23 -10979.9
39.24 -10657.4
39.25 -10350.3
39.26 -10070.3
39.27 -9815.88
39.28 -9576.99
39.29 -9330.56
39.3 -9092.46
39.31 -8882.88
39.32 -8700.39
39.33 -8514.72
39.34 -8322.98
39.35 -8145.37
39.36 -8007.86
39.37 -7890.25
39.38 -7785.35
39.39 -7688.83
39.4 -7625.21
39.41 -7601.69
39.42 -7613.96
39.43 -7637.51
39.44 -7662.22
39.45 -7696.77
39.46 -7757.01
39.47 -7812.65
39.48 -7839.18
39.49 -7829.39
39.5 -7810.68
39.51 -7778.72
39.52 -7729.18
39.53 -7649.1
39.54 -7557.22
39.55 -7469.4
39.56 -7400.07
39.57 -7346.34
39.58 -7309.66
39.59 -7288.59
39.6 -7298.98
39.61 -7345.18
39.62 -7421.4
39.63 -7511.78
39.64 -7616.31
39.65 -7740.78
39.66 -7885.16
39.67 -8037.92
39.68 -8191.84
39.69 -8341.15
39.7 -8493.06
39.71 -8649
39.72 -8807.52
39.73 -8961.41
39.74 -9112.1
39.75 -9263.93
39.76 -9426.96
39.77 -9596.88
39.78 -9769.35
39.79 -9938.6
39.8 -10111.8
39.81 -10287.6
39.82 -10461.6
39.83 -10620.7
39.84 -10765.1
39.85 -10893.3
39.86 -11008.1
39.87 -11106.7
39.88 -11181.8
39.89 -11237.7
39.9 -11280.3
39.91 -11311
39.92 -11332.7
39.93 -11345.2
39.94 -11351.7
39.95 -11357.7
39.96 -11361.9
39.97 -11365.7
39.98 -11369.1
39.99 -11370.7
40 -11377.6
