0.01 -2133.42
0.02 -2218.21
0.03 -4075.95
0.04 -5092.84
0.05 -3867.21
0.06 -1218.62
0.07 1146.18
0.08 2459.03
0.09 3204.32
0.1 3983.41
0.11 4605.21
0.12 4453.07
0.13 3426.63
0.14 2159.48
0.15 1300.67
0.16 873.739
0.17 487.126
0.18 2.76334
0.19 -265.666
0.2 -17.3387
0.21 607.434
0.22 1221.56
0.23 1698.3
0.24 2300.78
0.25 3288.45
0.26 4568.57
0.27 5850.66
0.28 7046.9
0.29 8353.23
0.3 9915.88
0.31 11570.6
0.32 13007.9
0.33 14124.4
0.34 15070.1
0.35 15948
0.36 16603.7
0.37 16796.5
0.38 16506.1
0.39 15945.9
0.4 15274.4
0.41 14418.5
0.42 13250.4
0.43 11857.9
0.44 10515.2
0.45 9386.55
0.46 8373.45
0.47 7313.5
0.48 6242.44
0.49 5352.95
0.5 4709.78
0.51 4135.55
0.52 3443.45
0.53 2692.82
0.54 2112.35
0.55 1784.96
0.56 1533.63
0.57 1166.01
0.58 727.198
0.59 390.128
0.6 126.597
0.61 -376.663
0.62 -1411.61
0.63 -2959.71
0.64 -4811.29
0.65 -6917.18
0.66 -9463.99
0.67 -12533.5
0.68 -15812.5
0.69 -18778.8
0.7 -21147.9
0.71 -22985.1
0.72 -24341.4
0.73 -24946.2
0.74 -24440.9
0.75 -22885.6
0.76 -20843.4
0.77 -18884
0.78 -17153.4
0.79 -15592.3
0.8 -14500.9
0.81 -14608.7
0.82 -16457.2
0.83 -19875.2
0.84 -24294.3
0.85 -29530.4
0.86 -35949.3
0.87 -43712.1
0.88 -52087.9
0.89 -59874.4
0.9 -66503.4
0.91 -72355.4
0.92 -77701.8
0.93 -81578.3
0.94 -82250.3
0.95 -79017.6
0.96 -74996.2
0.97 -70556.4
0.98 -63165.9
0.99 -53178.6
1 -43323.6
1.01 -35802.4
1.02 -30373.1
1.03 -25263.1
1.04 -20775.9
1.05 -19480.4
1.06 -21354.1
1.07 -23251.4
1.08 -23154.2
1.09 -22608.1
1.1 -22276.4
1.11 -20329.7
1.12 -15912.8
1.13 -9876.25
1.14 -2853.68
1.15 5032.85
1.16 13349.5
1.17 21315.5
1.18 29177.8
1.19 36805
1.2 42899.7
1.21 46271.9
1.22 46888.2
1.23 45788.8
1.24 43798.3
1.25 39172.4
1.26 31293.4
1.27 22823.6
1.28 16439.7
1.29 11427
1.3 5199.08
1.31 -1222.63
1.32 -3860.69
1.33 -3706.25
1.34 -4392.12
1.35 -5045.45
1.36 -3017.95
1.37 1435.49
1.38 7187.33
1.39 13997.8
1.4 22200
1.41 31925.9
1.42 42349.5
1.43 52065.9
1.44 60534.9
1.45 67675.1
1.46 73843.6
1.47 78708.5
1.48 81761.7
1.49 84864.9
1.5 90048.8
1.51 95806.9
1.52 100532
1.53 106465
1.54 115462
1.55 123904
1.56 128105
1.57 129466
1.58 130836
1.59 130643
1.6 125054
1.61 114939
1.62 105090
1.63 97154.1
1.64 88414.2
1.65 77246.7
1.66 67124.2
1.67 60799.3
1.68 55705.7
1.69 49487.9
1.7 43627.2
1.71 39751.1
1.72 37332.8
1.73 35839.9
1.74 35607
1.75 35885.2
1.76 36448.7
1.77 38091.5
1.78 40557.9
1.79 41836.5
1.8 40452.7
1.81 37715.6
1.82 35569.3
1.83 32693
1.84 27064.9
1.85 19863.5
1.86 13685.5
1.87 8211.56
1.88 1179.03
1.89 -8729.26
1.9 -20062.7
1.91 -31141.9
1.92 -43748.3
1.93 -59443.2
1.94 -75166
1.95 -87727.3
1.96 -97342.7
1.97 -104951
1.98 -108651
1.99 -107096
2 -102373
2.01 -96079.5
2.02 -87717.2
2.03 -78602.7
2.04 -69075.1
2.05 -57782
2.06 -45315.8
2.07 -32503.4
2.08 -18591.5
2.09 -3738.21
2.1 10073.8
2.11 19922.5
2.12 23808.8
2.13 21173.1
2.14 11810.2
2.15 -5099.39
2.16 -29138.6
2.17 -57379.3
2.18 -86050.3
2.19 -112742
2.2 -135901
2.21 -154477
2.22 -167644
2.23 -174621
2.24 -175189
2.25 -170758
2.26 -163733
2.27 -154336
2.28 -140182
2.29 -122215
2.3 -104499
2.31 -88276.9
2.32 -71738.3
2.33 -54498.3
2.34 -38562.7
2.35 -26264.2
2.36 -16669.7
2.37 -6575.72
2.38 4585.01
2.39 14842.1
2.4 23907
2.41 33077.6
2.42 43117
2.43 53799.9
2.44 63954.3
2.45 72343.1
2.46 79684.3
2.47 87259
2.48 95151.6
2.49 101993
2.5 106075
2.51 107183
2.52 106021
2.53 101484
2.54 91038.4
2.55 73252.5
2.56 49345.8
2.57 22237.6
2.58 -5708.28
2.59 -34380.3
2.6 -62710.1
2.61 -85520.9
2.62 -98466
2.63 -102841
2.64 -100941
2.65 -92650.6
2.66 -77372.3
2.67 -56740.5
2.68 -34854
2.69 -15042.5
2.7 2375.72
2.71 17856.7
2.72 30520.6
2.73 38716.7
2.74 42394.7
2.75 43370.6
2.76 43296
2.77 42433.3
2.78 40740.8
2.79 38443.3
2.8 36163
2.81 34625.7
2.82 33562.7
2.83 31336.3
2.84 27298
2.85 22102.2
2.86 16189.1
2.87 9100.57
2.88 143.938
2.89 -10687.8
2.9 -21921.2
2.91 -32684.1
2.92 -43966.7
2.93 -56143.2
2.94 -67226.7
2.95 -76339.1
2.96 -84435.8
2.97 -91274.2
2.98 -95660.9
2.99 -98204.9
3 -99969.5
3.01 -100963
3.02 -101424
3.03 -102904
3.04 -105928
3.05 -109676
3.06 -114037
3.07 -119122
3.08 -123134
3.09 -123922
3.1 -120789
3.11 -113404
3.12 -100246
3.13 -81218
3.14 -58879.5
3.15 -35205.4
3.16 -11013.5
3.17 11507.5
3.18 29169.3
3.19 40400.8
3.2 46554.2
3.21 48532
3.22 45315.4
3.23 37465.3
3.24 29231
3.25 23662.1
3.26 19138.6
3.27 14469.7
3.28 13420.1
3.29 17557.3
3.3 22741.3
3.31 26279.7
3.32 30023.7
3.33 35074.2
3.34 39443.9
3.35 41226
3.36 41898.3
3.37 43479.3
3.38 45386.3
3.39 46484.1
3.4 47091.7
3.41 47803
3.42 48697
3.43 49470
3.44 51368.2
3.45 55953.7
3.46 63043.9
3.47 73071.6
3.48 87727.5
3.49 105935
3.5 125170
3.51 143885
3.52 160225
3.53 171647
3.54 176645
3.55 174114
3.56 163920
3.57 147406
3.58 126824
3.59 105249
3.6 86102.5
3.61 71336.1
3.62 61998.8
3.63 59705.9
3.64 65843.2
3.65 78332.4
3.66 92499.6
3.67 106115
3.68 119944
3.69 132601
3.7 140103
3.71 141026
3.72 138598
3.73 135506
3.74 130915
3.75 124412
3.76 118187
3.77 113558
3.78 110089
3.79 107501
3.8 105023
3.81 100183
3.82 92719.6
3.83 84947.8
3.84 77167.4
3.85 67064.2
3.86 54836
3.87 44343.5
3.88 38031.2
3.89 34326.4
3.9 31420.7
3.91 29478.4
3.92 29399.5
3.93 30628.3
3.94 30187.4
3.95 24768.9
3.96 14157.8
3.97 111.749
3.98 -16805.7
3.99 -37651.2
4 -62270.8
4.01 -87669.7
4.02 -110281
4.03 -129194
4.04 -145380
4.05 -159225
4.06 -169699
4.07 -176560
4.08 -181412
4.09 -186091
4.1 -191380
4.11 -197099
4.12 -202577
4.13 -207886
4.14 -213392
4.15 -218992
4.16 -224307
4.17 -228142
4.18 -228633
4.19 -225712
4.2 -220151
4.21 -210229
4.22 -192975
4.23 -168862
4.24 -140513
4.25 -109131
4.26 -75411.6
4.27 -41483.9
4.28 -10131.6
4.29 16105.8
4.3 35987.5
4.31 49945.9
4.32 58974.5
4.33 63999.9
4.34 66907.6
4.35 69417.3
4.36 72706.2
4.37 77843.5
4.38 85386.3
4.39 94549.6
4.4 103434
4.41 109684
4.42 111922
4.43 109512
4.44 101592
4.45 86767.2
4.46 64881.1
4.47 38520.9
4.48 12009.1
4.49 -12722.8
4.5 -36559.3
4.51 -58272.6
4.52 -73904.7
4.53 -83220.7
4.54 -90231.8
4.55 -98142
4.56 -106672
4.57 -114673
4.58 -123198
4.59 -133859
4.6 -144795
4.61 -152497
4.62 -155323
4.63 -153283
4.64 -146249
4.65 -135051
4.66 -121689
4.67 -108183
4.68 -95981.7
4.69 -86433.4
4.7 -80877.2
4.71 -79560.6
4.72 -80409.1
4.73 -80984.4
4.74 -79976.2
4.75 -77370.2
4.76 -73371.7
4.77 -67133.7
4.78 -57618
4.79 -45825.7
4.8 -34349.7
4.81 -24503.1
4.82 -14747.1
4.83 -3083.08
4.84 10154.6
4.85 22611.2
4.86 33198
4.87 43286.5
4.88 54700.2
4.89 66074.5
4.9 72760.1
4.91 71890.1
4.92 68005.7
4.93 68765
4.94 70769.5
4.95 65805.5
4.96 61521.1
4.97 70359
4.98 87059.4
4.99 101486
5 115795
5.01 134817
5.02 155497
5.03 171701
5.04 181299
5.05 185430
5.06 186289
5.07 185630
5.08 183622
5.09 179595
5.1 175272
5.11 173958
5.12 176239
5.13 179356
5.14 181036
5.15 180613
5.16 177981
5.17 172418
5.18 162385
5.19 146770
5.2 126972
5.21 105937
5.22 85943.5
5.23 67815.2
5.24 52204
5.25 40344.8
5.26 33613.3
5.27 32049
5.28 34236.1
5.29 38443.4
5.3 43653.8
5.31 49261.8
5.32 54797.8
5.33 59579.1
5.34 62715.5
5.35 63083.9
5.36 60529.8
5.37 55800
5.38 49304.8
5.39 40041.7
5.4 26777
5.41 9752.38
5.42 -8956.51
5.43 -27758.4
5.44 -47104.1
5.45 -68247.9
5.46 -90574.5
5.47 -111165
5.48 -127961
5.49 -142554
5.5 -158299
5.51 -176217
5.52 -192221
5.53 -200040
5.54 -197363
5.55 -219953
5.56 -214996
5.57 -216973
5.58 -191761
5.59 -191381
5.6 -180343
5.61 -161348
5.62 -142202
5.63 -129598
5.64 -123897
5.65 -121002
5.66 -118840
5.67 -119975
5.68 -126540
5.69 -136102
5.7 -144359
5.71 -149347
5.72 -151661
5.73 -152875
5.74 -152955
5.75 -149875
5.76 -142720
5.77 -133838
5.78 -125966
5.79 -119139
5.8 -111716
5.81 -103827
5.82 -97250.6
5.83 -92830.1
5.84 -89483.6
5.85 -85834.5
5.86 -80991.8
5.87 -75023.9
5.88 -68512.7
5.89 -61456.3
5.9 -53202.6
5.91 -44115.6
5.92 -35374.1
5.93 -28147.5
5.94 -23075.2
5.95 -19901.2
5.96 -17413.7
5.97 -14960.2
5.98 -12943.3
5.99 -11296.5
6 -7879.34
6.01 -489.08
6.02 10342
6.03 22919
6.04 38145.9
6.05 57537.8
6.06 80277
6.07 104361
6.08 128733
6.09 153098
6.1 176826
6.11 198427
6.12 216535
6.13 230469
6.14 240287
6.15 246058
6.16 248111
6.17 247122
6.18 244179
6.19 240416
6.2 236958
6.21 234563
6.22 233854
6.23 235076
6.24 237897
6.25 241437
6.26 245198
6.27 248946
6.28 252145
6.29 254080
6.3 254619
6.31 254374
6.32 254359
6.33 254614
6.34 254596
6.35 254233
6.36 253832
6.37 252993
6.38 250587
6.39 245360
6.4 236873
6.41 225582
6.42 211905
6.43 195472
6.44 176530
6.45 156360
6.46 136318
6.47 116983
6.48 98723.1
6.49 82145.2
6.5 67912.4
6.51 56355.6
6.52 47682.9
6.53 41531
6.54 37321.5
6.55 34503.3
6.56 32341
6.57 29958.8
6.58 26990.9
6.59 22793.2
6.6 16588.8
6.61 8577.22
6.62 265.073
6.63 -7631.35
6.64 -15342.2
6.65 -22803.3
6.66 -28779.5
6.67 -32620.2
6.68 -35587.9
6.69 -39589.9
6.7 -45257.2
6.71 -52631.3
6.72 -62519.8
6.73 -76110.8
6.74 -93225
6.75 -112684
6.76 -132967
6.77 -152536
6.78 -170171
6.79 -184981
6.8 -195964
6.81 -202732
6.82 -205747
6.83 -206252
6.84 -205544
6.85 -204543
6.86 -203773
6.87 -204044
6.88 -205974
6.89 -209252
6.9 -213277
6.91 -218235
6.92 -224412
6.93 -231357
6.94 -237920
6.95 -244154
6.96 -250541
6.97 -255689
6.98 -257148
6.99 -254389
7 -248311
7.01 -238866
7.02 -225302
7.03 -208563
7.04 -190916
7.05 -174420
7.06 -160030
7.07 -147822
7.08 -137499
7.09 -129039
7.1 -122128
7.11 -115576
7.12 -107746
7.13 -97662.4
7.14 -85412.3
7.15 -72567.8
7.16 -60255.1
7.17 -48364.8
7.18 -37329.7
7.19 -29443.6
7.2 -26644.7
7.21 -28710.9
7.22 -34243.6
7.23 -42675.1
7.24 -54185.5
7.25 -68659.1
7.26 -84581.6
7.27 -99794.6
7.28 -113200
7.29 -125467
7.3 -136960
7.31 -146417
7.32 -152488
7.33 -155161
7.34 -155099
7.35 -152884
7.36 -148239
7.37 -140260
7.38 -129145
7.39 -116856
7.4 -104710
7.41 -92344.2
7.42 -79234
7.43 -66033.6
7.44 -53739.1
7.45 -42917.4
7.46 -33129.7
7.47 -23612.8
7.48 -14352.5
7.49 -6262
7.5 47.8142
7.51 4860.95
7.52 8885.63
7.53 12516.4
7.54 15587.4
7.55 17266.4
7.56 17677.2
7.57 18228.8
7.58 20185.1
7.59 22993.9
7.6 25272.3
7.61 26721.4
7.62 28537.4
7.63 31160.1
7.64 32984.6
7.65 31306.4
7.66 24558
7.67 13747.2
7.68 1296.55
7.69 -12806.1
7.7 -31520.8
7.71 -55841.8
7.72 -79671.3
7.73 -93423
7.74 -93185.7
7.75 -115346
7.76 -108179
7.77 -105102
7.78 -72551.6
7.79 -63816.1
7.8 -44390.6
7.81 -18154.4
7.82 7676.58
7.83 28277
7.84 43974.8
7.85 58042.4
7.86 72448.3
7.87 85897.5
7.88 96210
7.89 103632
7.9 110799
7.91 119146
7.92 127367
7.93 133864
7.94 139017
7.95 144241
7.96 150572
7.97 157414
7.98 163285
7.99 167738
8 171758
8.01 175930
8.02 179552
8.03 181417
8.04 181729
8.05 181929
8.06 183295
8.07 185645
8.08 188410
8.09 192028
8.1 197437
8.11 204238
8.12 211255
8.13 217722
8.14 223475
8.15 228106
8.16 230939
8.17 231790
8.18 231385
8.19 230041
8.2 227415
8.21 223803
8.22 220612
8.23 218595
8.24 217598
8.25 216989
8.26 216891
8.27 218304
8.28 221857
8.29 226450
8.3 230588
8.31 234317
8.32 238858
8.33 244673
8.34 250780
8.35 255979
8.36 260623
8.37 266341
8.38 275114
8.39 287396
8.4 300395
8.41 309445
8.42 312656
8.43 343118
8.44 343976
8.45 344793
8.46 343300
8.47 337389
8.48 327846
8.49 317502
8.5 276974
8.51 264865
8.52 246281
8.53 222054
8.54 197285
8.55 176470
8.56 159130
8.57 140920
8.58 119045
8.59 94284.3
8.6 68658.5
8.61 42685.5
8.62 15301.8
8.63 -14107.2
8.64 -43813.8
8.65 -71203.8
8.66 -94761.4
8.67 -114563
8.68 -131328
8.69 -145455
8.7 -156416
8.71 -163612
8.72 -168134
8.73 -172731
8.74 -178752
8.75 -185236
8.76 -191176
8.77 -197475
8.78 -205733
8.79 -216219
8.8 -227123
8.81 -236599
8.82 -244882
8.83 -253654
8.84 -262999
8.85 -270467
8.86 -274427
8.87 -276667
8.88 -279160
8.89 -281630
8.9 -282929
8.91 -283536
8.92 -285526
8.93 -290555
8.94 -298373
8.95 -307873
8.96 -318345
8.97 -330080
8.98 -343035
8.99 -355678
9 -366151
9.01 -374035
9.02 -379444
9.03 -382445
9.04 -383264
9.05 -381876
9.06 -377748
9.07 -371198
9.08 -363404
9.09 -355134
9.1 -345983
9.11 -335495
9.12 -324528
9.13 -315116
9.14 -308093
9.15 -302630
9.16 -298001
9.17 -294946
9.18 -294085
9.19 -294492
9.2 -294347
9.21 -292383
9.22 -288658
9.23 -284085
9.24 -278628
9.25 -271457
9.26 -262869
9.27 -254641
9.28 -247841
9.29 -242108
9.3 -236710
9.31 -231298
9.32 -225617
9.33 -219400
9.34 -211919
9.35 -202422
9.36 -190653
9.37 -177126
9.38 -162639
9.39 -147874
9.4 -132923
9.41 -117863
9.42 -103079
9.43 -89281.2
9.44 -76675.3
9.45 -64794.3
9.46 -52879.7
9.47 -41014.8
9.48 -29748.2
9.49 -19265
9.5 -8971.27
9.51 1712.92
9.52 12503.4
9.53 22586
9.54 31838.4
9.55 40937.8
9.56 50659.5
9.57 60898.9
9.58 71034.2
9.59 81030.9
9.6 91744.5
9.61 103407
9.62 115401
9.63 126903
9.64 137754
9.65 148228
9.66 158627
9.67 168668
9.68 177915
9.69 186001
9.7 192872
9.71 198789
9.72 203860
9.73 207026
9.74 207318
9.75 205672
9.76 204054
9.77 202488
9.78 199788
9.79 196554
9.8 194841
9.81 195011
9.82 195882
9.83 196539
9.84 197133
9.85 198011
9.86 199052
9.87 199357
9.88 198375
9.89 196452
9.9 194407
9.91 192786
9.92 191796
9.93 191355
9.94 191876
9.95 194391
9.96 199651
9.97 206970
9.98 215083
9.99 223728
10 233444
10.01 243632
10.02 252742
10.03 259961
10.04 265749
10.05 270431
10.06 273744
10.07 275272
10.08 275106
10.09 273551
10.1 271078
10.11 268094
10.12 264771
10.13 261009
10.14 257272
10.15 254275
10.16 252280
10.17 250694
10.18 248876
10.19 246599
10.2 243756
10.21 239970
10.22 234660
10.23 227042
10.24 217385
10.25 206666
10.26 195401
10.27 183620
10.28 171979
10.29 161856
10.3 154244
10.31 149251
10.32 147004
10.33 147498
10.34 150324
10.35 154917
10.36 160543
10.37 166186
10.38 171187
10.39 174853
10.4 176680
10.41 176784
10.42 175393
10.43 172087
10.44 166700
10.45 159934
10.46 152544
10.47 144420
10.48 135320
10.49 125470
10.5 115657
10.51 106376
10.52 97324.4
10.53 87862.9
10.54 78135.8
10.55 68668.1
10.56 59405
10.57 49392.3
10.58 38350.1
10.59 26907.6
10.6 15635.9
10.61 4482.12
10.62 -6613.55
10.63 -17337.3
10.64 -27070.3
10.65 -35538.3
10.66 -42863.3
10.67 -49444.8
10.68 -55406.8
10.69 -60725.4
10.7 -65605.3
10.71 -70616.2
10.72 -76166.1
10.73 -82351.5
10.74 -89056.7
10.75 -96424.7
10.76 -104529
10.77 -113327
10.78 -122612
10.79 -132290
10.8 -142433
10.81 -153209
10.82 -164464
10.83 -176084
10.84 -188075
10.85 -200378
10.86 -212720
10.87 -224770
10.88 -236111
10.89 -246874
10.9 -257221
10.91 -266802
10.92 -275228
10.93 -282936
10.94 -290438
10.95 -297554
10.96 -303620
10.97 -308926
10.98 -313936
10.99 -318565
11 -322223
11.01 -324696
11.02 -326179
11.03 -326878
11.04 -326219
11.05 -323789
11.06 -319825
11.07 -314647
11.08 -308189
11.09 -300523
11.1 -291967
11.11 -283044
11.12 -274026
11.13 -265032
11.14 -255980
11.15 -247074
11.16 -238457
11.17 -229833
11.18 -220766
11.19 -211392
11.2 -201749
11.21 -191685
11.22 -181009
11.23 -169778
11.24 -158133
11.25 -146485
11.26 -135106
11.27 -124255
11.28 -114290
11.29 -105802
11.3 -99357
11.31 -95351.7
11.32 -93546.9
11.33 -93567.1
11.34 -95361.3
11.35 -98953.3
11.36 -103599
11.37 -108114
11.38 -111779
11.39 -114864
11.4 -117268
11.41 -118143
11.42 -116818
11.43 -113773
11.44 -109697
11.45 -104712
11.46 -98528.5
11.47 -91362.9
11.48 -83842.7
11.49 -76697.8
11.5 -70008.3
11.51 -63485.8
11.52 -57029.3
11.53 -51089.2
11.54 -45919.8
11.55 -41272.9
11.56 -36572.9
11.57 -31615.7
11.58 -26655.8
11.59 -21966.6
11.6 -17138.7
11.61 -11814.7
11.62 -6152.48
11.63 -638.213
11.64 4672.42
11.65 9955.41
11.66 15378.7
11.67 20855.9
11.68 26383.8
11.69 31953.8
11.7 37554.8
11.71 43113.8
11.72 48690.4
11.73 54057
11.74 58767.9
11.75 62428
11.76 65264.9
11.77 67618.1
11.78 69478.6
11.79 70375.6
11.8 70403
11.81 70340.8
11.82 70701
11.83 70852.4
11.84 70218.9
11.85 69108.5
11.86 68073.3
11.87 66851.2
11.88 64759
11.89 61572.6
11.9 57882.1
11.91 54257.7
11.92 50742.9
11.93 47196.8
11.94 44057.7
11.95 41986.6
11.96 41664.4
11.97 43210.1
11.98 46349.3
11.99 51183.5
12 58320.7
12.01 67592.5
12.02 78388.3
12.03 90280.4
12.04 103056
12.05 116158
12.06 129124
12.07 141483
12.08 152738
12.09 162485
12.1 170862
12.11 177962
12.12 183855
12.13 188668
12.14 192835
12.15 196580
12.16 200280
12.17 204184
12.18 208275
12.19 212429
12.2 216596
12.21 220571
12.22 224179
12.23 227101
12.24 229081
12.25 229996
12.26 230002
12.27 229430
12.28 228558
12.29 227409
12.3 226207
12.31 225502
12.32 225775
12.33 226802
12.34 228414
12.35 230701
12.36 233887
12.37 237891
12.38 242413
12.39 247020
12.4 251692
12.41 256703
12.42 262087
12.43 267572
12.44 273248
12.45 279434
12.46 286504
12.47 294409
12.48 302722
12.49 310805
12.5 318109
12.51 323847
12.52 327057
12.53 326655
12.54 321967
12.55 312660
12.56 298847
12.57 280963
12.58 259638
12.59 235367
12.6 209006
12.61 181750
12.62 154659
12.63 128189
12.64 102754
12.65 78843.2
12.66 57213
12.67 38329.3
12.68 22021.3
12.69 7737.5
12.7 -4416.95
12.71 -14083.1
12.72 -21511.9
12.73 -27874.7
12.74 -33844
12.75 -39228.7
12.76 -43955.4
12.77 -48995
12.78 -55108.1
12.79 -62133.7
12.8 -69754.8
12.81 -78226.3
12.82 -87630.2
12.83 -97991
12.84 -109174
12.85 -120847
12.86 -132674
12.87 -144710
12.88 -156901
12.89 -168925
12.9 -180353
12.91 -190974
12.92 -200788
12.93 -209900
12.94 -218098
12.95 -225383
12.96 -231904
12.97 -237987
12.98 -243857
12.99 -249693
13 -255604
13.01 -261708
13.02 -268051
13.03 -274767
13.04 -281769
13.05 -288936
13.06 -296147
13.07 -303514
13.08 -311209
13.09 -319391
13.1 -328065
13.11 -337392
13.12 -347556
13.13 -358631
13.14 -370023
13.15 -381276
13.16 -391844
13.17 -400926
13.18 -407727
13.19 -411750
13.2 -412556
13.21 -410107
13.22 -404591
13.23 -396417
13.24 -385945
13.25 -373653
13.26 -359951
13.27 -345260
13.28 -329686
13.29 -313246
13.3 -296165
13.31 -278979
13.32 -261830
13.33 -244803
13.34 -228267
13.35 -213019
13.36 -199371
13.37 -186932
13.38 -175447
13.39 -165124
13.4 -155819
13.41 -146782
13.42 -137232
13.43 -127217
13.44 -117014
13.45 -106508
13.46 -95556.9
13.47 -84580.2
13.48 -74011
13.49 -64120.9
13.5 -54947.3
13.51 -46477.2
13.52 -38558.7
13.53 -31042.5
13.54 -23636.7
13.55 -16214.1
13.56 -8674.64
13.57 -900.942
13.58 7346.37
13.59 15681.7
13.6 23625.9
13.61 31164.1
13.62 38689.1
13.63 46029
13.64 52776.8
13.65 58935
13.66 65085.2
13.67 71473.8
13.68 77867
13.69 84019.3
13.7 90207.9
13.71 96659.7
13.72 103409
13.73 110348
13.74 117501
13.75 124875
13.76 132614
13.77 140805
13.78 149355
13.79 157798
13.8 165857
13.81 173491
13.82 180694
13.83 187047
13.84 192009
13.85 195268
13.86 197234
13.87 198200
13.88 197909
13.89 195976
13.9 192910
13.91 189623
13.92 186431
13.93 183021
13.94 179466
13.95 176462
13.96 174756
13.97 174157
13.98 174140
13.99 174726
14 176459
14.01 179236
14.02 182428
14.03 185387
14.04 188118
14.05 190718
14.06 192958
14.07 194324
14.08 194749
14.09 194526
14.1 194092
14.11 193599
14.12 193104
14.13 192658
14.14 192682
14.15 193486
14.16 194995
14.17 196735
14.18 198691
14.19 201129
14.2 203899
14.21 206515
14.22 208856
14.23 210930
14.24 212789
14.25 214164
14.26 214894
14.27 215004
14.28 214729
14.29 214049
14.3 212982
14.31 211619
14.32 210184
14.33 208720
14.34 207176
14.35 205430
14.36 203622
14.37 201771
14.38 199707
14.39 197188
14.4 194460
14.41 191629
14.42 188506
14.43 184855
14.44 180800
14.45 176453
14.46 171750
14.47 166368
14.48 160284
14.49 153712
14.5 146936
14.51 139780
14.52 132233
14.53 124511
14.54 116983
14.55 109599
14.56 102177
14.57 94616.3
14.58 87043.2
14.59 79551.1
14.6 72116
14.61 64558.2
14.62 56954.9
14.63 49457.4
14.64 42315.1
14.65 35364.2
14.66 28333
14.67 21065
14.68 13632.9
14.69 5981.85
14.7 -2085.3
14.71 -10856.2
14.72 -20285
14.73 -30069.5
14.74 -39894.8
14.75 -49866.7
14.76 -60154.8
14.77 -70668.6
14.78 -80979
14.79 -90956
14.8 -101050
14.81 -111672
14.82 -122371
14.83 -132625
14.84 -142459
14.85 -152211
14.86 -161535
14.87 -169681
14.88 -176279
14.89 -181598
14.9 -185906
14.91 -189356
14.92 -191984
14.93 -194353
14.94 -197261
14.95 -201508
14.96 -207324
14.97 -214754
14.98 -223708
14.99 -234148
15 -245744
15.01 -257946
15.02 -270051
15.03 -281651
15.04 -292589
15.05 -303077
15.06 -313099
15.07 -322384
15.08 -330822
15.09 -338738
15.1 -346215
15.11 -352822
15.12 -358090
15.13 -362051
15.14 -364929
15.15 -366877
15.16 -367766
15.17 -367671
15.18 -366836
15.19 -365541
15.2 -363849
15.21 -361631
15.22 -358659
15.23 -355060
15.24 -350904
15.25 -346185
15.26 -340902
15.27 -335142
15.28 -328937
15.29 -322460
15.3 -315903
15.31 -309264
15.32 -302289
15.33 -294975
15.34 -287350
15.35 -279484
15.36 -271248
15.37 -262533
15.38 -253290
15.39 -243848
15.4 -234444
15.41 -225077
15.42 -215675
15.43 -206366
15.44 -197277
15.45 -188507
15.46 -179847
15.47 -170958
15.48 -161612
15.49 -152015
15.5 -142152
15.51 -131728
15.52 -120540
15.53 -108978
15.54 -97286.5
15.55 -85535.8
15.56 -73640.1
15.57 -61712.2
15.58 -49783.4
15.59 -37788.5
15.6 -25483.4
15.61 -12712.5
15.62 813.038
15.63 15326.4
15.64 30819.4
15.65 47044.8
15.66 63908.6
15.67 81306.2
15.68 98847
15.69 115981
15.7 132354
15.71 147789
15.72 162218
15.73 175463
15.74 187433
15.75 197908
15.76 206950
15.77 214733
15.78 221399
15.79 226801
15.8 231037
15.81 234541
15.82 237895
15.83 241318
15.84 244894
15.85 248809
15.86 253517
15.87 259180
15.88 265684
15.89 272677
15.9 280083
15.91 287937
15.92 296070
15.93 303992
15.94 311439
15.95 318307
15.96 324620
15.97 330179
15.98 334877
15.99 338719
16 341796
16.01 344090
16.02 345625
16.03 346402
16.04 346464
16.05 345631
16.06 343999
16.07 341751
16.08 339113
16.09 336049
16.1 332706
16.11 329456
16.12 326627
16.13 324281
16.14 322378
16.15 320822
16.16 319800
16.17 319202
16.18 318727
16.19 318084
16.2 317164
16.21 315802
16.22 313984
16.23 311515
16.24 308167
16.25 303886
16.26 298843
16.27 293032
16.28 286320
16.29 278672
16.3 270298
16.31 261399
16.32 252032
16.33 242183
16.34 232152
16.35 222104
16.36 212065
16.37 202069
16.38 192356
16.39 182887
16.4 173525
16.41 164263
16.42 155233
16.43 146348
16.44 137421
16.45 128302
16.46 119100
16.47 109829
16.48 100375
16.49 90550.5
16.5 80393.5
16.51 70049.2
16.52 59638.4
16.53 48902.9
16.54 37891.1
16.55 26938.2
16.56 16148.8
16.57 5285.03
16.58 -5467.86
16.59 -15812.7
16.6 -25711.6
16.61 -35363.7
16.62 -44672.6
16.63 -53455
16.64 -61716.4
16.65 -69831.3
16.66 -77938.8
16.67 -85897.8
16.68 -93714
16.69 -101723
16.7 -110040
16.71 -118582
16.72 -127152
16.73 -135837
16.74 -144703
16.75 -153824
16.76 -163006
16.77 -172193
16.78 -181429
16.79 -190871
16.8 -200466
16.81 -210080
16.82 -219598
16.83 -229112
16.84 -238662
16.85 -248133
16.86 -257249
16.87 -266038
16.88 -274535
16.89 -282622
16.9 -289966
16.91 -296532
16.92 -302307
16.93 -307175
16.94 -310952
16.95 -313712
16.96 -315556
16.97 -316637
16.98 -317103
16.99 -317174
17 -317127
17.01 -317287
17.02 -317771
17.03 -318677
17.04 -319987
17.05 -321811
17.06 -324062
17.07 -326575
17.08 -329126
17.09 -331712
17.1 -334212
17.11 -336423
17.12 -338115
17.13 -339241
17.14 -339579
17.15 -338962
17.16 -337354
17.17 -334826
17.18 -331275
17.19 -326755
17.2 -321572
17.21 -315997
17.22 -309987
17.23 -303667
17.24 -297213
17.25 -290718
17.26 -284142
17.27 -277447
17.28 -270593
17.29 -263604
17.3 -256494
17.31 -249297
17.32 -241949
17.33 -234454
17.34 -226731
17.35 -218761
17.36 -210571
17.37 -202099
17.38 -193096
17.39 -183620
17.4 -173814
17.41 -163744
17.42 -153285
17.43 -142477
17.44 -131438
17.45 -120346
17.46 -109132
17.47 -97732.3
17.48 -86167.9
17.49 -74548.9
17.5 -62915
17.51 -51326.6
17.52 -39848.1
17.53 -28576.1
17.54 -17493.3
17.55 -6856.36
17.56 3274.15
17.57 13066.2
17.58 22691.9
17.59 32026.8
17.6 41092.8
17.61 50074.1
17.62 59227.8
17.63 68518.8
17.64 77844.4
17.65 87255.5
17.66 96926.5
17.67 106751
17.68 116602
17.69 126447
17.7 136338
17.71 146168
17.72 155829
17.73 165229
17.74 174474
17.75 183474
17.76 192075
17.77 200127
17.78 207650
17.79 214718
17.8 221256
17.81 226947
17.82 231840
17.83 236343
17.84 240552
17.85 244175
17.86 247256
17.87 250197
17.88 253259
17.89 256304
17.9 259236
17.91 262184
17.92 265462
17.93 269052
17.94 272801
17.95 276510
17.96 280258
17.97 284093
17.98 287889
17.99 291401
18 294581
18.01 297441
18.02 300067
18.03 302398
18.04 304352
18.05 305896
18.06 307121
18.07 308031
18.08 308646
18.09 308914
18.1 308819
18.11 308250
18.12 307269
18.13 305789
18.14 303680
18.15 300700
18.16 296773
18.17 292029
18.18 286547
18.19 280242
18.2 273228
18.21 265812
18.22 258351
18.23 250968
18.24 243770
18.25 236894
18.26 230525
18.27 224702
18.28 219367
18.29 214383
18.3 209661
18.31 205076
18.32 200474
18.33 195722
18.34 190711
18.35 185208
18.36 179235
18.37 172875
18.38 166194
18.39 159171
18.4 151947
18.41 144661
18.42 137468
18.43 130375
18.44 123402
18.45 116481
18.46 109617
18.47 102741
18.48 95809
18.49 88705.2
18.5 81373.2
18.51 73711.9
18.52 65722.6
18.53 57410.4
18.54 48817.2
18.55 39776.9
18.56 30326.9
18.57 20674.1
18.58 10955.5
18.59 1082.73
18.6 -8924.32
18.61 -18892.7
18.62 -28569.2
18.63 -38054.7
18.64 -47380
18.65 -56471.6
18.66 -65247.7
18.67 -73782.7
18.68 -82033.7
18.69 -90078.1
18.7 -97947.9
18.71 -105623
18.72 -113087
18.73 -120356
18.74 -127409
18.75 -134432
18.76 -141461
18.77 -148448
18.78 -155406
18.79 -162578
18.8 -170136
18.81 -177996
18.82 -185963
18.83 -194203
18.84 -202859
18.85 -211798
18.86 -220724
18.87 -229624
18.88 -238501
18.89 -247294
18.9 -255795
18.91 -263782
18.92 -271161
18.93 -278014
18.94 -284143
18.95 -289373
18.96 -293674
18.97 -297135
18.98 -299712
18.99 -301501
19 -302607
19.01 -303152
19.02 -303173
19.03 -302842
19.04 -302262
19.05 -301494
19.06 -300400
19.07 -298981
19.08 -297500
19.09 -296005
19.1 -294328
19.11 -292533
19.12 -290841
19.13 -289411
19.14 -288005
19.15 -286466
19.16 -284792
19.17 -283052
19.18 -281040
19.19 -278535
19.2 -275444
19.21 -271951
19.22 -268061
19.23 -263726
19.24 -258914
19.25 -253780
19.26 -248392
19.27 -242798
19.28 -237049
19.29 -231137
19.3 -224990
19.31 -218752
19.32 -212490
19.33 -206076
19.34 -199293
19.35 -192190
19.36 -184891
19.37 -177346
19.38 -169236
19.39 -160689
19.4 -151906
19.41 -142917
19.42 -133568
19.43 -123934
19.44 -114161
19.45 -104250
19.46 -94090.5
19.47 -83722.4
19.48 -73221.3
19.49 -62586.4
19.5 -51793.4
19.51 -41008.9
19.52 -30366.9
19.53 -19965.6
19.54 -9864.26
19.55 -175.673
19.56 9027.07
19.57 17679.4
19.58 25990.8
19.59 34081.9
19.6 41995.2
19.61 49828.1
19.62 57743.1
19.63 65773.3
19.64 73823.2
19.65 81777.5
19.66 89637.5
19.67 97177.2
19.68 104306
19.69 111003
19.7 117283
19.71 123157
19.72 128681
19.73 133854
19.74 138888
19.75 143863
19.76 148792
19.77 153632
19.78 158500
19.79 163520
19.8 168641
19.81 173775
19.82 179018
19.83 184220
19.84 189372
19.85 194461
19.86 199386
19.87 203911
19.88 208071
19.89 211956
19.9 215580
19.91 218847
19.92 221735
19.93 224291
19.94 226788
19.95 229168
19.96 231244
19.97 233018
19.98 234661
19.99 236206
20 237589
20.01 238628
20.02 239348
20.03 239863
20.04 240303
20.05 240483
20.06 240283
20.07 239759
20.08 239075
20.09 238242
20.1 237068
20.11 235475
20.12 233690
20.13 231906
20.14 230162
20.15 228374
20.16 226694
20.17 225366
20.18 224417
20.19 223657
20.2 223008
20.21 222448
20.22 221863
20.23 221058
20.24 219994
20.25 218627
20.26 216961
20.27 215014
20.28 212868
20.29 210575
20.3 208226
20.31 205770
20.32 203189
20.33 200490
20.34 197709
20.35 194737
20.36 191512
20.37 188045
20.38 184401
20.39 180563
20.4 176554
20.41 172378
20.42 168034
20.43 163449
20.44 158700
20.45 153780
20.46 148585
20.47 142994
20.48 137093
20.49 131050
20.5 124895
20.51 118400
20.52 111641
20.53 104900
20.54 98203.7
20.55 91294.8
20.56 84058.8
20.57 76667.9
20.58 69128.4
20.59 61260.6
20.6 53004.8
20.61 44364.1
20.62 35486.4
20.63 26379.5
20.64 17093.7
20.65 7659.21
20.66 -1840.28
20.67 -11345.4
20.68 -20774.2
20.69 -30140.9
20.7 -39398.5
20.71 -48557.2
20.72 -57583.4
20.73 -66486.6
20.74 -75191.8
20.75 -83761
20.76 -92245.2
20.77 -100676
20.78 -108986
20.79 -117214
20.8 -125406
20.81 -133613
20.82 -141792
20.83 -149911
20.84 -157940
20.85 -165927
20.86 -173910
20.87 -181848
20.88 -189718
20.89 -197564
20.9 -205444
20.91 -213393
20.92 -221406
20.93 -229472
20.94 -237569
20.95 -245696
20.96 -253747
20.97 -261693
20.98 -269395
20.99 -276720
21 -283611
21.01 -290074
21.02 -296038
21.03 -301446
21.04 -306296
21.05 -310684
21.06 -314569
21.07 -317942
21.08 -320787
21.09 -323118
21.1 -324875
21.11 -325969
21.12 -326505
21.13 -326529
21.14 -325874
21.15 -324568
21.16 -322788
21.17 -320623
21.18 -318014
21.19 -314965
21.2 -311620
21.21 -308181
21.22 -304659
21.23 -301015
21.24 -297288
21.25 -293580
21.26 -289831
21.27 -285989
21.28 -281969
21.29 -277670
21.3 -272965
21.31 -267896
21.32 -262500
21.33 -256615
21.34 -250170
21.35 -243377
21.36 -236375
21.37 -229116
21.38 -221550
21.39 -213761
21.4 -205864
21.41 -197795
21.42 -189460
21.43 -180840
21.44 -171931
21.45 -162734
21.46 -153238
21.47 -143500
21.48 -133548
21.49 -123382
21.5 -113052
21.51 -102731
21.52 -92438.3
21.53 -82174.5
21.54 -71928.5
21.55 -61829.9
21.56 -51977.8
21.57 -42288.6
21.58 -32720.9
21.59 -23261.2
21.6 -13948.4
21.61 -4795.33
21.62 4347.88
21.63 13561.4
21.64 22859.4
21.65 32152.4
21.66 41556.9
21.67 51130.9
21.68 60780.8
21.69 70421
21.7 80061.4
21.71 89654.6
21.72 99081.1
21.73 108291
21.74 117327
21.75 126137
21.76 134704
21.77 142980
21.78 151036
21.79 158915
21.8 166570
21.81 173949
21.82 181065
21.83 187953
21.84 194651
21.85 201064
21.86 207177
21.87 213097
21.88 218839
21.89 224398
21.9 229819
21.91 235087
21.92 240261
21.93 245345
21.94 250342
21.95 255225
21.96 259918
21.97 264411
21.98 268692
21.99 272702
22 276340
22.01 279599
22.02 282488
22.03 284995
22.04 287129
22.05 288872
22.06 290252
22.07 291325
22.08 292111
22.09 292560
22.1 292706
22.11 292579
22.12 292202
22.13 291531
22.14 290568
22.15 289369
22.16 287957
22.17 286292
22.18 284386
22.19 282260
22.2 279966
22.21 277493
22.22 274855
22.23 272080
22.24 269204
22.25 266276
22.26 263337
22.27 260386
22.28 257387
22.29 254356
22.3 251318
22.31 248194
22.32 244875
22.33 241305
22.34 237478
22.35 233375
22.36 228955
22.37 224164
22.38 219059
22.39 213698
22.4 208131
22.41 202369
22.42 196430
22.43 190316
22.44 184083
22.45 177733
22.46 171239
22.47 164518
22.48 157522
22.49 150308
22.5 142837
22.51 135064
22.52 126934
22.53 118505
22.54 109836
22.55 100942
22.56 91862.5
22.57 82618.2
22.58 73227.2
22.59 63749.1
22.6 54273.2
22.61 44780.7
22.62 35211.9
22.63 25561.7
22.64 15939.7
22.65 6358.4
22.66 -3263.86
22.67 -13000.3
22.68 -22786.4
22.69 -32527
22.7 -42288.1
22.71 -52107.6
22.72 -61979.5
22.73 -71844.9
22.74 -81652.4
22.75 -91414.7
22.76 -101130
22.77 -110766
22.78 -120284
22.79 -129625
22.8 -138757
22.81 -147693
22.82 -156453
22.83 -165027
22.84 -173396
22.85 -181594
22.86 -189667
22.87 -197683
22.88 -205610
22.89 -213402
22.9 -221068
22.91 -228607
22.92 -235962
22.93 -243096
22.94 -250006
22.95 -256648
22.96 -262963
22.97 -269042
22.98 -274940
22.99 -280586
23 -285978
23.01 -291211
23.02 -296302
23.03 -301320
23.04 -306208
23.05 -310868
23.06 -315341
23.07 -319665
23.08 -323773
23.09 -327501
23.1 -330760
23.11 -333551
23.12 -335866
23.13 -337646
23.14 -338731
23.15 -339087
23.16 -338821
23.17 -337991
23.18 -336598
23.19 -334591
23.2 -332009
23.21 -329009
23.22 -325709
23.23 -322084
23.24 -318039
23.25 -313712
23.26 -309269
23.27 -304714
23.28 -299996
23.29 -295114
23.3 -290137
23.31 -285123
23.32 -280036
23.33 -274803
23.34 -269356
23.35 -263710
23.36 -257861
23.37 -251736
23.38 -245239
23.39 -238317
23.4 -231018
23.41 -223324
23.42 -215201
23.43 -206688
23.44 -197818
23.45 -188643
23.46 -179176
23.47 -169446
23.48 -159495
23.49 -149369
23.5 -138994
23.51 -128366
23.52 -117599
23.53 -106763
23.54 -95795.2
23.55 -84672.1
23.56 -73513.7
23.57 -62419.3
23.58 -51400.7
23.59 -40339.5
23.6 -29224.6
23.61 -18113.5
23.62 -7082.87
23.63 3959.01
23.64 15154.2
23.65 26475.2
23.66 37790.2
23.67 49063.9
23.68 60397.9
23.69 71822.4
23.7 83208.1
23.71 94408.5
23.72 105470
23.73 116384
23.74 127115
23.75 137575
23.76 147653
23.77 157426
23.78 166847
23.79 175905
23.8 184582
23.81 192858
23.82 200787
23.83 208388
23.84 215711
23.85 222788
23.86 229661
23.87 236380
23.88 242950
23.89 249439
23.9 255856
23.91 262174
23.92 268361
23.93 274352
23.94 280141
23.95 285687
23.96 290896
23.97 295668
23.98 299982
23.99 303863
24 307295
24.01 310246
24.02 312687
24.03 314691
24.04 316339
24.05 317606
24.06 318477
24.07 318975
24.08 319157
24.09 319064
24.1 318652
24.11 317970
24.12 317073
24.13 315944
24.14 314570
24.15 313014
24.16 311256
24.17 309226
24.18 306845
24.19 304176
24.2 301228
24.21 297919
24.22 294218
24.23 290182
24.24 285899
24.25 281396
24.26 276650
24.27 271705
24.28 266581
24.29 261329
24.3 255916
24.31 250299
24.32 244428
24.33 238312
24.34 231954
24.35 225323
24.36 218390
24.37 211205
24.38 203782
24.39 196136
24.4 188349
24.41 180479
24.42 172511
24.43 164468
24.44 156439
24.45 148444
24.46 140447
24.47 132423
24.48 124356
24.49 116229
24.5 108019
24.51 99712.5
24.52 91228.1
24.53 82533.5
24.54 73621.2
24.55 64524
24.56 55232.9
24.57 45664.8
24.58 35785.4
24.59 25691.7
24.6 15473.8
24.61 5105.15
24.62 -5429.08
24.63 -16032.5
24.64 -26528.7
24.65 -36817.8
24.66 -46895.1
24.67 -56756.9
24.68 -66296.2
24.69 -75410.5
24.7 -84141.7
24.71 -92550.5
24.72 -100706
24.73 -108617
24.74 -116292
24.75 -123783
24.76 -131192
24.77 -138573
24.78 -145927
24.79 -153167
24.8 -160290
24.81 -167378
24.82 -174416
24.83 -181304
24.84 -187979
24.85 -194561
24.86 -201149
24.87 -207637
24.88 -214042
24.89 -220443
24.9 -226838
24.91 -233158
24.92 -239343
24.93 -245359
24.94 -251157
24.95 -256677
24.96 -261853
24.97 -266627
24.98 -271059
24.99 -275147
25 -278855
25.01 -282153
25.02 -285131
25.03 -287884
25.04 -290385
25.05 -292569
25.06 -294482
25.07 -296245
25.08 -297854
25.09 -299223
25.1 -300358
25.11 -301281
25.12 -302056
25.13 -302620
25.14 -302917
25.15 -302898
25.16 -302559
25.17 -301892
25.18 -300824
25.19 -299326
25.2 -297331
25.21 -294825
25.22 -291882
25.23 -288504
25.24 -284693
25.25 -280420
25.26 -275752
25.27 -270825
25.28 -265707
25.29 -260291
25.3 -254619
25.31 -248846
25.32 -242994
25.33 -237015
25.34 -230892
25.35 -224622
25.36 -218245
25.37 -211749
25.38 -205075
25.39 -198196
25.4 -191135
25.41 -183848
25.42 -176393
25.43 -168767
25.44 -160950
25.45 -152914
25.46 -144687
25.47 -136307
25.48 -127787
25.49 -119050
25.5 -110100
25.51 -100994
25.52 -91742.1
25.53 -82362.6
25.54 -72857.1
25.55 -63172.4
25.56 -53341.1
25.57 -43462.9
25.58 -33550.9
25.59 -23467.4
25.6 -13254.7
25.61 -3020.09
25.62 7192.48
25.63 17433.6
25.64 27686.1
25.65 37870.4
25.66 47903.2
25.67 57762.9
25.68 67417.7
25.69 76880.6
25.7 86121
25.71 95121.7
25.72 103893
25.73 112474
25.74 120879
25.75 129118
25.76 137194
25.77 145119
25.78 152825
25.79 160324
25.8 167674
25.81 174817
25.82 181701
25.83 188311
25.84 194726
25.85 200994
25.86 207051
25.87 212881
25.88 218540
25.89 224100
25.9 229546
25.91 234847
25.92 239988
25.93 244999
25.94 249932
25.95 254723
25.96 259330
25.97 263766
25.98 267986
25.99 271962
26 275657
26.01 279057
26.02 282088
26.03 284718
26.04 286991
26.05 288896
26.06 290426
26.07 291563
26.08 292304
26.09 292705
26.1 292786
26.11 292498
26.12 291801
26.13 290757
26.14 289360
26.15 287629
26.16 285588
26.17 283246
26.18 280618
26.19 277801
26.2 274820
26.21 271665
26.22 268322
26.23 264776
26.24 261063
26.25 257188
26.26 253044
26.27 248599
26.28 243879
26.29 238894
26.3 233599
26.31 227998
26.32 222082
26.33 215892
26.34 209482
26.35 202871
26.36 196042
26.37 189058
26.38 181986
26.39 174841
26.4 167614
26.41 160375
26.42 153144
26.43 145899
26.44 138606
26.45 131304
26.46 123994
26.47 116596
26.48 109026
26.49 101381
26.5 93659.9
26.51 85799.9
26.52 77803.4
26.53 69743
26.54 61648.1
26.55 53544.6
26.56 45423.3
26.57 37290.2
26.58 29154.4
26.59 21019.2
26.6 12828.7
26.61 4541.5
26.62 -3814.37
26.63 -12296.2
26.64 -20895.5
26.65 -29518.3
26.66 -38196
26.67 -46875.8
26.68 -55453
26.69 -63898.3
26.7 -72214.7
26.71 -80337.5
26.72 -88235.6
26.73 -95916.8
26.74 -103466
26.75 -110850
26.76 -118051
26.77 -125110
26.78 -132121
26.79 -139078
26.8 -145927
26.81 -152657
26.82 -159308
26.83 -165892
26.84 -172340
26.85 -178557
26.86 -184588
26.87 -190430
26.88 -196025
26.89 -201371
26.9 -206482
26.91 -211340
26.92 -215981
26.93 -220454
26.94 -224798
26.95 -228988
26.96 -233037
26.97 -237006
26.98 -240922
26.99 -244725
27 -248396
27.01 -251911
27.02 -255245
27.03 -258385
27.04 -261317
27.05 -263957
27.06 -266306
27.07 -268401
27.08 -270272
27.09 -271924
27.1 -273356
27.11 -274539
27.12 -275572
27.13 -276488
27.14 -277237
27.15 -277750
27.16 -278059
27.17 -278178
27.18 -278066
27.19 -277640
27.2 -276875
27.21 -275708
27.22 -274137
27.23 -272198
27.24 -269831
27.25 -266968
27.26 -263710
27.27 -260125
27.28 -256248
27.29 -252068
27.3 -247624
27.31 -243010
27.32 -238282
27.33 -233426
27.34 -228443
27.35 -223345
27.36 -218134
27.37 -212793
27.38 -207300
27.39 -201615
27.4 -195713
27.41 -189574
27.42 -183211
27.43 -176622
27.44 -169793
27.45 -162688
27.46 -155341
27.47 -147765
27.48 -139940
27.49 -131843
27.5 -123499
27.51 -114931
27.52 -106160
27.53 -97179.5
27.54 -88077.9
27.55 -78899.1
27.56 -69642.8
27.57 -60334.9
27.58 -51060.8
27.59 -41827.8
27.6 -32644.6
27.61 -23440.5
27.62 -14237
27.63 -5076.8
27.64 4069.28
27.65 13271
27.66 22522.5
27.67 31831.6
27.68 41088.1
27.69 50316.2
27.7 59560
27.71 68806.3
27.72 77954
27.73 86973.7
27.74 95884.3
27.75 104755
27.76 113525
27.77 122139
27.78 130586
27.79 138918
27.8 147136
27.81 155218
27.82 163114
27.83 170847
27.84 178461
27.85 185976
27.86 193364
27.87 200641
27.88 207802
27.89 214865
27.9 221806
27.91 228614
27.92 235242
27.93 241667
27.94 247842
27.95 253781
27.96 259491
27.97 264966
27.98 270110
27.99 274972
28 279613
28.01 283995
28.02 287997
28.03 291614
28.04 294867
28.05 297738
28.06 300154
28.07 302085
28.08 303569
28.09 304656
28.1 305336
28.11 305662
28.12 305651
28.13 305349
28.14 304745
28.15 303877
28.16 302768
28.17 301401
28.18 299712
28.19 297730
28.2 295515
28.21 293064
28.22 290269
28.23 287184
28.24 283854
28.25 280280
28.26 276387
28.27 272166
28.28 267635
28.29 262809
28.3 257638
28.31 252142
28.32 246356
28.33 240306
28.34 233988
28.35 227479
28.36 220806
28.37 213962
28.38 206924
28.39 199737
28.4 192366
28.41 184790
28.42 176941
28.43 168829
28.44 160454
28.45 151805
28.46 142847
28.47 133655
28.48 124254
28.49 114685
28.5 104971
28.51 95174.9
28.52 85347.8
28.53 75580.6
28.54 65838.5
28.55 56101.3
28.56 46510.8
28.57 37109.8
28.58 27780.2
28.59 18508.7
28.6 9345.03
28.61 331.046
28.62 -8669.97
28.63 -17695.5
28.64 -26751.2
28.65 -35797.4
28.66 -44871.2
28.67 -53937.6
28.68 -63000.1
28.69 -72010.1
28.7 -80903.1
28.71 -89616.6
28.72 -98122
28.73 -106430
28.74 -114537
28.75 -122399
28.76 -130023
28.77 -137432
28.78 -144724
28.79 -151885
28.8 -158928
28.81 -165830
28.82 -172645
28.83 -179395
28.84 -186084
28.85 -192648
28.86 -199050
28.87 -205287
28.88 -211413
28.89 -217343
28.9 -223032
28.91 -228441
28.92 -233601
28.93 -238560
28.94 -243294
28.95 -247736
28.96 -251919
28.97 -255890
28.98 -259673
28.99 -263217
29 -266481
29.01 -269474
29.02 -272236
29.03 -274738
29.04 -276984
29.05 -278916
29.06 -280568
29.07 -281962
29.08 -283110
29.09 -283990
29.1 -284619
29.11 -284955
29.12 -285051
29.13 -284925
29.14 -284547
29.15 -283874
29.16 -282942
29.17 -281737
29.18 -280309
29.19 -278630
29.2 -276677
29.21 -274441
29.22 -272003
29.23 -269344
29.24 -266456
29.25 -263347
29.26 -260020
29.27 -256499
29.28 -252830
29.29 -248961
29.3 -244901
29.31 -240601
29.32 -236111
29.33 -231405
29.34 -226479
29.35 -221285
29.36 -215841
29.37 -210196
29.38 -204398
29.39 -198436
29.4 -192334
29.41 -186114
29.42 -179816
29.43 -173457
29.44 -166995
29.45 -160374
29.46 -153604
29.47 -146649
29.48 -139526
29.49 -132173
29.5 -124587
29.51 -116748
29.52 -108718
29.53 -100488
29.54 -92064.7
29.55 -83439.5
29.56 -74660.3
29.57 -65754.5
29.58 -56774.8
29.59 -47708.2
29.6 -38561.2
29.61 -29344.3
29.62 -20092.3
29.63 -10777.6
29.64 -1374.85
29.65 8173.55
29.66 17844.2
29.67 27616.6
29.68 37480.1
29.69 47454.7
29.7 57429.9
29.71 67333.4
29.72 77107.3
29.73 86703
29.74 96024.7
29.75 105068
29.76 113835
29.77 122367
29.78 130640
29.79 138716
29.8 146681
29.81 154572
29.82 162351
29.83 170049
29.84 177688
29.85 185288
29.86 192758
29.87 200110
29.88 207348
29.89 214456
29.9 221353
29.91 228076
29.92 234603
29.93 240900
29.94 246934
29.95 252742
29.96 258310
29.97 263639
29.98 268723
29.99 273596
30 278225
30.01 282633
30.02 286812
30.03 290747
30.04 294375
30.05 297712
30.06 300743
30.07 303455
30.08 305796
30.09 307785
30.1 309425
30.11 310731
30.12 311689
30.13 312310
30.14 312571
30.15 312490
30.16 312061
30.17 311292
30.18 310141
30.19 308635
30.2 306759
30.21 304550
30.22 302018
30.23 299169
30.24 295987
30.25 292512
30.26 288736
30.27 284704
30.28 280366
30.29 275707
30.3 270748
30.31 265567
30.32 260120
30.33 254402
30.34 248404
30.35 242188
30.36 235735
30.37 229039
30.38 222035
30.39 214765
30.4 207249
30.41 199502
30.42 191520
30.43 183334
30.44 174963
30.45 166451
30.46 157779
30.47 148976
30.48 139999
30.49 130835
30.5 121475
30.51 111928
30.52 102181
30.53 92238.6
30.54 82067.1
30.55 71731.3
30.56 61300.4
30.57 50781.1
30.58 40147.5
30.59 29481.4
30.6 18834.5
30.61 8258.82
30.62 -2281.23
30.63 -12749.3
30.64 -23131.6
30.65 -33389.8
30.66 -43553.8
30.67 -53613.9
30.68 -63595.1
30.69 -73478.2
30.7 -83263.5
30.71 -92928.7
30.72 -102498
30.73 -111937
30.74 -121247
30.75 -130421
30.76 -139449
30.77 -148288
30.78 -156966
30.79 -165509
30.8 -173900
30.81 -182059
30.82 -190048
30.83 -197892
30.84 -205566
30.85 -213012
30.86 -220249
30.87 -227257
30.88 -234036
30.89 -240551
30.9 -246777
30.91 -252668
30.92 -258254
30.93 -263517
30.94 -268454
30.95 -273045
30.96 -277306
30.97 -281242
30.98 -284883
30.99 -288208
31 -291251
31.01 -294004
31.02 -296488
31.03 -298704
31.04 -300703
31.05 -302463
31.06 -303988
31.07 -305257
31.08 -306291
31.09 -307070
31.1 -307585
31.11 -307748
31.12 -307546
31.13 -307007
31.14 -306121
31.15 -304813
31.16 -303094
31.17 -300988
31.18 -298541
31.19 -295758
31.2 -292636
31.21 -289185
31.22 -285474
31.23 -281531
31.24 -277371
31.25 -272960
31.26 -268346
31.27 -263563
31.28 -258619
31.29 -253481
31.3 -248173
31.31 -242692
31.32 -237033
31.33 -231183
31.34 -225157
31.35 -218901
31.36 -212424
31.37 -205734
31.38 -198841
31.39 -191718
31.4 -184383
31.41 -176846
31.42 -169145
31.43 -161235
31.44 -153154
31.45 -144923
31.46 -136544
31.47 -127989
31.48 -119315
31.49 -110547
31.5 -101684
31.51 -92716.8
31.52 -83699.8
31.53 -74639.1
31.54 -65546.3
31.55 -56406.9
31.56 -47245.9
31.57 -38057.7
31.58 -28857.6
31.59 -19623.1
31.6 -10391.4
31.61 -1141.55
31.62 8121.05
31.63 17404.8
31.64 26676.6
31.65 35938.6
31.66 45197.9
31.67 54463.7
31.68 63685.6
31.69 72847.8
31.7 81939.5
31.71 90973.9
31.72 99904.6
31.73 108691
31.74 117314
31.75 125800
31.76 134098
31.77 142186
31.78 150056
31.79 157732
31.8 165181
31.81 172407
31.82 179416
31.83 186252
31.84 192899
31.85 199338
31.86 205601
31.87 211744
31.88 217706
31.89 223486
31.9 229101
31.91 234562
31.92 239851
31.93 244980
31.94 249919
31.95 254686
31.96 259262
31.97 263654
31.98 267836
31.99 271775
32 275435
32.01 278831
32.02 281929
32.03 284722
32.04 287157
32.05 289241
32.06 291001
32.07 292456
32.08 293567
32.09 294377
32.1 294885
32.11 295151
32.12 295166
32.13 294932
32.14 294431
32.15 293675
32.16 292665
32.17 291385
32.18 289795
32.19 287908
32.2 285698
32.21 283199
32.22 280419
32.23 277352
32.24 273998
32.25 270398
32.26 266566
32.27 262522
32.28 258216
32.29 253677
32.3 248903
32.31 243896
32.32 238616
32.33 233077
32.34 227292
32.35 221252
32.36 214953
32.37 208446
32.38 201740
32.39 194856
32.4 187771
32.41 180545
32.42 173221
32.43 165768
32.44 158150
32.45 150413
32.46 142564
32.47 134597
32.48 126454
32.49 118144
32.5 109689
32.51 101101
32.52 92333.4
32.53 83398.3
32.54 74330
32.55 65141.7
32.56 55812
32.57 46375.9
32.58 36843.1
32.59 27236.4
32.6 17538.2
32.61 7780.65
32.62 -2023.85
32.63 -11845.8
32.64 -21694.7
32.65 -31544.5
32.66 -41366.7
32.67 -51137.1
32.68 -60831.8
32.69 -70412.9
32.7 -79880
32.71 -89185.1
32.72 -98274.6
32.73 -107112
32.74 -115731
32.75 -124085
32.76 -132172
32.77 -139981
32.78 -147579
32.79 -154983
32.8 -162233
32.81 -169355
32.82 -176385
32.83 -183324
32.84 -190201
32.85 -196993
32.86 -203680
32.87 -210201
32.88 -216544
32.89 -222671
32.9 -228566
32.91 -234198
32.92 -239558
32.93 -244630
32.94 -249452
32.95 -254033
32.96 -258375
32.97 -262440
32.98 -266268
32.99 -269861
33 -273224
33.01 -276321
33.02 -279148
33.03 -281694
33.04 -283999
33.05 -286036
33.06 -287779
33.07 -289216
33.08 -290381
33.09 -291272
33.1 -291882
33.11 -292196
33.12 -292242
33.13 -292014
33.14 -291532
33.15 -290789
33.16 -289777
33.17 -288477
33.18 -286893
33.19 -285007
33.2 -282821
33.21 -280310
33.22 -277462
33.23 -274262
33.24 -270753
33.25 -266950
33.26 -262836
33.27 -258412
33.28 -253744
33.29 -248861
33.3 -243769
33.31 -238460
33.32 -232966
33.33 -227305
33.34 -221490
33.35 -215492
33.36 -209330
33.37 -202995
33.38 -196488
33.39 -189795
33.4 -182948
33.41 -175930
33.42 -168716
33.43 -161313
33.44 -153772
33.45 -146074
33.46 -138211
33.47 -130177
33.48 -122031
33.49 -113778
33.5 -105418
33.51 -96932.3
33.52 -88359.8
33.53 -79699.1
33.54 -70947.2
33.55 -62097
33.56 -53162.5
33.57 -44132.4
33.58 -35026
33.59 -25858.4
33.6 -16649.1
33.61 -7405.88
33.62 1852.12
33.63 11107.6
33.64 20329.8
33.65 29526.8
33.66 38675.7
33.67 47769.4
33.68 56818.5
33.69 65810.5
33.7 74693.5
33.71 83500.8
33.72 92224.1
33.73 100838
33.74 109306
33.75 117627
33.76 125803
33.77 133835
33.78 141690
33.79 149368
33.8 156875
33.81 164222
33.82 171391
33.83 178391
33.84 185207
33.85 191839
33.86 198289
33.87 204562
33.88 210631
33.89 216511
33.9 222189
33.91 227674
33.92 232942
33.93 238010
33.94 242871
33.95 247513
33.96 251918
33.97 256114
33.98 260090
33.99 263841
34 267341
34.01 270608
34.02 273645
34.03 276448
34.04 278988
34.05 281274
34.06 283288
34.07 285041
34.08 286505
34.09 287659
34.1 288484
34.11 288972
34.12 289114
34.13 288902
34.14 288318
34.15 287385
34.16 286101
34.17 284498
34.18 282587
34.19 280395
34.2 277924
34.21 275202
34.22 272248
34.23 269085
34.24 265710
34.25 262128
34.26 258359
34.27 254419
34.28 250297
34.29 245999
34.3 241508
34.31 236824
34.32 231946
34.33 226861
34.34 221530
34.35 215980
34.36 210204
34.37 204189
34.38 197933
34.39 191476
34.4 184807
34.41 177931
34.42 170838
34.43 163548
34.44 156075
34.45 148428
34.46 140567
34.47 132504
34.48 124304
34.49 115993
34.5 107540
34.51 98967.8
34.52 90318.4
34.53 81633.7
34.54 72908.4
34.55 64147.7
34.56 55331.8
34.57 46464.5
34.58 37576.1
34.59 28725.7
34.6 19838.3
34.61 10858.6
34.62 1855.61
34.63 -7051.32
34.64 -15923.7
34.65 -24869.3
34.66 -33840.8
34.67 -42674.3
34.68 -51391
34.69 -60082
34.7 -68752.3
34.71 -77294.8
34.72 -85688.6
34.73 -93984.3
34.74 -102218
34.75 -110355
34.76 -118391
34.77 -126310
34.78 -134113
34.79 -141795
34.8 -149391
34.81 -156874
34.82 -164187
34.83 -171310
34.84 -178295
34.85 -185142
34.86 -191804
34.87 -198214
34.88 -204407
34.89 -210419
34.9 -216250
34.91 -221839
34.92 -227168
34.93 -232277
34.94 -237204
34.95 -241913
34.96 -246375
34.97 -250587
34.98 -254584
34.99 -258350
35 -261881
35.01 -265154
35.02 -268175
35.03 -270930
35.04 -273441
35.05 -275721
35.06 -277755
35.07 -279499
35.08 -280984
35.09 -282252
35.1 -283293
35.11 -284035
35.12 -284492
35.13 -284716
35.14 -284692
35.15 -284369
35.16 -283743
35.17 -282854
35.18 -281704
35.19 -280246
35.2 -278508
35.21 -276513
35.22 -274260
35.23 -271722
35.24 -268935
35.25 -265916
35.26 -262647
35.27 -259120
35.28 -255356
35.29 -251336
35.3 -247065
35.31 -242549
35.32 -237785
35.33 -232752
35.34 -227483
35.35 -222002
35.36 -216300
35.37 -210392
35.38 -204302
35.39 -198025
35.4 -191581
35.41 -184999
35.42 -178275
35.43 -171367
35.44 -164290
35.45 -157092
35.46 -149760
35.47 -142232
35.48 -134513
35.49 -126647
35.5 -118668
35.51 -110510
35.52 -102170
35.53 -93709.8
35.54 -85148.2
35.55 -76445.5
35.56 -67623.3
35.57 -58725.6
35.58 -49743.9
35.59 -40658.7
35.6 -31526.9
35.61 -22378.3
35.62 -13185.2
35.63 -3923.29
35.64 5340.21
35.65 14581.6
35.66 23818.6
35.67 33063.2
35.68 42274
35.69 51425.1
35.7 60495.4
35.71 69479.6
35.72 78372
35.73 87164.6
35.74 95821.3
35.75 104335
35.76 112717
35.77 120991
35.78 129128
35.79 137148
35.8 145053
35.81 152836
35.82 160501
35.83 168072
35.84 175508
35.85 182786
35.86 189905
35.87 196882
35.88 203699
35.89 210324
35.9 216744
35.91 222974
35.92 228999
35.93 234816
35.94 240401
35.95 245743
35.96 250841
35.97 255700
35.98 260303
35.99 264648
36 268715
36.01 272494
36.02 275992
36.03 279235
36.04 282179
36.05 284817
36.06 287168
36.07 289252
36.08 291058
36.09 292578
36.1 293801
36.11 294741
36.12 295399
36.13 295778
36.14 295856
36.15 295622
36.16 295066
36.17 294216
36.18 293066
36.19 291594
36.2 289792
36.21 287690
36.22 285306
36.23 282650
36.24 279697
36.25 276454
36.26 272944
36.27 269173
36.28 265131
36.29 260817
36.3 256222
36.31 251377
36.32 246287
36.33 240949
36.34 235358
36.35 229522
36.36 223446
36.37 217140
36.38 210609
36.39 203856
36.4 196879
36.41 189711
36.42 182360
36.43 174833
36.44 167130
36.45 159255
36.46 151204
36.47 142991
36.48 134603
36.49 126043
36.5 117311
36.51 108421
36.52 99382
36.53 90228.2
36.54 80972.1
36.55 71627.2
36.56 62212.1
36.57 52768.9
36.58 43318.4
36.59 33872.8
36.6 24415.8
36.61 14983.3
36.62 5588.9
36.63 -3779.89
36.64 -13140.1
36.65 -22488.3
36.66 -31821.1
36.67 -41139.7
36.68 -50452
36.69 -59733.7
36.7 -68979.5
36.71 -78171.1
36.72 -87290.1
36.73 -96295.7
36.74 -105177
36.75 -113917
36.76 -122512
36.77 -130936
36.78 -139185
36.79 -147255
36.8 -155160
36.81 -162910
36.82 -170497
36.83 -177903
36.84 -185141
36.85 -192216
36.86 -199127
36.87 -205840
36.88 -212337
36.89 -218623
36.9 -224706
36.91 -230559
36.92 -236163
36.93 -241511
36.94 -246608
36.95 -251454
36.96 -256045
36.97 -260359
36.98 -264406
36.99 -268195
37 -271738
37.01 -275023
37.02 -278056
37.03 -280829
37.04 -283347
37.05 -285601
37.06 -287591
37.07 -289289
37.08 -290685
37.09 -291768
37.1 -292550
37.11 -293014
37.12 -293152
37.13 -292966
37.14 -292471
37.15 -291676
37.16 -290589
37.17 -289211
37.18 -287554
37.19 -285622
37.2 -283435
37.21 -280993
37.22 -278294
37.23 -275333
37.24 -272123
37.25 -268663
37.26 -264957
37.27 -260997
37.28 -256790
37.29 -252328
37.3 -247632
37.31 -242706
37.32 -237553
37.33 -232169
37.34 -226564
37.35 -220755
37.36 -214750
37.37 -208545
37.38 -202141
37.39 -195540
37.4 -188767
37.41 -181819
37.42 -174698
37.43 -167392
37.44 -159913
37.45 -152270
37.46 -144471
37.47 -136501
37.48 -128361
37.49 -120057
37.5 -111620
37.51 -103052
37.52 -94353.9
37.53 -85537.3
37.54 -76632.7
37.55 -67659.2
37.56 -58629.1
37.57 -49551.8
37.58 -40440.1
37.59 -31299
37.6 -22151.6
37.61 -13003.7
37.62 -3858.52
37.63 5292.71
37.64 14430.9
37.65 23540
37.66 32609.3
37.67 41647.1
37.68 50641.8
37.69 59581
37.7 68444.6
37.71 77232.5
37.72 85933.1
37.73 94545.7
37.74 103062
37.75 111461
37.76 119730
37.77 127877
37.78 135891
37.79 143772
37.8 151497
37.81 159061
37.82 166475
37.83 173744
37.84 180849
37.85 187788
37.86 194557
37.87 201161
37.88 207589
37.89 213842
37.9 219895
37.91 225741
37.92 231376
37.93 236801
37.94 241998
37.95 246954
37.96 251659
37.97 256122
37.98 260333
37.99 264290
38 267982
38.01 271401
38.02 274549
38.03 277432
38.04 280037
38.05 282356
38.06 284381
38.07 286123
38.08 287582
38.09 288754
38.1 289628
38.11 290211
38.12 290502
38.13 290516
38.14 290246
38.15 289688
38.16 288843
38.17 287725
38.18 286339
38.19 284683
38.2 282754
38.21 280557
38.22 278097
38.23 275381
38.24 272402
38.25 269162
38.26 265655
38.27 261890
38.28 257867
38.29 253587
38.3 249048
38.31 244251
38.32 239200
38.33 233904
38.34 228375
38.35 222615
38.36 216617
38.37 210405
38.38 203993
38.39 197389
38.4 190586
38.41 183594
38.42 176422
38.43 169078
38.44 161563
38.45 153879
38.46 146022
38.47 138002
38.48 129829
38.49 121519
38.5 113063
38.51 104469
38.52 95754
38.53 86937.8
38.54 78025.6
38.55 69021.9
38.56 59934.8
38.57 50783.4
38.58 41582.2
38.59 32346.1
38.6 23076.1
38.61 13780.8
38.62 4478.67
38.63 -4806.15
38.64 -14072.9
38.65 -23317.7
38.66 -32531.7
38.67 -41698.7
38.68 -50810.9
38.69 -59858.7
38.7 -68844.5
38.71 -77762.7
38.72 -86599.5
38.73 -95341.9
38.74 -103986
38.75 -112527
38.76 -120964
38.77 -129280
38.78 -137467
38.79 -145514
38.8 -153427
38.81 -161200
38.82 -168819
38.83 -176268
38.84 -183548
38.85 -190654
38.86 -197578
38.87 -204304
38.88 -210822
38.89 -217122
38.9 -223206
38.91 -229064
38.92 -234687
38.93 -240065
38.94 -245198
38.95 -250085
38.96 -254726
38.97 -259113
38.98 -263240
38.99 -267105
39 -270714
39.01 -274061
39.02 -277139
39.03 -279938
39.04 -282458
39.05 -284698
39.06 -286654
39.07 -288314
39.08 -289673
39.09 -290731
39.1 -291491
39.11 -291949
39.12 -292105
39.13 -291957
39.14 -291515
39.15 -290780
39.16 -289757
39.17 -288448
39.18 -286856
39.19 -284982
39.2 -282833
39.21 -280411
39.22 -277719
39.23 -274757
39.24 -271527
39.25 -268032
39.26 -264280
39.27 -260272
39.28 -256011
39.29 -251495
39.3 -246733
39.31 -241735
39.32 -236504
39.33 -231038
39.34 -225344
39.35 -219430
39.36 -213309
39.37 -206982
39.38 -200453
39.39 -193729
39.4 -186820
39.41 -179737
39.42 -172484
39.43 -165064
39.44 -157481
39.45 -149744
39.46 -141866
39.47 -133847
39.48 -125689
39.49 -117400
39.5 -108992
39.51 -100474
39.52 -91852.4
39.53 -83133.7
39.54 -74330.4
39.55 -65454.7
39.56 -56518.6
39.57 -47530.2
39.58 -38498.9
39.59 -29433.1
39.6 -20345.4
39.61 -11245.8
39.62 -2141.8
39.63 6961.03
39.64 16053.7
39.65 25126.1
39.66 34169.1
39.67 43176.4
39.68 52140.8
39.69 61054.7
39.7 69907.7
39.71 78690.7
39.72 87395.4
39.73 96014.9
39.74 104540
39.75 112962
39.76 121270
39.77 129456
39.78 137514
39.79 145437
39.8 153215
39.81 160842
39.82 168310
39.83 175615
39.84 182751
39.85 189709
39.86 196483
39.87 203067
39.88 209455
39.89 215641
39.9 221617
39.91 227377
39.92 232915
39.93 238224
39.94 243300
39.95 248135
39.96 252726
39.97 257068
39.98 261156
39.99 264986
40 268554
