0.01 -0.0016037
0.02 -0.000883701
0.03 -0.00702878
0.04 -0.00713396
0.05 0.00102972
0.06 0.0104289
0.07 0.0140737
0.08 0.0120718
0.09 0.00891432
0.1 0.00747238
0.11 0.00618382
0.12 0.00256208
0.13 -0.00233853
0.14 -0.00566724
0.15 -0.00587732
0.16 -0.00437916
0.17 -0.00328291
0.18 -0.00328955
0.19 -0.00249368
0.2 -0.000119214
0.21 0.00239629
0.22 0.00361685
0.23 0.00372312
0.24 0.00424786
0.25 0.00607408
0.26 0.00801666
0.27 0.00901196
0.28 0.0092132
0.29 0.00974703
0.3 0.0109282
0.31 0.0118956
0.32 0.0116173
0.33 0.0103382
0.34 0.00911778
0.35 0.00831199
0.36 0.00707977
0.37 0.00487619
0.38 0.00204759
0.39 -0.000240179
0.4 -0.00180299
0.41 3.54122e-05
0.42 -0.000148187
0.43 -0.00102239
0.44 -0.00129641
0.45 -0.000473175
0.46 0.000465368
0.47 0.000856763
0.48 0.00116791
0.49 0.00214813
0.5 0.00869845
0.51 0.0123109
0.52 0.013696
0.53 0.0142494
0.54 0.0180224
0.55 0.0207884
0.56 0.0224594
0.57 0.022935
0.58 0.0232382
0.59 0.023769
0.6 0.0244379
0.61 0.0241452
0.62 0.027743
0.63 0.0276375
0.64 0.0263858
0.65 0.0248012
0.66 0.0255329
0.67 0.0239945
0.68 0.0223396
0.69 0.0226113
0.7 0.025084
0.71 0.0284712
0.72 0.0319903
0.73 0.0367023
0.74 0.0432057
0.75 0.050514
0.76 0.056276
0.77 0.0587743
0.78 0.0593025
0.79 0.0591364
0.8 0.0575827
0.81 0.0523792
0.82 0.0436714
0.83 0.0334483
0.84 0.0248188
0.85 0.017651
0.86 0.0098412
0.87 0.00102626
0.88 -0.00574509
0.89 -0.00733473
0.9 -0.00399903
0.91 0.000236699
0.92 0.00409121
0.93 0.0111099
0.94 0.0262462
0.95 0.0482257
0.96 0.0563922
0.97 0.0617498
0.98 0.0711964
0.99 0.0853001
1 0.0919276
1.01 0.0794336
1.02 0.0627813
1.03 0.0532926
1.04 0.0406971
1.05 0.0197192
1.06 -0.00237583
1.07 -0.0194321
1.08 -0.0236495
1.09 -0.0241165
1.1 -0.0311341
1.11 -0.0319286
1.12 -0.0231276
1.13 -0.0192831
1.14 -0.0170588
1.15 -0.0125647
1.16 -0.0155242
1.17 -0.0214345
1.18 -0.0244359
1.19 -0.0333221
1.2 -0.0462248
1.21 -0.0624006
1.22 -0.0866221
1.23 -0.107703
1.24 -0.12118
1.25 -0.142836
1.26 -0.168158
1.27 -0.182697
1.28 -0.186902
1.29 -0.186142
1.3 -0.190218
1.31 -0.192824
1.32 -0.18701
1.33 -0.175989
1.34 -0.173732
1.35 -0.172175
1.36 -0.168504
1.37 -0.159909
1.38 -0.150605
1.39 -0.146879
1.4 -0.142215
1.41 -0.133969
1.42 -0.127211
1.43 -0.132852
1.44 -0.13997
1.45 -0.151991
1.46 -0.161416
1.47 -0.170489
1.48 -0.181443
1.49 -0.192344
1.5 -0.189654
1.51 -0.185855
1.52 -0.187364
1.53 -0.183412
1.54 -0.172106
1.55 -0.168084
1.56 -0.181321
1.57 -0.198047
1.58 -0.205514
1.59 -0.214422
1.6 -0.232661
1.61 -0.258137
1.62 -0.264927
1.63 -0.260726
1.64 -0.255729
1.65 -0.25871
1.66 -0.255857
1.67 -0.233378
1.68 -0.213787
1.69 -0.207755
1.7 -0.195511
1.71 -0.177794
1.72 -0.1632
1.73 -0.144031
1.74 -0.125368
1.75 -0.113819
1.76 -0.0979634
1.77 -0.081298
1.78 -0.0695184
1.79 -0.0585275
1.8 -0.0577986
1.81 -0.0619708
1.82 -0.0516043
1.83 -0.0439286
1.84 -0.0498966
1.85 -0.048022
1.86 -0.0377057
1.87 -0.0298271
1.88 -0.020654
1.89 -0.0211231
1.9 -0.0265343
1.91 -0.0174001
1.92 -0.0132103
1.93 -0.0223166
1.94 -0.0168673
1.95 0.00241282
1.96 0.027505
1.97 0.0473847
1.98 0.0802351
1.99 0.119995
2 0.151538
2.01 0.180081
2.02 0.205036
2.03 0.220236
2.04 0.235182
2.05 0.251858
2.06 0.264586
2.07 0.277195
2.08 0.287385
2.09 0.300896
2.1 0.303783
2.11 0.29079
2.12 0.269571
2.13 0.234844
2.14 0.197919
2.15 0.151503
2.16 0.107278
2.17 0.0695095
2.18 0.0488227
2.19 0.0458154
2.2 0.0659999
2.21 0.0926848
2.22 0.128472
2.23 0.168793
2.24 0.212031
2.25 0.251582
2.26 0.2804
2.27 0.302791
2.28 0.331162
2.29 0.358815
2.3 0.371527
2.31 0.3673
2.32 0.365968
2.33 0.363222
2.34 0.356952
2.35 0.335021
2.36 0.311289
2.37 0.301211
2.38 0.294578
2.39 0.285142
2.4 0.276325
2.41 0.266617
2.42 0.262568
2.43 0.263277
2.44 0.256743
2.45 0.24711
2.46 0.23433
2.47 0.229161
2.48 0.228201
2.49 0.218726
2.5 0.20421
2.51 0.184061
2.52 0.165979
2.53 0.144898
2.54 0.112599
2.55 0.0698102
2.56 0.0259648
2.57 -0.00762666
2.58 -0.0274416
2.59 -0.0399925
2.6 -0.0452567
2.61 -0.0276915
2.62 0.0173576
2.63 0.0713716
2.64 0.12116
2.65 0.16934
2.66 0.219213
2.67 0.263681
2.68 0.285352
2.69 0.288445
2.7 0.278093
2.71 0.26582
2.72 0.249453
2.73 0.224845
2.74 0.190117
2.75 0.163037
2.76 0.143301
2.77 0.130609
2.78 0.121282
2.79 0.114787
2.8 0.111939
2.81 0.108658
2.82 0.108899
2.83 0.104706
2.84 0.0962781
2.85 0.0877497
2.86 0.0785743
2.87 0.0695655
2.88 0.0582453
2.89 0.0455806
2.9 0.037788
2.91 0.0356174
2.92 0.0324898
2.93 0.0276515
2.94 0.0292671
2.95 0.0372548
2.96 0.0396645
2.97 0.0451533
2.98 0.0540415
2.99 0.0650209
3 0.0731665
3.01 0.0740148
3.02 0.0761058
3.03 0.0731388
3.04 0.0577756
3.05 0.0439104
3.06 0.0345014
3.07 0.0194955
3.08 0.0116997
3.09 0.0192821
3.1 0.0282368
3.11 0.0432734
3.12 0.0666773
3.13 0.0998065
3.14 0.117223
3.15 0.124882
3.16 0.130759
3.17 0.115527
3.18 0.08406
3.19 0.0448937
3.2 -0.00534727
3.21 -0.0512707
3.22 -0.0931502
3.23 -0.142305
3.24 -0.173622
3.25 -0.179048
3.26 -0.188519
3.27 -0.198981
3.28 -0.190569
3.29 -0.17757
3.3 -0.172131
3.31 -0.175224
3.32 -0.186172
3.33 -0.191505
3.34 -0.196109
3.35 -0.217777
3.36 -0.237178
3.37 -0.243167
3.38 -0.25395
3.39 -0.266392
3.4 -0.273997
3.41 -0.285814
3.42 -0.294702
3.43 -0.299286
3.44 -0.305024
3.45 -0.301329
3.46 -0.289749
3.47 -0.279868
3.48 -0.260712
3.49 -0.237473
3.5 -0.227443
3.51 -0.226363
3.52 -0.233957
3.53 -0.255307
3.54 -0.294258
3.55 -0.34102
3.56 -0.392127
3.57 -0.440339
3.58 -0.479032
3.59 -0.501591
3.6 -0.503494
3.61 -0.487922
3.62 -0.456535
3.63 -0.414608
3.64 -0.361966
3.65 -0.311636
3.66 -0.273027
3.67 -0.255493
3.68 -0.240675
3.69 -0.237103
3.7 -0.248004
3.71 -0.273722
3.72 -0.298339
3.73 -0.304741
3.74 -0.308451
3.75 -0.316711
3.76 -0.309549
3.77 -0.294117
3.78 -0.281496
3.79 -0.259963
3.8 -0.242102
3.81 -0.241269
3.82 -0.236888
3.83 -0.228488
3.84 -0.223815
3.85 -0.215185
3.86 -0.210634
3.87 -0.20167
3.88 -0.166037
3.89 -0.130186
3.9 -0.109112
3.91 -0.0785344
3.92 -0.0478009
3.93 -0.0272269
3.94 -0.00638765
3.95 -0.00577499
3.96 -0.0244019
3.97 -0.0291067
3.98 -0.0333216
3.99 -0.0498984
4 -0.0550879
4.01 -0.0522242
4.02 -0.0405992
4.03 -0.0052729
4.04 0.0298028
4.05 0.063003
4.06 0.0916959
4.07 0.132425
4.08 0.166013
4.09 0.183105
4.1 0.199752
4.11 0.210717
4.12 0.216701
4.13 0.228016
4.14 0.235626
4.15 0.23843
4.16 0.245545
4.17 0.253825
4.18 0.272883
4.19 0.29414
4.2 0.31378
4.21 0.338938
4.22 0.37782
4.23 0.422007
4.24 0.459288
4.25 0.483711
4.26 0.504238
4.27 0.515127
4.28 0.503097
4.29 0.475387
4.3 0.438198
4.31 0.391969
4.32 0.348259
4.33 0.311999
4.34 0.2812
4.35 0.264507
4.36 0.255143
4.37 0.257503
4.38 0.268064
4.39 0.274331
4.4 0.276779
4.41 0.268564
4.42 0.246763
4.43 0.219002
4.44 0.185194
4.45 0.143107
4.46 0.0962451
4.47 0.0565568
4.48 0.0362278
4.49 0.0326295
4.5 0.0341629
4.51 0.0427189
4.52 0.0691619
4.53 0.105489
4.54 0.13188
4.55 0.141418
4.56 0.143471
4.57 0.146129
4.58 0.145032
4.59 0.136394
4.6 0.13089
4.61 0.132758
4.62 0.148847
4.63 0.174531
4.64 0.199124
4.65 0.222859
4.66 0.242308
4.67 0.243874
4.68 0.235086
4.69 0.220585
4.7 0.188376
4.71 0.15096
4.72 0.124403
4.73 0.100481
4.74 0.0882405
4.75 0.0879373
4.76 0.0803208
4.77 0.078041
4.78 0.0890468
4.79 0.0891958
4.8 0.0810503
4.81 0.0709514
4.82 0.0513886
4.83 0.0416034
4.84 0.0426535
4.85 0.0257819
4.86 0.00343175
4.87 -0.00946651
4.88 -0.0249414
4.89 -0.0393769
4.9 -0.0635119
4.91 -0.116717
4.92 -0.160706
4.93 -0.164876
4.94 -0.174761
4.95 -0.211079
4.96 -0.226158
4.97 -0.196592
4.98 -0.157841
4.99 -0.146368
5 -0.15115
5.01 -0.140414
5.02 -0.132765
5.03 -0.144876
5.04 -0.182544
5.05 -0.224193
5.06 -0.256196
5.07 -0.282649
5.08 -0.300128
5.09 -0.319109
5.1 -0.32917
5.11 -0.32229
5.12 -0.304978
5.13 -0.292651
5.14 -0.291081
5.15 -0.297421
5.16 -0.307977
5.17 -0.323061
5.18 -0.340676
5.19 -0.366628
5.2 -0.394417
5.21 -0.405871
5.22 -0.403332
5.23 -0.394845
5.24 -0.372792
5.25 -0.343208
5.26 -0.309161
5.27 -0.263866
5.28 -0.222478
5.29 -0.194051
5.3 -0.166311
5.31 -0.145682
5.32 -0.130324
5.33 -0.125044
5.34 -0.117627
5.35 -0.11835
5.36 -0.129233
5.37 -0.130819
5.38 -0.131904
5.39 -0.142187
5.4 -0.149721
5.41 -0.160944
5.42 -0.172623
5.43 -0.165855
5.44 -0.158288
5.45 -0.161201
5.46 -0.15469
5.47 -0.139367
5.48 -0.117807
5.49 -0.0883028
5.5 -0.0730136
5.51 -0.0739225
5.52 -0.0587186
5.53 -0.017499